Date,Open,High,Low,Close,Adj Close,Volume
1972-06-01,0.000000,21.125000,20.750000,20.875000,1.283997,42000
1972-06-02,20.875000,21.125000,20.750000,21.000000,1.291686,17600
1972-06-05,21.000000,21.250000,20.875000,20.875000,1.283997,13200
1972-06-06,20.750000,20.750000,20.500000,20.625000,1.284932,15700
1972-06-07,20.625000,20.750000,20.625000,20.625000,1.284932,5000
1972-06-08,20.625000,20.875000,20.375000,20.375000,1.269356,32900
1972-06-09,20.375000,20.500000,20.250000,20.250000,1.261568,18500
1972-06-12,20.250000,20.625000,20.250000,20.500000,1.277144,10600
1972-06-13,20.500000,20.500000,20.000000,20.250000,1.261568,38400
1972-06-14,20.125000,20.125000,19.750000,19.750000,1.230420,126800
1972-06-15,19.750000,19.875000,19.750000,19.875000,1.238206,14100
1972-06-16,19.875000,19.875000,19.625000,19.875000,1.238206,9000
1972-06-19,19.875000,20.000000,19.750000,19.875000,1.238206,8500
1972-06-20,19.875000,19.875000,19.625000,19.625000,1.222631,40600
1972-06-21,19.625000,19.875000,19.375000,19.375000,1.207056,57000
1972-06-22,19.375000,19.625000,19.375000,19.625000,1.222631,23700
1972-06-23,19.625000,19.625000,19.375000,19.625000,1.222631,53000
1972-06-26,19.625000,19.750000,19.375000,19.500000,1.214843,14400
1972-06-27,19.500000,19.500000,19.375000,19.500000,1.214843,14200
1972-06-28,19.500000,19.875000,19.375000,19.875000,1.238206,21000
1972-06-29,19.875000,20.000000,19.625000,19.875000,1.238206,13300
1972-06-30,19.875000,20.375000,19.875000,20.250000,1.261568,47100
1972-07-03,20.250000,20.500000,20.000000,20.250000,1.261568,7300
1972-07-05,20.500000,21.000000,20.500000,20.875000,1.300506,22400
1972-07-06,20.875000,21.375000,20.875000,21.375000,1.331656,15300
1972-07-07,21.375000,21.625000,21.250000,21.625000,1.347231,23900
1972-07-10,21.625000,21.875000,21.375000,21.750000,1.355018,25600
1972-07-11,21.500000,21.500000,21.125000,21.125000,1.316081,14400
1972-07-12,21.125000,21.625000,21.125000,21.375000,1.331656,4800
1972-07-13,21.375000,21.625000,21.125000,21.125000,1.316081,6000
1972-07-14,21.125000,21.500000,21.000000,21.250000,1.323869,10600
1972-07-17,21.250000,21.375000,21.000000,21.125000,1.316081,12300
1972-07-18,20.875000,20.875000,20.625000,20.625000,1.284932,4400
1972-07-19,20.625000,20.750000,20.500000,20.500000,1.277144,9300
1972-07-20,20.500000,20.750000,20.500000,20.625000,1.284932,7500
1972-07-21,20.625000,20.875000,20.500000,20.875000,1.300506,5500
1972-07-24,20.875000,21.000000,20.625000,20.875000,1.300506,12600
1972-07-25,20.875000,21.125000,20.500000,20.750000,1.292719,67600
1972-07-26,20.750000,21.000000,20.625000,20.625000,1.284932,13800
1972-07-27,20.625000,20.750000,20.375000,20.375000,1.269356,9900
1972-07-28,20.625000,20.750000,20.625000,20.625000,1.284932,14300
1972-07-31,20.625000,20.625000,20.250000,20.375000,1.269356,2800
1972-08-01,20.375000,20.375000,20.250000,20.375000,1.269356,9000
1972-08-02,20.375000,20.750000,20.250000,20.250000,1.261568,32100
1972-08-03,20.250000,20.375000,20.000000,20.000000,1.245993,10700
1972-08-04,20.000000,20.125000,20.000000,20.000000,1.245993,10500
1972-08-07,20.000000,20.125000,19.625000,19.625000,1.222631,87100
1972-08-08,19.625000,19.750000,19.500000,19.750000,1.230420,40600
1972-08-09,19.750000,19.875000,19.500000,19.625000,1.222631,17100
1972-08-10,19.625000,19.750000,19.375000,19.625000,1.222631,17200
1972-08-11,19.625000,19.875000,19.625000,19.750000,1.230420,19600
1972-08-14,19.750000,19.875000,19.625000,19.875000,1.238206,11200
1972-08-15,19.875000,20.000000,19.875000,19.875000,1.238206,25100
1972-08-16,19.875000,20.000000,19.875000,20.000000,1.245993,37800
1972-08-17,20.000000,20.250000,20.000000,20.125000,1.253782,17500
1972-08-18,20.125000,20.875000,20.125000,20.750000,1.292719,51800
1972-08-21,21.000000,21.375000,21.000000,21.250000,1.323869,12800
1972-08-22,21.375000,21.875000,21.375000,21.625000,1.347231,40400
1972-08-23,21.750000,22.000000,21.750000,21.750000,1.355018,17600
1972-08-24,21.875000,22.750000,21.875000,22.500000,1.401743,64400
1972-08-25,22.500000,22.750000,22.250000,22.375000,1.393955,18500
1972-08-28,22.375000,22.625000,22.250000,22.500000,1.401743,28300
1972-08-29,22.500000,22.500000,22.375000,22.500000,1.401743,7700
1972-08-30,22.625000,22.875000,22.625000,22.750000,1.417318,19500
1972-08-31,22.750000,22.750000,22.375000,22.375000,1.393955,12100
1972-09-01,22.375000,22.500000,22.125000,22.375000,1.393955,6600
1972-09-05,22.375000,22.375000,22.000000,22.000000,1.370594,19800
1972-09-06,22.000000,22.375000,22.000000,22.125000,1.378382,8200
1972-09-07,22.125000,22.125000,22.000000,22.000000,1.370594,12700
1972-09-08,22.000000,22.000000,21.750000,22.000000,1.387304,9400
1972-09-11,22.000000,22.000000,21.500000,21.500000,1.355775,19600
1972-09-12,21.500000,22.000000,21.500000,21.875000,1.379422,15900
1972-09-13,21.875000,22.125000,21.875000,22.000000,1.387304,32500
1972-09-14,22.000000,22.250000,22.000000,22.125000,1.395187,3600
1972-09-15,22.125000,22.250000,22.000000,22.250000,1.403069,6400
1972-09-18,22.250000,22.250000,22.125000,22.125000,1.395187,13000
1972-09-19,22.125000,22.250000,21.875000,21.875000,1.379422,8100
1972-09-20,21.875000,22.125000,21.875000,22.000000,1.387304,2400
1972-09-21,22.000000,22.125000,21.625000,21.625000,1.363657,8600
1972-09-22,21.625000,21.875000,21.500000,21.500000,1.355775,10200
1972-09-25,21.500000,21.625000,21.375000,21.500000,1.355775,11800
1972-09-26,21.500000,21.625000,21.250000,21.375000,1.347892,122300
1972-09-27,21.375000,22.000000,21.375000,21.875000,1.379422,9600
1972-09-28,21.875000,22.125000,21.875000,22.000000,1.387304,8700
1972-09-29,22.125000,22.500000,22.125000,22.125000,1.395187,22700
1972-10-02,22.125000,22.250000,21.875000,21.875000,1.379422,6700
1972-10-03,22.000000,22.250000,22.000000,22.000000,1.387304,17800
1972-10-04,22.125000,22.375000,22.125000,22.375000,1.410951,25800
1972-10-05,22.375000,22.500000,22.125000,22.125000,1.395187,15500
1972-10-06,22.125000,22.625000,22.125000,22.500000,1.418834,22300
1972-10-09,22.625000,22.875000,22.625000,22.750000,1.434599,6900
1972-10-10,22.750000,22.875000,22.625000,22.750000,1.434599,5400
1972-10-11,22.750000,22.750000,22.625000,22.625000,1.426716,2900
1972-10-12,22.625000,22.875000,22.500000,22.750000,1.434599,11900
1972-10-13,22.750000,22.750000,22.500000,22.625000,1.426716,10200
1972-10-16,22.625000,23.000000,22.500000,22.750000,1.434599,60700
1972-10-17,22.750000,23.000000,22.750000,22.750000,1.434599,32600
1972-10-18,22.875000,23.125000,22.875000,23.000000,1.450363,27800
1972-10-19,23.000000,23.375000,23.000000,23.250000,1.466128,11400
1972-10-20,23.250000,23.375000,23.250000,23.250000,1.466128,6000
1972-10-23,23.375000,23.750000,23.375000,23.750000,1.497658,10300
1972-10-24,23.750000,23.750000,23.500000,23.750000,1.497658,11200
1972-10-25,23.750000,23.875000,23.625000,23.625000,1.489775,11800
1972-10-26,23.625000,24.375000,23.500000,24.000000,1.513422,37200
1972-10-27,24.000000,24.750000,24.000000,24.750000,1.560717,17700
1972-10-30,24.750000,24.750000,24.500000,24.750000,1.560717,17300
1972-10-31,24.750000,25.125000,24.625000,25.125000,1.584363,35000
1972-11-01,25.250000,25.625000,25.250000,25.500000,1.608012,27700
1972-11-02,25.500000,25.625000,25.125000,25.125000,1.584363,36700
1972-11-03,25.125000,26.375000,25.000000,26.250000,1.655307,44700
1972-11-06,26.375000,26.625000,26.375000,26.375000,1.663190,36000
1972-11-08,26.375000,26.500000,26.125000,26.500000,1.671071,17800
1972-11-09,26.500000,27.000000,26.500000,27.000000,1.702601,28800
1972-11-10,27.000000,27.125000,26.875000,27.000000,1.702601,31900
1972-11-13,27.000000,27.125000,27.000000,27.000000,1.702601,29900
1972-11-14,27.000000,27.000000,26.750000,26.875000,1.694719,8000
1972-11-15,26.875000,27.250000,26.875000,26.875000,1.694719,28500
1972-11-16,26.875000,27.250000,26.750000,26.750000,1.686836,10800
1972-11-17,26.750000,27.875000,26.625000,27.875000,1.757778,12100
1972-11-20,28.000000,28.500000,28.000000,28.125000,1.773543,15700
1972-11-21,28.125000,28.125000,27.625000,27.625000,1.742012,19000
1972-11-22,27.625000,27.875000,27.500000,27.875000,1.757778,80200
1972-11-24,28.000000,28.750000,28.000000,28.750000,1.812954,26900
1972-11-27,28.500000,28.500000,28.000000,28.000000,1.765659,18700
1972-11-28,28.000000,28.125000,27.750000,27.875000,1.757778,25700
1972-11-29,27.875000,27.875000,27.375000,27.375000,1.726248,12800
1972-11-30,27.375000,27.625000,27.250000,27.375000,1.726248,10100
1972-12-01,27.500000,28.125000,27.500000,28.000000,1.765659,26900
1972-12-04,28.000000,28.000000,27.875000,27.875000,1.757778,12100
1972-12-05,27.875000,28.000000,27.625000,27.625000,1.742012,17900
1972-12-06,27.625000,27.750000,27.000000,27.000000,1.702601,6600
1972-12-07,27.000000,27.000000,26.625000,26.875000,1.694719,4400
1972-12-08,26.750000,26.750000,26.250000,26.375000,1.680382,9700
1972-12-11,26.375000,26.375000,26.000000,26.000000,1.656492,7400
1972-12-12,26.000000,26.375000,25.625000,26.000000,1.656492,8100
1972-12-13,26.000000,26.500000,26.000000,26.500000,1.688347,12700
1972-12-14,26.500000,26.750000,26.375000,26.500000,1.688347,11100
1972-12-15,26.500000,26.875000,26.375000,26.625000,1.696312,6100
1972-12-18,26.625000,26.750000,26.625000,26.625000,1.696312,26600
1972-12-19,26.625000,26.875000,26.625000,26.625000,1.696312,21200
1972-12-20,26.625000,26.750000,26.625000,26.625000,1.696312,3500
1972-12-21,26.750000,27.000000,26.750000,26.750000,1.704275,37100
1972-12-22,26.750000,27.000000,26.750000,27.000000,1.720203,9200
1972-12-26,27.000000,27.000000,26.750000,26.875000,1.712239,3800
1972-12-27,26.750000,26.750000,26.625000,26.625000,1.696312,4100
1972-12-29,26.625000,27.000000,26.625000,26.750000,1.704275,28400
1973-01-02,26.750000,27.000000,26.750000,26.750000,1.704275,14400
1973-01-03,26.750000,27.000000,26.750000,27.000000,1.720203,53700
1973-01-04,27.000000,27.000000,26.875000,26.875000,1.712239,4800
1973-01-05,27.000000,27.250000,27.000000,27.000000,1.720203,105300
1973-01-08,27.000000,27.000000,26.750000,26.875000,1.712239,38700
1973-01-09,26.875000,27.000000,26.750000,26.875000,1.712239,15100
1973-01-10,26.875000,27.125000,26.750000,26.750000,1.704275,10700
1973-01-11,27.000000,27.500000,27.000000,27.125000,1.728167,10800
1973-01-12,27.125000,27.125000,26.875000,26.875000,1.712239,40300
1973-01-15,26.875000,27.250000,26.375000,26.500000,1.688347,12200
1973-01-16,26.375000,26.375000,25.750000,26.000000,1.656492,161100
1973-01-17,26.000000,26.000000,25.750000,25.875000,1.648527,7400
1973-01-18,25.875000,25.875000,25.375000,25.375000,1.616672,14200
1973-01-19,25.375000,25.375000,24.125000,24.125000,1.537033,36300
1973-01-22,24.000000,24.000000,23.750000,24.000000,1.529069,7100
1973-01-23,24.000000,24.125000,23.500000,23.500000,1.497213,30500
1973-01-24,23.500000,23.750000,23.000000,23.000000,1.465358,11200
1973-01-26,23.000000,23.250000,22.625000,23.250000,1.481286,22500
1973-01-29,23.250000,23.250000,23.000000,23.250000,1.481286,7500
1973-01-30,23.250000,23.750000,23.125000,23.750000,1.513141,9400
1973-01-31,23.750000,23.750000,23.625000,23.750000,1.513141,14900
1973-02-01,23.750000,24.250000,23.625000,24.125000,1.537033,105500
1973-02-02,24.125000,24.250000,24.000000,24.125000,1.537033,13500
1973-02-05,24.250000,24.625000,24.250000,24.500000,1.560925,9200
1973-02-06,24.500000,24.625000,24.375000,24.500000,1.560925,9100
1973-02-07,24.625000,25.750000,24.625000,25.125000,1.600744,23600
1973-02-08,25.000000,25.000000,24.500000,24.625000,1.568888,40300
1973-02-09,24.625000,24.875000,24.250000,24.250000,1.544997,28000
1973-02-12,24.250000,24.375000,24.000000,24.000000,1.529069,13200
1973-02-13,24.000000,24.375000,23.875000,24.000000,1.529069,16100
1973-02-14,24.000000,24.250000,23.875000,24.125000,1.537033,11600
1973-02-15,24.125000,24.500000,24.125000,24.250000,1.544997,18100
1973-02-16,24.250000,24.500000,24.125000,24.375000,1.552961,8700
1973-02-20,24.375000,24.500000,24.125000,24.125000,1.537033,54300
1973-02-21,24.125000,24.375000,24.000000,24.000000,1.529069,12100
1973-02-22,24.000000,24.000000,23.875000,24.000000,1.529069,9100
1973-02-23,23.875000,23.875000,23.625000,23.625000,1.505176,9900
1973-02-26,23.625000,23.750000,23.375000,23.750000,1.513141,8300
1973-02-27,23.750000,23.750000,23.500000,23.500000,1.497213,5100
1973-02-28,23.500000,23.750000,23.500000,23.625000,1.505176,22600
1973-03-01,23.625000,23.750000,23.500000,23.625000,1.505176,13400
1973-03-02,23.500000,23.500000,23.125000,23.125000,1.473321,13600
1973-03-05,23.125000,23.375000,23.125000,23.125000,1.473321,5400
1973-03-06,23.125000,23.125000,22.875000,22.875000,1.474934,6500
1973-03-07,22.875000,23.125000,22.750000,22.750000,1.466874,23800
1973-03-08,22.750000,22.750000,22.375000,22.375000,1.442694,61400
1973-03-09,22.375000,22.500000,22.250000,22.500000,1.450755,7800
1973-03-12,22.500000,22.625000,22.375000,22.375000,1.442694,3200
1973-03-13,22.375000,22.500000,22.250000,22.375000,1.442694,3000
1973-03-14,22.375000,22.375000,22.250000,22.250000,1.434635,1800
1973-03-15,22.250000,22.375000,22.250000,22.250000,1.434635,19400
1973-03-16,22.250000,22.375000,22.250000,22.250000,1.434635,8000
1973-03-19,22.250000,22.250000,22.250000,22.250000,1.434635,11000
1973-03-20,22.250000,22.250000,22.250000,22.250000,1.434635,8700
1973-03-21,22.250000,22.250000,20.250000,21.125000,1.362096,134400
1973-03-22,21.125000,21.250000,20.750000,20.875000,1.345977,36300
1973-03-23,20.875000,21.125000,20.750000,20.875000,1.345977,29400
1973-03-26,20.875000,21.125000,20.750000,20.750000,1.337918,20300
1973-03-27,21.000000,21.500000,21.000000,21.375000,1.378217,36400
1973-03-28,21.375000,21.500000,21.250000,21.375000,1.378217,6900
1973-03-29,21.375000,21.625000,21.250000,21.625000,1.394336,28100
1973-03-30,21.625000,21.625000,21.500000,21.500000,1.386276,4700
1973-04-02,21.625000,21.750000,21.625000,21.625000,1.394336,9300
1973-04-03,21.625000,21.750000,21.500000,21.500000,1.386276,23200
1973-04-04,21.500000,21.625000,21.375000,21.625000,1.394336,29700
1973-04-05,21.625000,21.625000,21.500000,21.500000,1.386276,43700
1973-04-06,21.500000,21.625000,21.500000,21.500000,1.386276,6800
1973-04-09,21.625000,22.000000,21.625000,22.000000,1.418516,33900
1973-04-10,22.000000,22.125000,21.875000,22.000000,1.418516,46600
1973-04-11,22.000000,22.000000,21.875000,21.875000,1.410456,8400
1973-04-12,21.875000,22.000000,21.875000,22.000000,1.418516,10700
1973-04-13,22.000000,22.125000,21.875000,22.125000,1.426575,30700
1973-04-16,22.125000,22.375000,22.000000,22.000000,1.418516,20500
1973-04-17,22.000000,22.250000,22.000000,22.250000,1.434635,5400
1973-04-18,22.250000,22.250000,21.875000,22.000000,1.418516,20500
1973-04-19,22.000000,22.000000,21.750000,22.000000,1.418516,10800
1973-04-23,22.000000,22.250000,21.875000,22.000000,1.418516,55200
1973-04-24,22.000000,22.125000,21.875000,22.000000,1.418516,6600
1973-04-25,22.000000,22.125000,22.000000,22.000000,1.418516,16700
1973-04-26,22.000000,22.125000,22.000000,22.000000,1.418516,20200
1973-04-27,22.000000,22.250000,21.750000,21.750000,1.402396,45900
1973-04-30,21.750000,21.875000,21.500000,21.750000,1.402396,25000
1973-05-01,21.750000,21.875000,21.625000,21.625000,1.394336,7300
1973-05-02,21.750000,22.375000,21.750000,22.375000,1.442694,22000
1973-05-03,22.375000,22.625000,22.250000,22.625000,1.458814,21400
1973-05-04,22.625000,23.625000,22.625000,23.500000,1.515232,46700
1973-05-07,23.500000,23.750000,23.375000,23.375000,1.507172,11500
1973-05-08,23.375000,23.875000,23.375000,23.750000,1.531351,6500
1973-05-09,23.750000,24.375000,23.750000,24.125000,1.555530,23400
1973-05-10,24.250000,24.375000,24.250000,24.375000,1.571651,4900
1973-05-11,24.250000,24.250000,24.000000,24.000000,1.547472,17500
1973-05-14,24.000000,24.125000,23.750000,24.000000,1.547472,12400
1973-05-15,24.000000,24.250000,23.875000,24.125000,1.555530,29400
1973-05-16,24.125000,24.250000,23.750000,24.250000,1.563591,12300
1973-05-17,24.250000,24.375000,23.875000,23.875000,1.539412,43100
1973-05-18,23.875000,24.000000,23.750000,23.875000,1.539412,8100
1973-05-21,23.750000,23.750000,23.625000,23.625000,1.523292,1700
1973-05-22,23.625000,23.875000,23.625000,23.625000,1.523292,19200
1973-05-23,23.750000,24.250000,23.750000,24.000000,1.547472,35300
1973-05-24,24.000000,24.125000,24.000000,24.000000,1.547472,15500
1973-05-25,24.000000,24.000000,23.875000,24.000000,1.547472,11900
1973-05-29,24.000000,24.000000,23.750000,23.875000,1.539412,5100
1973-05-30,24.000000,24.250000,24.000000,24.000000,1.547472,12800
1973-05-31,24.000000,24.250000,23.875000,24.250000,1.563591,13500
1973-06-01,24.000000,24.000000,23.875000,24.000000,1.547472,12500
1973-06-04,24.000000,24.000000,23.875000,24.000000,1.547472,14000
1973-06-05,24.000000,24.000000,23.750000,24.000000,1.547472,12000
1973-06-06,23.625000,23.875000,23.625000,23.875000,1.557255,4000
1973-06-07,23.875000,23.875000,23.625000,23.625000,1.540948,11400
1973-06-08,23.625000,23.875000,23.625000,23.750000,1.549102,17100
1973-06-11,23.750000,24.000000,23.750000,23.875000,1.557255,11000
1973-06-12,23.875000,24.125000,23.875000,24.000000,1.565408,70300
1973-06-13,24.000000,24.125000,23.750000,23.875000,1.557255,5600
1973-06-14,23.875000,23.875000,23.750000,23.875000,1.557255,5500
1973-06-15,23.875000,24.000000,23.750000,23.875000,1.557255,5800
1973-06-18,23.875000,24.000000,23.625000,23.625000,1.540948,7200
1973-06-19,23.625000,23.875000,23.625000,23.625000,1.540948,9900
1973-06-20,23.625000,23.750000,23.625000,23.625000,1.540948,6900
1973-06-21,23.625000,23.875000,23.500000,23.500000,1.532795,9600
1973-06-22,23.500000,23.625000,22.750000,22.875000,1.492029,12500
1973-06-25,22.750000,22.750000,22.125000,22.125000,1.443111,5800
1973-06-26,22.125000,22.250000,22.000000,22.000000,1.434958,16000
1973-06-27,22.125000,23.250000,22.125000,23.250000,1.516490,10500
1973-06-28,23.250000,23.625000,23.125000,23.625000,1.540948,7600
1973-06-29,23.625000,23.625000,23.375000,23.375000,1.524642,10300
1973-07-02,23.000000,23.000000,22.625000,22.875000,1.492029,7800
1973-07-03,22.875000,22.875000,22.625000,22.875000,1.492029,4800
1973-07-05,22.875000,23.125000,22.625000,23.125000,1.508336,45500
1973-07-06,23.125000,23.125000,22.875000,22.875000,1.492029,6600
1973-07-09,23.000000,23.500000,23.000000,23.500000,1.532795,11000
1973-07-10,23.500000,23.875000,23.375000,23.625000,1.540948,9800
1973-07-11,23.625000,23.875000,23.500000,23.625000,1.540948,12500
1973-07-12,23.625000,23.750000,23.125000,23.125000,1.508336,13900
1973-07-13,23.125000,23.250000,22.875000,22.875000,1.492029,8200
1973-07-16,22.875000,23.125000,22.625000,22.625000,1.475724,42700
1973-07-17,22.625000,22.750000,22.500000,22.750000,1.483876,5200
1973-07-18,22.750000,22.875000,22.625000,22.875000,1.492029,5000
1973-07-19,22.875000,23.250000,22.875000,22.875000,1.492029,7000
1973-07-20,22.875000,23.500000,22.875000,23.375000,1.524642,7100
1973-07-23,23.375000,23.750000,23.375000,23.750000,1.549102,31900
1973-07-24,23.750000,23.750000,23.125000,23.375000,1.524642,7500
1973-07-25,23.375000,23.500000,23.250000,23.250000,1.516490,3700
1973-07-26,23.250000,23.500000,23.250000,23.375000,1.524642,24200
1973-07-27,23.375000,23.625000,23.250000,23.500000,1.532795,10200
1973-07-30,23.500000,23.750000,23.250000,23.500000,1.532795,10200
1973-07-31,23.500000,23.500000,22.625000,22.750000,1.483876,11800
1973-08-01,22.750000,22.750000,22.500000,22.625000,1.475724,26300
1973-08-02,22.625000,22.625000,22.125000,22.125000,1.443111,4400
1973-08-03,22.125000,22.125000,21.875000,21.875000,1.426805,19700
1973-08-06,21.875000,22.125000,21.750000,22.000000,1.434958,5900
1973-08-07,22.125000,22.750000,22.125000,22.250000,1.451264,6600
1973-08-08,22.250000,22.250000,22.000000,22.000000,1.434958,10200
1973-08-09,22.000000,22.250000,22.000000,22.000000,1.434958,6700
1973-08-10,22.000000,22.000000,21.750000,22.000000,1.434958,6800
1973-08-13,21.750000,21.750000,21.500000,21.625000,1.410498,12300
1973-08-14,21.625000,21.875000,21.375000,21.375000,1.394192,23100
1973-08-15,21.375000,21.375000,21.125000,21.250000,1.386038,31800
1973-08-16,21.375000,21.625000,21.375000,21.500000,1.402346,9800
1973-08-17,21.625000,22.000000,21.625000,22.000000,1.434958,9600
1973-08-20,21.875000,21.875000,21.500000,21.625000,1.410498,4900
1973-08-21,21.625000,21.750000,21.625000,21.625000,1.410498,2300
1973-08-22,21.625000,22.000000,21.625000,21.750000,1.418650,11200
1973-08-23,21.750000,22.000000,21.750000,21.750000,1.418650,37500
1973-08-24,21.750000,21.875000,21.750000,21.875000,1.426805,9900
1973-08-27,21.875000,21.875000,21.750000,21.750000,1.418650,9400
1973-08-28,21.750000,22.125000,21.750000,21.875000,1.426805,8300
1973-08-29,22.000000,22.500000,22.000000,22.250000,1.451264,31900
1973-08-30,22.250000,22.375000,22.250000,22.375000,1.459417,8700
1973-08-31,22.375000,22.375000,22.375000,22.375000,1.459417,1900
1973-09-04,22.375000,23.250000,22.375000,23.000000,1.500183,22700
1973-09-05,23.000000,23.500000,22.875000,23.500000,1.532795,11200
1973-09-06,23.500000,24.750000,23.500000,24.750000,1.614327,30700
1973-09-07,24.500000,24.500000,24.000000,24.375000,1.589869,25600
1973-09-10,23.875000,24.000000,23.625000,23.625000,1.560150,17600
1973-09-11,23.625000,23.875000,23.125000,23.500000,1.551896,20300
1973-09-12,23.500000,23.500000,23.125000,23.250000,1.535387,17300
1973-09-13,23.125000,23.125000,22.750000,22.750000,1.502367,20300
1973-09-14,22.750000,22.875000,22.625000,22.750000,1.502367,3300
1973-09-17,22.750000,22.875000,22.500000,22.750000,1.502367,4900
1973-09-18,22.750000,22.875000,22.625000,22.750000,1.502367,28600
1973-09-19,22.750000,22.875000,22.500000,22.750000,1.502367,3600
1973-09-20,22.750000,22.875000,22.625000,22.875000,1.510622,72200
1973-09-21,22.875000,23.250000,22.500000,23.250000,1.535387,48700
1973-09-24,23.250000,23.750000,23.125000,23.750000,1.568405,32000
1973-09-25,23.750000,24.000000,23.750000,24.000000,1.584915,36500
1973-09-26,24.000000,24.125000,24.000000,24.125000,1.593171,23100
1973-09-27,24.125000,24.500000,23.875000,24.000000,1.584915,45300
1973-09-28,24.000000,24.000000,23.500000,23.500000,1.551896,11200
1973-10-01,23.500000,24.250000,23.500000,24.250000,1.601425,52400
1973-10-02,24.250000,24.250000,23.750000,23.750000,1.568405,23700
1973-10-03,23.750000,23.875000,23.375000,23.625000,1.560150,41500
1973-10-04,23.625000,23.750000,23.125000,23.125000,1.527131,62000
1973-10-05,23.125000,23.250000,22.750000,22.875000,1.510622,19100
1973-10-08,22.875000,22.875000,22.875000,22.875000,1.510622,10200
1973-10-09,22.875000,22.875000,22.625000,22.750000,1.502367,11900
1973-10-10,22.750000,22.750000,22.250000,22.250000,1.469348,32400
1973-10-11,22.375000,22.750000,22.375000,22.750000,1.502367,18300
1973-10-12,22.625000,22.625000,22.375000,22.375000,1.477603,7400
1973-10-15,22.375000,22.375000,22.000000,22.250000,1.469348,20800
1973-10-16,22.000000,22.000000,21.750000,21.875000,1.444585,23300
1973-10-17,21.875000,21.875000,21.375000,21.375000,1.411565,23400
1973-10-18,21.375000,21.625000,21.375000,21.375000,1.411565,13300
1973-10-19,21.500000,21.875000,21.500000,21.750000,1.436328,9200
1973-10-22,21.750000,21.875000,21.625000,21.750000,1.436328,7100
1973-10-23,21.625000,21.625000,21.500000,21.625000,1.428075,5600
1973-10-24,21.625000,21.750000,21.500000,21.750000,1.436328,11600
1973-10-25,21.750000,21.750000,21.250000,21.500000,1.419821,13200
1973-10-26,21.500000,21.625000,21.250000,21.500000,1.419821,16600
1973-10-29,21.500000,21.750000,21.000000,21.250000,1.403310,48600
1973-10-30,21.125000,21.125000,20.375000,20.500000,1.353781,53000
1973-10-31,20.500000,20.500000,20.250000,20.375000,1.345528,30700
1973-11-01,20.375000,20.375000,20.000000,20.000000,1.320762,18100
1973-11-02,19.875000,19.875000,19.250000,19.250000,1.271234,250300
1973-11-05,19.250000,19.375000,18.750000,19.000000,1.254725,59000
1973-11-06,19.000000,19.125000,18.875000,19.000000,1.254725,14300
1973-11-07,18.875000,18.875000,18.625000,18.750000,1.238215,307300
1973-11-08,18.750000,19.000000,18.625000,18.750000,1.238215,70000
1973-11-09,18.625000,18.625000,17.750000,17.750000,1.172177,58900
1973-11-12,17.750000,18.125000,17.750000,18.125000,1.196942,11500
1973-11-13,18.125000,18.125000,18.000000,18.000000,1.188686,43600
1973-11-14,18.000000,18.000000,17.750000,17.875000,1.180431,14800
1973-11-15,17.875000,18.250000,17.625000,18.125000,1.196942,60400
1973-11-16,18.125000,18.250000,17.875000,17.875000,1.180431,36400
1973-11-19,17.750000,17.750000,17.000000,17.000000,1.122648,20800
1973-11-20,16.750000,16.750000,16.250000,16.375000,1.081374,23100
1973-11-21,16.375000,17.000000,16.375000,16.750000,1.106139,40800
1973-11-23,16.750000,17.000000,16.625000,16.750000,1.106139,24600
1973-11-26,16.625000,16.625000,16.125000,16.250000,1.073119,22200
1973-11-27,16.250000,16.500000,16.000000,16.125000,1.064865,36700
1973-11-28,16.125000,16.500000,15.625000,15.875000,1.048355,50600
1973-11-29,15.625000,15.625000,15.125000,15.375000,1.015336,23900
1973-11-30,15.375000,15.625000,15.000000,15.375000,1.015336,56900
1973-12-03,15.375000,15.500000,14.500000,14.625000,0.965808,47300
1973-12-04,14.625000,14.875000,14.250000,14.500000,0.957553,69400
1973-12-05,14.500000,14.625000,14.125000,14.250000,0.941043,63900
1973-12-06,14.250000,14.625000,14.000000,14.625000,0.965808,160800
1973-12-07,14.625000,16.250000,14.625000,15.375000,1.015336,58200
1973-12-10,15.625000,16.375000,15.625000,16.375000,1.081374,54500
1973-12-11,16.875000,16.875000,16.000000,16.000000,1.076329,50100
1973-12-12,16.000000,16.000000,15.625000,15.625000,1.051103,34300
1973-12-13,15.625000,15.750000,15.125000,15.750000,1.059511,39900
1973-12-14,15.750000,16.250000,15.625000,16.000000,1.076329,26300
1973-12-17,16.000000,16.250000,15.750000,16.000000,1.076329,40200
1973-12-18,16.000000,16.500000,15.750000,16.250000,1.093147,63900
1973-12-19,16.250000,16.625000,16.125000,16.125000,1.084738,38300
1973-12-20,16.375000,16.750000,16.375000,16.625000,1.118373,15800
1973-12-21,16.750000,17.125000,16.750000,17.125000,1.152009,64100
1973-12-24,17.125000,17.125000,16.250000,16.875000,1.135191,15300
1973-12-26,17.000000,17.375000,17.000000,17.250000,1.160417,19400
1973-12-27,17.250000,17.875000,17.125000,17.125000,1.152009,18100
1973-12-28,17.125000,17.250000,16.500000,16.875000,1.135191,23200
1973-12-31,16.875000,17.125000,16.125000,16.875000,1.135191,25900
1974-01-02,17.000000,17.750000,17.000000,17.500000,1.177235,11600
1974-01-03,17.625000,18.000000,17.625000,17.625000,1.185643,10300
1974-01-04,17.625000,17.750000,17.000000,17.250000,1.160417,43000
1974-01-07,17.250000,17.625000,17.000000,17.125000,1.152009,30100
1974-01-08,17.000000,17.000000,16.750000,16.750000,1.126782,5600
1974-01-09,16.750000,16.750000,16.250000,16.500000,1.109964,15500
1974-01-10,16.500000,16.500000,16.125000,16.250000,1.093147,16300
1974-01-11,16.250000,16.250000,16.000000,16.125000,1.084738,16900
1974-01-14,16.125000,16.250000,15.500000,15.625000,1.051103,13200
1974-01-15,15.875000,16.375000,15.875000,16.375000,1.101555,16000
1974-01-16,16.375000,16.625000,16.000000,16.250000,1.093147,160700
1974-01-17,16.250000,16.375000,16.000000,16.000000,1.076329,17900
1974-01-18,16.000000,16.125000,15.750000,15.750000,1.059511,72800
1974-01-21,15.750000,16.250000,15.500000,16.250000,1.093147,37300
1974-01-22,16.250000,16.375000,16.125000,16.375000,1.101555,19700
1974-01-23,16.375000,16.375000,16.125000,16.250000,1.093147,26800
1974-01-24,16.250000,16.375000,16.000000,16.125000,1.084738,83000
1974-01-25,16.125000,16.125000,15.875000,16.125000,1.084738,10200
1974-01-28,16.125000,16.250000,15.875000,15.875000,1.067920,32100
1974-01-29,15.875000,16.125000,15.875000,16.000000,1.076329,9300
1974-01-30,16.000000,16.375000,16.000000,16.125000,1.084738,82300
1974-01-31,16.125000,16.250000,15.750000,16.000000,1.076329,72200
1974-02-01,16.000000,16.000000,15.500000,15.750000,1.059511,42100
1974-02-04,15.625000,15.625000,15.250000,15.250000,1.025876,32900
1974-02-05,15.250000,15.500000,15.250000,15.500000,1.042694,37900
1974-02-06,15.500000,15.500000,15.250000,15.500000,1.042694,46600
1974-02-07,15.500000,15.500000,15.250000,15.500000,1.042694,25000
1974-02-08,15.500000,15.500000,15.250000,15.500000,1.042694,32700
1974-02-11,15.500000,15.500000,15.250000,15.500000,1.042694,15600
1974-02-12,15.500000,15.500000,15.250000,15.500000,1.042694,25500
1974-02-13,15.500000,15.750000,15.375000,15.750000,1.059511,22000
1974-02-14,15.750000,15.750000,15.375000,15.750000,1.059511,15000
1974-02-15,15.750000,16.000000,15.625000,16.000000,1.076329,20800
1974-02-19,16.000000,16.250000,16.000000,16.125000,1.084738,10600
1974-02-20,16.125000,16.500000,16.125000,16.375000,1.101555,15900
1974-02-21,16.375000,16.375000,16.125000,16.250000,1.093147,71500
1974-02-22,16.250000,16.375000,15.500000,15.750000,1.059511,70900
1974-02-25,15.750000,15.875000,15.750000,15.875000,1.067920,38500
1974-02-26,15.875000,15.875000,15.750000,15.875000,1.067920,25300
1974-02-27,15.875000,15.875000,15.500000,15.625000,1.051103,161900
1974-02-28,15.625000,15.625000,15.375000,15.500000,1.042694,43300
1974-03-01,15.500000,15.500000,15.375000,15.500000,1.042694,32500
1974-03-04,15.500000,15.625000,15.375000,15.625000,1.051103,119600
1974-03-05,15.625000,15.750000,15.500000,15.750000,1.059511,193300
1974-03-06,15.750000,15.750000,15.625000,15.750000,1.059511,23000
1974-03-07,15.625000,15.625000,15.000000,15.000000,1.028651,127600
1974-03-08,15.000000,15.250000,15.000000,15.250000,1.045796,32400
1974-03-11,15.250000,15.375000,15.000000,15.375000,1.054368,47100
1974-03-12,15.375000,15.375000,15.125000,15.375000,1.054368,29600
1974-03-13,15.375000,15.500000,15.375000,15.500000,1.062940,19900
1974-03-14,15.500000,15.500000,15.125000,15.250000,1.045796,176800
1974-03-15,15.250000,15.375000,15.125000,15.375000,1.054368,19600
1974-03-18,15.125000,15.125000,15.000000,15.000000,1.028651,60700
1974-03-19,15.000000,15.250000,15.000000,15.250000,1.045796,31800
1974-03-20,15.250000,15.375000,15.250000,15.250000,1.045796,48600
1974-03-21,15.250000,15.500000,15.250000,15.500000,1.062940,40600
1974-03-22,15.375000,15.375000,15.250000,15.375000,1.054368,30000
1974-03-25,15.375000,15.625000,15.250000,15.625000,1.071513,20700
1974-03-26,15.625000,15.875000,15.500000,15.625000,1.071513,17300
1974-03-27,15.625000,15.875000,15.625000,15.625000,1.071513,28600
1974-03-28,15.500000,15.500000,15.250000,15.500000,1.062940,140600
1974-03-29,15.375000,15.375000,15.125000,15.250000,1.045796,47700
1974-04-01,15.250000,15.375000,15.000000,15.125000,1.037224,78200
1974-04-02,15.125000,15.125000,14.875000,15.125000,1.037224,38100
1974-04-03,15.125000,15.375000,15.125000,15.250000,1.045796,42100
1974-04-04,15.250000,15.375000,15.000000,15.250000,1.045796,23100
1974-04-05,15.250000,15.250000,15.000000,15.000000,1.028651,62300
1974-04-08,15.000000,15.125000,14.500000,14.750000,1.011507,40400
1974-04-09,14.750000,14.750000,14.625000,14.625000,1.002935,17600
1974-04-10,14.750000,14.875000,14.750000,14.875000,1.020080,9500
1974-04-11,14.875000,14.875000,14.625000,14.625000,1.002935,47300
1974-04-15,14.625000,14.625000,14.500000,14.500000,0.994364,15600
1974-04-16,14.500000,14.625000,14.375000,14.375000,0.985792,13600
1974-04-17,14.500000,14.750000,14.500000,14.750000,1.011507,9800
1974-04-18,14.750000,14.750000,14.625000,14.750000,1.011507,7800
1974-04-19,14.625000,14.625000,14.250000,14.250000,0.977219,67100
1974-04-22,14.250000,14.375000,14.250000,14.250000,0.977219,8200
1974-04-23,14.250000,14.250000,13.750000,13.750000,0.942930,25000
1974-04-24,13.750000,13.875000,13.625000,13.750000,0.942930,15000
1974-04-25,13.625000,13.625000,13.000000,13.250000,0.908642,46100
1974-04-26,13.250000,13.375000,13.125000,13.250000,0.908642,24000
1974-04-29,13.250000,13.375000,13.125000,13.125000,0.900071,21200
1974-04-30,13.125000,13.125000,13.000000,13.000000,0.891499,33700
1974-05-01,13.000000,13.250000,12.875000,13.125000,0.900071,50100
1974-05-02,13.125000,13.250000,13.000000,13.125000,0.900071,97800
1974-05-03,13.125000,13.125000,13.000000,13.125000,0.900071,38700
1974-05-06,13.125000,13.250000,13.000000,13.250000,0.908642,50000
1974-05-07,13.250000,13.500000,13.125000,13.500000,0.925787,81700
1974-05-08,13.500000,13.750000,13.250000,13.750000,0.942930,69700
1974-05-09,13.750000,13.750000,13.500000,13.625000,0.934359,19900
1974-05-10,13.625000,14.000000,13.625000,13.750000,0.942930,17100
1974-05-13,13.750000,13.875000,13.625000,13.750000,0.942930,10000
1974-05-14,13.625000,13.625000,13.500000,13.500000,0.925787,23700
1974-05-15,13.500000,13.500000,12.625000,12.750000,0.874354,35400
1974-05-16,13.000000,13.250000,13.000000,13.125000,0.900071,26400
1974-05-17,13.125000,13.250000,13.000000,13.125000,0.900071,39100
1974-05-20,13.125000,13.125000,12.750000,12.875000,0.882927,140400
1974-05-21,12.875000,12.875000,12.750000,12.875000,0.882927,13600
1974-05-22,12.875000,12.875000,12.125000,12.375000,0.848638,31400
1974-05-23,12.375000,12.500000,12.375000,12.500000,0.857210,13800
1974-05-24,12.500000,12.625000,12.250000,12.625000,0.865782,162800
1974-05-28,12.625000,12.875000,12.625000,12.875000,0.882927,20700
1974-05-29,12.875000,12.875000,12.750000,12.875000,0.882927,28500
1974-05-30,12.875000,12.875000,12.375000,12.500000,0.857210,67600
1974-05-31,12.500000,12.625000,12.500000,12.625000,0.865782,30900
1974-06-03,12.625000,12.875000,12.500000,12.750000,0.874354,24300
1974-06-04,12.875000,13.125000,12.875000,13.000000,0.891499,37600
1974-06-05,13.000000,13.000000,12.750000,13.000000,0.891499,32000
1974-06-06,12.625000,12.625000,12.500000,12.500000,0.877459,22300
1974-06-07,12.625000,12.750000,12.625000,12.750000,0.895008,26400
1974-06-10,12.750000,12.750000,12.625000,12.750000,0.895008,20600
1974-06-11,12.750000,12.750000,12.500000,12.625000,0.886234,77200
1974-06-12,12.500000,12.500000,12.125000,12.250000,0.859910,24900
1974-06-13,12.250000,12.500000,12.125000,12.500000,0.877459,17600
1974-06-14,12.250000,12.250000,12.000000,12.125000,0.851136,25400
1974-06-17,12.125000,12.250000,11.750000,11.875000,0.833586,61600
1974-06-18,11.875000,12.000000,11.750000,11.750000,0.824812,30700
1974-06-19,11.750000,12.000000,11.625000,12.000000,0.842361,16000
1974-06-20,12.000000,12.125000,11.750000,12.000000,0.842361,24800
1974-06-21,11.875000,11.875000,11.750000,11.750000,0.824812,45700
1974-06-24,11.750000,11.875000,11.625000,11.875000,0.833586,17200
1974-06-25,11.875000,12.000000,11.875000,12.000000,0.842361,25400
1974-06-26,12.000000,12.000000,11.750000,11.750000,0.824812,13400
1974-06-27,11.750000,11.750000,11.625000,11.750000,0.824812,15100
1974-06-28,11.750000,12.000000,11.500000,11.500000,0.807262,36000
1974-07-01,11.625000,12.250000,11.625000,12.000000,0.842361,38000
1974-07-02,12.125000,12.375000,12.125000,12.250000,0.859910,16500
1974-07-03,12.375000,12.750000,12.375000,12.750000,0.895008,24200
1974-07-05,12.750000,12.750000,12.375000,12.375000,0.868685,17100
1974-07-08,12.375000,12.625000,12.250000,12.375000,0.868685,31500
1974-07-09,12.375000,12.375000,12.125000,12.250000,0.859910,14000
1974-07-10,12.250000,12.375000,11.625000,11.625000,0.816037,81000
1974-07-11,11.625000,12.000000,11.625000,11.750000,0.824812,17200
1974-07-12,11.750000,12.125000,11.625000,12.000000,0.842361,40500
1974-07-15,11.875000,11.875000,11.750000,11.750000,0.824812,16200
1974-07-16,11.750000,11.875000,11.500000,11.750000,0.824812,138600
1974-07-17,11.750000,11.750000,11.500000,11.625000,0.816037,15300
1974-07-18,11.625000,11.625000,11.500000,11.500000,0.807262,24100
1974-07-19,11.500000,11.500000,11.375000,11.500000,0.807262,66600
1974-07-22,11.500000,11.500000,11.250000,11.250000,0.789713,17700
1974-07-23,11.250000,11.625000,11.250000,11.500000,0.807262,44600
1974-07-24,11.625000,11.875000,11.625000,11.875000,0.833586,73400
1974-07-25,11.875000,12.000000,11.750000,12.000000,0.842361,17700
1974-07-26,12.000000,12.125000,11.875000,12.125000,0.851136,12000
1974-07-29,12.125000,12.125000,11.875000,11.875000,0.833586,15100
1974-07-30,11.875000,11.875000,11.625000,11.750000,0.824812,17900
1974-07-31,11.750000,11.750000,11.625000,11.625000,0.816037,10800
1974-08-01,11.500000,11.500000,11.375000,11.500000,0.807262,22300
1974-08-02,11.500000,11.750000,11.375000,11.625000,0.816037,29500
1974-08-05,11.625000,12.125000,11.375000,11.750000,0.824812,34400
1974-08-06,11.750000,12.000000,11.500000,11.625000,0.816037,25300
1974-08-07,11.625000,11.750000,11.375000,11.750000,0.824812,21600
1974-08-08,11.875000,12.000000,11.875000,12.000000,0.842361,23700
1974-08-09,12.000000,12.000000,11.750000,11.875000,0.833586,20800
1974-08-12,11.875000,12.000000,11.875000,12.000000,0.842361,15700
1974-08-13,12.000000,12.125000,11.875000,12.000000,0.842361,21300
1974-08-14,12.000000,12.000000,11.375000,11.375000,0.798488,41200
1974-08-15,11.375000,11.625000,11.375000,11.500000,0.807262,15100
1974-08-16,11.500000,11.625000,11.250000,11.500000,0.807262,16900
1974-08-19,11.500000,11.500000,11.125000,11.375000,0.798488,15700
1974-08-20,11.375000,11.375000,10.750000,11.125000,0.780938,26600
1974-08-21,11.125000,11.250000,10.500000,10.500000,0.737065,22500
1974-08-22,10.500000,10.625000,10.125000,10.250000,0.719517,38000
1974-08-23,10.250000,10.375000,10.125000,10.250000,0.719517,43600
1974-08-26,10.375000,10.625000,10.375000,10.625000,0.745840,24700
1974-08-27,10.625000,10.625000,10.250000,10.500000,0.737065,45600
1974-08-28,10.500000,10.500000,10.000000,10.125000,0.710742,337000
1974-08-29,10.125000,10.125000,10.000000,10.000000,0.701967,26100
1974-08-30,10.000000,10.375000,10.000000,10.375000,0.728291,26900
1974-09-03,10.375000,10.500000,10.250000,10.250000,0.719517,22400
1974-09-04,10.250000,10.250000,10.125000,10.250000,0.719517,35700
1974-09-05,10.250000,10.250000,10.000000,10.000000,0.701967,50000
1974-09-06,10.000000,10.250000,10.000000,10.250000,0.719517,124600
1974-09-09,10.125000,10.125000,10.000000,10.000000,0.724224,19200
1974-09-10,10.000000,10.000000,9.500000,9.500000,0.688013,28400
1974-09-11,9.500000,9.625000,9.500000,9.500000,0.688013,26800
1974-09-12,9.500000,9.500000,9.375000,9.500000,0.688013,31000
1974-09-13,9.500000,9.500000,9.250000,9.250000,0.669907,21200
1974-09-16,9.250000,9.500000,9.125000,9.375000,0.678960,27000
1974-09-17,9.500000,9.750000,9.500000,9.750000,0.706118,27700
1974-09-18,9.750000,9.875000,9.625000,9.875000,0.715171,21900
1974-09-19,9.875000,9.875000,9.625000,9.875000,0.715171,59000
1974-09-20,9.875000,10.750000,9.875000,10.625000,0.769488,113200
1974-09-23,10.625000,10.625000,10.000000,10.250000,0.742329,42500
1974-09-24,10.000000,10.000000,9.750000,10.000000,0.724224,28900
1974-09-25,10.000000,10.375000,9.875000,10.125000,0.733277,69600
1974-09-26,10.125000,10.250000,10.000000,10.250000,0.742329,20400
1974-09-27,10.250000,10.375000,10.125000,10.375000,0.751382,16200
1974-09-30,10.375000,10.375000,10.000000,10.000000,0.724224,88100
1974-10-01,10.000000,10.125000,9.875000,10.125000,0.733277,26100
1974-10-02,10.125000,10.250000,9.875000,10.250000,0.742329,23200
1974-10-03,10.250000,10.250000,10.000000,10.125000,0.733277,97300
1974-10-04,10.125000,10.125000,10.000000,10.000000,0.724224,104400
1974-10-07,10.000000,10.625000,10.000000,10.625000,0.769488,25800
1974-10-08,10.625000,10.750000,10.500000,10.625000,0.769488,50800
1974-10-09,10.875000,11.625000,10.875000,11.500000,0.832857,28900
1974-10-10,11.625000,12.250000,11.625000,11.875000,0.860016,73300
1974-10-11,11.875000,12.250000,11.750000,12.000000,0.869068,40600
1974-10-14,12.125000,12.750000,12.125000,12.500000,0.905280,31600
1974-10-15,12.500000,12.875000,12.125000,12.625000,0.914333,37300
1974-10-16,12.625000,12.625000,12.375000,12.625000,0.914333,28200
1974-10-17,12.625000,12.875000,12.375000,12.750000,0.923385,64200
1974-10-18,12.750000,13.000000,12.750000,13.000000,0.941491,24600
1974-10-21,13.000000,13.000000,12.625000,12.625000,0.914333,22200
1974-10-22,12.625000,12.875000,12.625000,12.750000,0.923385,14300
1974-10-23,12.625000,12.625000,12.375000,12.375000,0.896228,22400
1974-10-24,12.375000,12.625000,12.250000,12.375000,0.896228,57300
1974-10-25,12.375000,12.750000,12.375000,12.500000,0.905280,25000
1974-10-28,12.500000,12.625000,12.250000,12.500000,0.905280,23600
1974-10-29,12.750000,13.000000,12.750000,13.000000,0.941491,11300
1974-10-30,13.000000,13.750000,12.750000,13.250000,0.959597,29800
1974-10-31,13.250000,13.500000,13.125000,13.375000,0.968650,36400
1974-11-01,13.375000,13.375000,13.125000,13.375000,0.968650,13200
1974-11-04,13.250000,13.250000,13.000000,13.125000,0.950544,10200
1974-11-05,13.125000,13.375000,13.000000,13.375000,0.968650,10700
1974-11-06,13.375000,14.000000,13.375000,13.750000,0.995808,29000
1974-11-07,13.750000,14.750000,13.750000,14.375000,1.041072,21500
1974-11-08,14.375000,14.625000,14.375000,14.375000,1.041072,24900
1974-11-11,14.375000,14.500000,14.125000,14.500000,1.050125,30800
1974-11-12,14.500000,14.875000,14.375000,14.500000,1.050125,40500
1974-11-13,14.375000,14.375000,13.750000,13.750000,0.995808,48000
1974-11-14,13.750000,13.875000,13.375000,13.375000,0.968650,17800
1974-11-15,13.375000,13.625000,12.625000,12.625000,0.914333,26100
1974-11-18,12.500000,12.500000,12.000000,12.125000,0.878121,56500
1974-11-19,12.125000,12.250000,11.875000,12.125000,0.878121,40100
1974-11-20,12.250000,12.875000,12.250000,12.500000,0.905280,9800
1974-11-21,12.500000,13.250000,12.500000,13.250000,0.959597,20200
1974-11-22,13.250000,13.750000,13.250000,13.750000,0.995808,83600
1974-11-25,13.750000,13.875000,13.500000,13.875000,1.004861,20700
1974-11-26,13.875000,14.125000,13.875000,13.875000,1.004861,32800
1974-11-27,14.000000,14.250000,14.000000,14.250000,1.032019,20800
1974-11-29,13.875000,13.875000,13.750000,13.750000,0.995808,10000
1974-12-02,13.750000,13.750000,13.500000,13.625000,0.986755,40600
1974-12-03,13.625000,13.750000,13.375000,13.500000,0.977702,14300
1974-12-04,13.500000,13.750000,13.250000,13.500000,0.977702,24000
1974-12-05,13.500000,13.500000,13.000000,13.000000,0.941491,46200
1974-12-06,12.750000,12.750000,12.500000,12.750000,0.923385,32800
1974-12-09,12.750000,13.000000,12.625000,13.000000,0.941491,38300
1974-12-10,12.750000,13.000000,12.750000,13.000000,0.964871,10300
1974-12-11,13.000000,13.125000,12.750000,12.750000,0.946315,24300
1974-12-12,12.750000,12.750000,12.000000,12.250000,0.909205,83800
1974-12-13,12.250000,12.250000,11.625000,11.750000,0.872094,25600
1974-12-16,11.750000,12.000000,11.625000,11.875000,0.881372,17200
1974-12-17,11.875000,12.375000,11.875000,12.250000,0.909205,30700
1974-12-18,12.250000,12.500000,12.250000,12.500000,0.927760,13600
1974-12-19,12.500000,12.625000,12.125000,12.375000,0.918482,17500
1974-12-20,12.250000,12.250000,11.875000,12.000000,0.890650,27100
1974-12-23,12.000000,12.250000,12.000000,12.250000,0.909205,17600
1974-12-24,12.250000,12.375000,12.125000,12.375000,0.918482,9200
1974-12-26,12.375000,12.500000,12.250000,12.500000,0.927760,12000
1974-12-27,12.500000,12.500000,12.125000,12.125000,0.899927,14900
1974-12-30,12.125000,12.375000,12.125000,12.375000,0.918482,11100
1974-12-31,12.375000,12.875000,12.250000,12.875000,0.955592,44600
1975-01-02,12.875000,13.875000,12.625000,13.875000,1.029813,45700
1975-01-03,13.875000,13.875000,13.625000,13.625000,1.011259,20700
1975-01-06,13.625000,13.875000,13.500000,13.750000,1.020535,20400
1975-01-07,13.750000,13.750000,13.375000,13.750000,1.020535,40100
1975-01-08,13.750000,13.875000,13.500000,13.500000,1.001981,27200
1975-01-09,13.500000,14.500000,13.375000,14.500000,1.076202,24600
1975-01-10,14.500000,14.875000,14.375000,14.500000,1.076202,27500
1975-01-13,14.500000,14.750000,14.500000,14.500000,1.076202,15300
1975-01-14,14.500000,14.625000,14.500000,14.500000,1.076202,13100
1975-01-15,14.500000,14.625000,14.375000,14.375000,1.066924,12800
1975-01-16,14.375000,14.375000,14.125000,14.250000,1.057646,21900
1975-01-17,14.250000,14.375000,13.875000,14.000000,1.039092,82800
1975-01-20,14.000000,14.125000,13.875000,14.000000,1.039092,19100
1975-01-21,14.000000,14.000000,14.000000,14.000000,1.039092,161400
1975-01-22,14.000000,14.000000,14.000000,14.000000,1.039092,87000
1975-01-23,14.000000,14.125000,14.000000,14.125000,1.048369,22900
1975-01-24,14.125000,14.500000,14.125000,14.500000,1.076202,254400
1975-01-27,14.500000,14.625000,14.250000,14.375000,1.066924,84300
1975-01-28,14.375000,14.500000,14.000000,14.125000,1.048369,162400
1975-01-29,14.125000,14.125000,13.750000,13.750000,1.020535,46300
1975-01-30,13.750000,14.000000,13.625000,13.625000,1.011259,158100
1975-01-31,13.625000,14.125000,13.625000,14.125000,1.048369,105200
1975-02-03,14.125000,14.250000,14.125000,14.250000,1.057646,72100
1975-02-04,14.125000,14.125000,14.000000,14.125000,1.048369,55500
1975-02-05,14.125000,14.250000,14.125000,14.125000,1.048369,66000
1975-02-06,14.125000,14.375000,14.125000,14.250000,1.057646,125800
1975-02-07,14.250000,14.250000,14.125000,14.250000,1.057646,43000
1975-02-10,14.250000,14.250000,14.125000,14.250000,1.057646,35100
1975-02-11,14.250000,14.250000,14.000000,14.125000,1.048369,73600
1975-02-12,14.125000,14.125000,13.875000,14.125000,1.048369,31800
1975-02-13,14.125000,14.250000,14.125000,14.250000,1.057646,98900
1975-02-14,14.250000,14.375000,14.250000,14.375000,1.066924,66600
1975-02-18,14.375000,14.375000,14.250000,14.375000,1.066924,60000
1975-02-19,14.375000,14.500000,14.250000,14.375000,1.066924,160500
1975-02-20,14.500000,15.000000,14.500000,15.000000,1.113312,111600
1975-02-21,15.000000,15.125000,14.750000,14.875000,1.104035,105000
1975-02-24,14.875000,15.000000,14.500000,14.500000,1.076202,216400
1975-02-25,14.500000,14.500000,14.250000,14.250000,1.057646,67500
1975-02-26,14.250000,14.500000,14.125000,14.375000,1.066924,48600
1975-02-27,14.375000,14.625000,14.375000,14.500000,1.076202,19800
1975-02-28,14.500000,14.875000,14.500000,14.750000,1.094757,43900
1975-03-03,14.750000,15.000000,14.625000,14.625000,1.085479,30100
1975-03-04,14.625000,14.875000,14.625000,14.750000,1.094757,38100
1975-03-05,14.750000,15.125000,14.750000,14.875000,1.104035,111300
1975-03-06,14.500000,14.625000,14.500000,14.500000,1.099485,40200
1975-03-07,14.500000,14.625000,14.500000,14.500000,1.099485,41000
1975-03-10,14.500000,14.625000,14.500000,14.500000,1.099485,46000
1975-03-11,14.500000,14.625000,14.125000,14.125000,1.071050,33200
1975-03-12,14.125000,14.250000,14.000000,14.000000,1.061572,41400
1975-03-13,14.000000,14.000000,13.750000,13.750000,1.042614,32000
1975-03-14,13.750000,14.000000,13.750000,14.000000,1.061572,38700
1975-03-17,14.000000,14.125000,13.875000,13.875000,1.052093,39500
1975-03-18,13.875000,14.125000,13.625000,13.750000,1.042614,21700
1975-03-19,13.625000,13.625000,13.375000,13.375000,1.014180,32500
1975-03-20,13.375000,13.375000,13.000000,13.000000,0.985745,42600
1975-03-21,13.000000,13.375000,13.000000,13.250000,1.004702,25500
1975-03-24,13.250000,13.375000,12.875000,13.250000,1.004702,29600
1975-03-25,13.250000,13.625000,13.000000,13.250000,1.004702,42400
1975-03-26,13.250000,13.375000,13.125000,13.375000,1.014180,72100
1975-03-27,13.375000,13.875000,13.250000,13.750000,1.042614,58700
1975-03-31,13.750000,14.125000,13.375000,13.500000,1.023658,63500
1975-04-01,13.500000,13.625000,13.000000,13.250000,1.004702,36300
1975-04-02,13.250000,13.500000,13.125000,13.125000,0.995223,17500
1975-04-03,13.125000,13.250000,13.125000,13.250000,1.004702,23100
1975-04-04,13.250000,13.500000,13.000000,13.500000,1.023658,19800
1975-04-07,13.500000,13.500000,13.125000,13.250000,1.004702,40100
1975-04-08,13.250000,13.250000,12.500000,12.875000,0.976266,47500
1975-04-09,12.875000,13.375000,12.875000,13.125000,0.995223,23100
1975-04-10,13.125000,13.375000,13.000000,13.125000,0.995223,79200
1975-04-11,13.125000,13.125000,13.125000,13.125000,0.995223,0
1975-04-14,13.125000,13.250000,13.125000,13.250000,1.004702,31600
1975-04-15,13.125000,13.125000,12.750000,12.875000,0.976266,101600
1975-04-16,12.875000,13.000000,12.750000,12.750000,0.966788,62200
1975-04-17,12.750000,13.000000,12.625000,13.000000,0.985745,35200
1975-04-18,13.000000,13.000000,12.875000,13.000000,0.985745,27900
1975-04-21,13.000000,13.000000,12.750000,13.000000,0.985745,18200
1975-04-22,13.000000,13.000000,12.750000,12.750000,0.966788,40600
1975-04-23,12.750000,12.875000,12.625000,12.625000,0.957310,59800
1975-04-24,12.625000,12.875000,12.625000,12.750000,0.966788,23900
1975-04-25,12.750000,13.000000,12.750000,13.000000,0.985745,29700
1975-04-28,13.000000,13.000000,12.875000,13.000000,0.985745,21900
1975-04-29,12.875000,12.875000,12.500000,12.750000,0.966788,96600
1975-04-30,12.750000,13.000000,12.750000,13.000000,0.985745,24800
1975-05-01,13.000000,13.125000,12.875000,13.000000,0.985745,19800
1975-05-02,13.000000,13.000000,12.750000,13.000000,0.985745,28300
1975-05-05,13.000000,13.125000,12.875000,13.125000,0.995223,35600
1975-05-06,13.125000,13.375000,13.125000,13.125000,0.995223,60200
1975-05-07,13.125000,13.500000,13.125000,13.500000,1.023658,21700
1975-05-08,13.500000,13.750000,13.500000,13.500000,1.023658,34600
1975-05-09,13.625000,14.125000,13.625000,14.000000,1.061572,38300
1975-05-12,14.125000,14.375000,14.125000,14.375000,1.090006,24900
1975-05-13,14.375000,14.625000,14.375000,14.375000,1.090006,164900
1975-05-14,14.000000,14.000000,13.750000,13.875000,1.052093,70400
1975-05-15,13.875000,13.875000,13.625000,13.750000,1.042614,26400
1975-05-16,13.750000,13.750000,13.500000,13.625000,1.033137,45200
1975-05-19,13.625000,13.625000,13.250000,13.375000,1.014180,14100
1975-05-20,13.375000,13.625000,13.250000,13.500000,1.023658,25300
1975-05-21,13.500000,13.750000,13.375000,13.625000,1.033137,68300
1975-05-22,13.625000,13.875000,13.500000,13.750000,1.042614,92500
1975-05-23,13.750000,13.750000,13.625000,13.750000,1.042614,25900
1975-05-27,13.750000,14.000000,13.750000,13.875000,1.052093,25400
1975-05-28,13.875000,14.000000,13.750000,13.750000,1.042614,11600
1975-05-29,13.750000,14.000000,13.750000,13.875000,1.052093,18600
1975-05-30,14.000000,14.500000,14.000000,14.500000,1.099485,32300
1975-06-02,14.500000,14.750000,14.500000,14.750000,1.118442,40200
1975-06-03,14.750000,14.750000,14.500000,14.750000,1.118442,104600
1975-06-04,14.750000,14.875000,14.625000,14.750000,1.118442,180200
1975-06-05,14.750000,14.750000,14.625000,14.750000,1.118442,25200
1975-06-06,14.500000,14.625000,14.250000,14.375000,1.113792,44700
1975-06-09,14.375000,14.500000,14.125000,14.125000,1.094422,27300
1975-06-10,14.125000,14.250000,14.000000,14.125000,1.094422,28500
1975-06-11,14.125000,14.250000,14.000000,14.000000,1.084737,43000
1975-06-12,14.000000,14.250000,14.000000,14.000000,1.084737,26800
1975-06-13,14.000000,14.250000,14.000000,14.125000,1.094422,18200
1975-06-16,14.125000,14.500000,14.125000,14.250000,1.104108,33000
1975-06-17,14.250000,14.500000,14.250000,14.500000,1.123479,36100
1975-06-18,14.500000,14.750000,14.375000,14.750000,1.142848,36900
1975-06-19,14.750000,15.500000,14.750000,15.375000,1.191274,153300
1975-06-20,15.750000,16.375000,15.750000,16.000000,1.239700,101800
1975-06-23,16.000000,16.000000,15.625000,15.750000,1.220330,35500
1975-06-24,15.875000,16.125000,15.875000,15.875000,1.230014,106900
1975-06-25,15.875000,16.000000,15.625000,15.750000,1.220330,34100
1975-06-26,15.750000,15.750000,15.375000,15.375000,1.191274,43600
1975-06-27,15.375000,15.500000,15.125000,15.375000,1.191274,41300
1975-06-30,15.375000,15.625000,15.250000,15.500000,1.200959,19800
1975-07-01,15.500000,15.500000,15.125000,15.250000,1.181589,22900
1975-07-02,15.250000,15.375000,15.000000,15.250000,1.181589,41100
1975-07-03,15.250000,15.375000,14.875000,14.875000,1.152534,27800
1975-07-07,14.875000,15.125000,14.875000,14.875000,1.152534,21800
1975-07-08,14.875000,15.125000,14.875000,15.000000,1.162219,24600
1975-07-09,15.000000,15.250000,15.000000,15.250000,1.181589,20700
1975-07-10,15.250000,15.625000,15.125000,15.125000,1.171903,95800
1975-07-11,15.125000,15.625000,15.125000,15.625000,1.210644,37000
1975-07-14,15.625000,15.750000,15.375000,15.750000,1.220330,32900
1975-07-15,15.750000,15.875000,15.625000,15.875000,1.230014,38900
1975-07-16,15.875000,16.125000,15.875000,16.000000,1.239700,52600
1975-07-17,16.000000,16.000000,15.750000,15.750000,1.220330,18400
1975-07-18,15.750000,16.000000,15.625000,15.750000,1.220330,25400
1975-07-21,15.750000,16.000000,15.750000,15.875000,1.230014,35700
1975-07-22,15.750000,15.750000,15.500000,15.500000,1.200959,51800
1975-07-23,15.500000,15.625000,15.375000,15.375000,1.191274,29700
1975-07-24,15.375000,15.500000,15.250000,15.250000,1.181589,71800
1975-07-25,15.250000,15.375000,15.000000,15.125000,1.171903,35600
1975-07-28,15.125000,15.375000,14.625000,14.750000,1.142848,20400
1975-07-29,14.750000,15.125000,14.625000,14.625000,1.133164,16200
1975-07-30,14.625000,14.875000,14.625000,14.625000,1.133164,10100
1975-07-31,14.625000,14.875000,14.625000,14.625000,1.133164,9900
1975-08-01,14.625000,14.875000,14.375000,14.500000,1.123479,14000
1975-08-04,14.500000,14.750000,14.250000,14.250000,1.104108,15200
1975-08-05,14.250000,14.375000,14.125000,14.125000,1.094422,11600
1975-08-06,14.125000,14.125000,13.750000,13.875000,1.075051,20100
1975-08-07,13.875000,14.125000,13.625000,13.875000,1.075051,23600
1975-08-08,14.000000,14.125000,14.000000,14.000000,1.084737,10100
1975-08-11,14.000000,14.250000,14.000000,14.125000,1.094422,16900
1975-08-12,14.125000,14.375000,14.000000,14.125000,1.094422,25500
1975-08-13,14.125000,14.125000,13.875000,13.875000,1.075051,70600
1975-08-14,13.875000,13.875000,13.750000,13.875000,1.075051,43600
1975-08-15,13.875000,13.875000,13.750000,13.750000,1.065367,5100
1975-08-18,13.750000,13.875000,13.625000,13.750000,1.065367,6300
1975-08-19,13.750000,13.750000,13.125000,13.250000,1.026627,112400
1975-08-20,13.250000,13.250000,13.125000,13.250000,1.026627,24800
1975-08-21,13.250000,13.250000,12.875000,13.000000,1.007256,38300
1975-08-22,13.000000,13.250000,12.875000,13.250000,1.026627,27700
1975-08-25,13.250000,13.500000,13.250000,13.500000,1.045996,29400
1975-08-26,13.500000,13.500000,13.375000,13.500000,1.045996,38300
1975-08-27,13.500000,13.500000,13.250000,13.375000,1.036311,44800
1975-08-28,13.500000,13.750000,13.500000,13.750000,1.065367,27600
1975-08-29,13.750000,14.125000,13.625000,14.000000,1.084737,36600
1975-09-02,14.000000,14.000000,13.750000,13.750000,1.065367,10900
1975-09-03,13.750000,13.875000,13.500000,13.625000,1.055682,10100
1975-09-04,13.625000,13.875000,13.625000,13.750000,1.065367,16100
1975-09-05,13.750000,13.750000,13.500000,13.750000,1.065367,13500
1975-09-08,13.625000,13.625000,13.375000,13.625000,1.080433,26700
1975-09-09,13.625000,13.625000,13.250000,13.250000,1.050697,28800
1975-09-10,13.250000,13.250000,13.000000,13.000000,1.030873,17700
1975-09-11,13.000000,13.125000,12.875000,13.000000,1.030873,24400
1975-09-12,13.000000,13.125000,12.750000,13.000000,1.030873,222400
1975-09-15,13.000000,13.000000,12.625000,12.750000,1.011048,41800
1975-09-16,12.750000,12.750000,12.375000,12.500000,0.991224,37000
1975-09-17,12.625000,13.000000,12.625000,12.875000,1.020959,20500
1975-09-18,12.875000,13.000000,12.625000,13.000000,1.030873,32500
1975-09-19,13.000000,13.125000,12.750000,12.750000,1.011048,24700
1975-09-22,12.750000,13.000000,12.750000,12.875000,1.020959,21700
1975-09-23,12.875000,12.875000,12.750000,12.875000,1.020959,14500
1975-09-24,12.875000,13.000000,12.750000,13.000000,1.030873,91400
1975-09-25,13.000000,13.125000,12.750000,13.000000,1.030873,19300
1975-09-26,13.000000,13.000000,12.875000,13.000000,1.030873,13700
1975-09-29,13.000000,13.000000,12.875000,13.000000,1.030873,14200
1975-09-30,12.875000,12.875000,12.750000,12.875000,1.020959,11100
1975-10-01,12.875000,13.000000,12.750000,12.875000,1.020959,20600
1975-10-02,12.875000,12.875000,12.625000,12.875000,1.020959,31000
1975-10-03,12.875000,13.125000,12.750000,13.125000,1.040785,40800
1975-10-06,13.125000,13.375000,13.000000,13.375000,1.060609,60400
1975-10-07,13.375000,13.500000,13.250000,13.500000,1.070521,212500
1975-10-08,13.500000,13.500000,13.375000,13.375000,1.060609,59100
1975-10-09,13.500000,13.875000,13.500000,13.875000,1.100258,34900
1975-10-10,13.875000,14.375000,13.875000,13.875000,1.100258,53400
1975-10-13,14.000000,14.250000,14.000000,14.125000,1.120083,45400
1975-10-14,14.125000,14.375000,14.125000,14.250000,1.129995,63200
1975-10-15,14.250000,14.250000,13.875000,13.875000,1.100258,56800
1975-10-16,13.875000,14.000000,13.750000,13.875000,1.100258,21900
1975-10-17,13.875000,13.875000,13.625000,13.875000,1.100258,21100
1975-10-20,13.875000,14.000000,13.750000,13.875000,1.100258,28900
1975-10-21,13.875000,14.125000,13.875000,14.125000,1.120083,34900
1975-10-22,14.125000,14.375000,14.125000,14.375000,1.139906,40000
1975-10-23,14.375000,14.625000,14.375000,14.500000,1.149820,72200
1975-10-24,14.500000,14.875000,14.500000,14.500000,1.149820,31000
1975-10-27,14.500000,14.625000,14.375000,14.375000,1.139906,34100
1975-10-28,14.375000,14.500000,14.250000,14.375000,1.139906,28900
1975-10-29,14.375000,14.500000,14.375000,14.375000,1.139906,36900
1975-10-30,14.375000,14.500000,14.250000,14.500000,1.149820,34500
1975-10-31,14.500000,14.750000,14.375000,14.750000,1.169644,27400
1975-11-03,14.750000,14.750000,14.500000,14.750000,1.169644,16600
1975-11-04,14.750000,14.875000,14.625000,14.750000,1.169644,24000
1975-11-05,14.750000,14.750000,14.625000,14.625000,1.159732,14400
1975-11-06,14.625000,14.875000,14.500000,14.875000,1.179556,23600
1975-11-07,14.875000,15.125000,14.750000,15.000000,1.189468,22100
1975-11-10,14.875000,14.875000,14.625000,14.875000,1.179556,15400
1975-11-11,14.875000,14.875000,14.625000,14.625000,1.159732,21300
1975-11-12,14.625000,14.875000,14.625000,14.625000,1.159732,41200
1975-11-13,14.625000,14.750000,14.375000,14.500000,1.149820,50500
1975-11-14,14.500000,14.625000,14.375000,14.500000,1.149820,18600
1975-11-17,14.500000,14.625000,14.375000,14.625000,1.159732,23400
1975-11-18,14.625000,15.000000,14.625000,14.750000,1.169644,35700
1975-11-19,14.750000,14.875000,14.625000,14.750000,1.169644,21600
1975-11-20,14.625000,14.625000,14.375000,14.375000,1.139906,31200
1975-11-21,14.375000,14.375000,14.250000,14.250000,1.129995,43500
1975-11-24,14.375000,14.625000,14.375000,14.500000,1.149820,16900
1975-11-25,14.500000,14.625000,14.500000,14.625000,1.159732,33300
1975-11-26,14.625000,14.875000,14.500000,14.875000,1.179556,54600
1975-11-28,14.875000,14.875000,14.625000,14.875000,1.179556,22700
1975-12-01,14.875000,14.875000,14.500000,14.500000,1.149820,51500
1975-12-02,14.500000,14.750000,14.500000,14.625000,1.159732,20200
1975-12-03,14.500000,14.500000,14.250000,14.375000,1.139906,37400
1975-12-04,14.375000,14.500000,14.250000,14.375000,1.139906,23100
1975-12-05,14.500000,14.875000,14.500000,14.625000,1.159732,33300
1975-12-08,14.625000,14.875000,14.625000,14.750000,1.169644,16700
1975-12-09,14.250000,14.500000,14.250000,14.375000,1.165994,28000
1975-12-10,14.375000,14.375000,14.125000,14.250000,1.155854,18000
1975-12-11,14.250000,14.250000,14.000000,14.125000,1.145715,16700
1975-12-12,14.125000,14.125000,13.875000,14.000000,1.135578,33400
1975-12-15,14.000000,14.000000,13.750000,14.000000,1.135578,36200
1975-12-16,14.000000,14.250000,13.875000,14.000000,1.135578,29700
1975-12-17,14.000000,14.250000,14.000000,14.250000,1.155854,57100
1975-12-18,14.250000,14.500000,14.250000,14.375000,1.165994,32400
1975-12-19,14.375000,14.625000,14.375000,14.375000,1.165994,75000
1975-12-22,14.375000,14.500000,14.250000,14.500000,1.176133,20400
1975-12-23,14.500000,14.625000,14.375000,14.500000,1.176133,29300
1975-12-24,14.500000,14.625000,14.375000,14.500000,1.176133,24500
1975-12-26,14.375000,14.375000,14.250000,14.375000,1.165994,13200
1975-12-29,14.375000,14.500000,14.375000,14.375000,1.165994,71900
1975-12-30,14.375000,14.375000,14.250000,14.375000,1.165994,38300
1975-12-31,14.375000,14.500000,14.250000,14.500000,1.176133,132300
1976-01-02,14.500000,14.625000,14.375000,14.500000,1.176133,129700
1976-01-05,14.625000,15.375000,14.625000,15.250000,1.236967,51400
1976-01-06,15.375000,15.750000,15.375000,15.500000,1.257245,44800
1976-01-07,15.500000,15.625000,15.375000,15.625000,1.267385,147700
1976-01-08,15.625000,15.750000,15.500000,15.500000,1.257245,69100
1976-01-09,15.500000,15.875000,15.500000,15.750000,1.277524,62700
1976-01-12,15.750000,15.750000,15.500000,15.750000,1.277524,30500
1976-01-13,15.750000,15.875000,15.625000,15.875000,1.287662,54900
1976-01-14,16.125000,16.250000,16.125000,16.125000,1.307941,666800
1976-01-15,16.125000,16.125000,15.750000,15.750000,1.277524,2908300
1976-01-16,15.750000,15.875000,15.750000,15.875000,1.287662,99900
1976-01-19,15.875000,16.000000,15.875000,16.000000,1.297801,105300
1976-01-20,16.000000,16.125000,15.875000,16.125000,1.307941,495000
1976-01-21,16.125000,16.125000,15.875000,16.000000,1.297801,423600
1976-01-22,16.000000,16.125000,15.875000,16.125000,1.307941,45300
1976-01-23,16.125000,16.125000,15.875000,15.875000,1.287662,37400
1976-01-26,15.875000,16.125000,15.875000,15.875000,1.287662,89000
1976-01-27,15.875000,16.000000,15.750000,15.750000,1.277524,175700
1976-01-28,15.750000,15.875000,15.750000,15.875000,1.287662,36700
1976-01-29,15.875000,16.000000,15.625000,15.625000,1.267385,79600
1976-01-30,15.625000,15.875000,15.625000,15.750000,1.277524,67700
1976-02-02,15.750000,16.000000,15.625000,15.875000,1.287662,69700
1976-02-03,15.875000,15.875000,15.625000,15.625000,1.267385,41700
1976-02-04,15.625000,15.875000,15.625000,15.625000,1.267385,93100
1976-02-05,15.625000,15.875000,15.500000,15.500000,1.257245,52300
1976-02-06,15.500000,15.750000,15.375000,15.500000,1.257245,95600
1976-02-09,15.500000,15.750000,15.375000,15.500000,1.257245,33400
1976-02-10,15.500000,15.750000,15.375000,15.500000,1.257245,75400
1976-02-11,15.500000,15.750000,15.500000,15.625000,1.267385,28600
1976-02-12,15.625000,15.625000,15.125000,15.375000,1.247106,115500
1976-02-13,15.375000,15.375000,15.125000,15.250000,1.236967,65900
1976-02-17,15.250000,15.500000,15.125000,15.375000,1.247106,32500
1976-02-18,15.375000,15.500000,15.125000,15.375000,1.247106,57700
1976-02-19,15.375000,15.500000,15.125000,15.250000,1.236967,102900
1976-02-20,15.250000,15.250000,15.000000,15.250000,1.236967,111600
1976-02-23,15.250000,15.250000,14.875000,14.875000,1.206550,41200
1976-02-24,15.000000,15.250000,15.000000,15.125000,1.226828,129800
1976-02-25,15.125000,15.250000,15.000000,15.125000,1.226828,69100
1976-02-26,15.125000,15.250000,14.750000,14.875000,1.206550,91700
1976-02-27,14.875000,15.000000,14.625000,14.625000,1.186272,66800
1976-03-01,14.750000,15.125000,14.750000,15.000000,1.216689,89200
1976-03-02,15.125000,15.375000,15.125000,15.250000,1.236967,47400
1976-03-03,15.250000,15.375000,15.000000,15.125000,1.226828,58200
1976-03-04,15.125000,15.250000,14.625000,14.875000,1.206550,122800
1976-03-05,14.875000,15.000000,14.750000,14.875000,1.206550,43700
1976-03-08,14.625000,14.875000,14.625000,14.625000,1.213186,39500
1976-03-09,14.625000,15.000000,14.625000,14.625000,1.213186,48900
1976-03-10,14.625000,14.875000,14.625000,14.750000,1.223556,37200
1976-03-11,14.750000,15.125000,14.750000,15.000000,1.244294,96300
1976-03-12,15.000000,15.000000,14.625000,14.750000,1.223556,53400
1976-03-15,14.750000,15.000000,14.375000,14.625000,1.213186,69400
1976-03-16,14.625000,14.625000,14.375000,14.500000,1.202817,48600
1976-03-17,14.500000,14.625000,14.375000,14.500000,1.202817,68000
1976-03-18,14.500000,14.750000,14.500000,14.625000,1.213186,71600
1976-03-19,14.625000,14.875000,14.625000,14.750000,1.223556,17700
1976-03-22,14.750000,14.875000,14.625000,14.625000,1.213186,67900
1976-03-23,14.625000,14.875000,14.500000,14.750000,1.223556,33100
1976-03-24,14.750000,15.000000,14.625000,14.750000,1.223556,276500
1976-03-25,14.750000,14.875000,14.625000,14.625000,1.213186,62900
1976-03-26,14.625000,14.875000,14.625000,14.875000,1.233925,26000
1976-03-29,14.875000,14.875000,14.625000,14.625000,1.213186,29100
1976-03-30,14.625000,14.750000,14.500000,14.625000,1.213186,32100
1976-03-31,14.625000,14.875000,14.625000,14.750000,1.223556,44900
1976-04-01,14.750000,15.000000,14.750000,15.000000,1.244294,44800
1976-04-02,15.000000,15.250000,14.875000,15.000000,1.244294,77500
1976-04-05,15.000000,15.125000,14.875000,15.000000,1.244294,53200
1976-04-06,15.000000,15.125000,14.875000,14.875000,1.233925,50000
1976-04-07,14.875000,15.000000,14.750000,14.875000,1.233925,137500
1976-04-08,14.875000,14.875000,14.625000,14.875000,1.233925,58000
1976-04-09,14.875000,15.000000,14.625000,15.000000,1.244294,107900
1976-04-12,14.875000,14.875000,14.625000,14.625000,1.213186,66800
1976-04-13,14.625000,14.750000,14.500000,14.750000,1.223556,42900
1976-04-14,14.750000,14.875000,14.500000,14.500000,1.202817,103700
1976-04-15,14.500000,14.750000,14.500000,14.625000,1.213186,93600
1976-04-19,14.625000,14.625000,14.375000,14.375000,1.192448,107000
1976-04-20,14.375000,14.750000,14.375000,14.625000,1.213186,66000
1976-04-21,14.625000,14.875000,14.125000,14.625000,1.213186,79300
1976-04-22,14.625000,14.750000,14.500000,14.750000,1.223556,87500
1976-04-23,14.750000,14.750000,14.375000,14.750000,1.223556,94700
1976-04-26,14.750000,14.750000,14.500000,14.625000,1.213186,78200
1976-04-27,14.625000,15.000000,14.625000,14.875000,1.233925,58200
1976-04-28,14.875000,15.000000,14.625000,14.875000,1.233925,22400
1976-04-29,14.875000,15.000000,14.625000,14.750000,1.223556,109500
1976-04-30,14.750000,14.875000,14.750000,14.875000,1.233925,22200
1976-05-03,14.875000,14.875000,14.625000,14.875000,1.233925,71600
1976-05-04,14.875000,14.875000,14.750000,14.875000,1.233925,33900
1976-05-05,14.875000,14.875000,14.625000,14.750000,1.223556,29900
1976-05-06,14.750000,14.750000,14.500000,14.625000,1.213186,25200
1976-05-07,14.625000,14.750000,14.500000,14.625000,1.213186,76000
1976-05-10,14.625000,14.875000,14.625000,14.625000,1.213186,73000
1976-05-11,14.625000,14.750000,14.250000,14.500000,1.202817,118100
1976-05-12,14.500000,15.000000,14.000000,14.000000,1.161340,229400
1976-05-13,14.000000,14.250000,14.000000,14.250000,1.182079,139700
1976-05-14,14.250000,14.250000,14.000000,14.125000,1.171710,68800
1976-05-17,14.125000,14.250000,14.000000,14.000000,1.161340,88600
1976-05-18,14.000000,14.125000,13.875000,14.000000,1.161340,69800
1976-05-19,14.000000,14.750000,13.625000,13.750000,1.140602,99700
1976-05-20,13.750000,14.000000,13.625000,13.875000,1.150971,97900
1976-05-21,13.875000,14.125000,13.750000,13.875000,1.150971,67900
1976-05-24,13.875000,14.000000,13.750000,13.875000,1.150971,79700
1976-05-25,13.875000,14.000000,13.750000,13.750000,1.140602,59800
1976-05-26,13.750000,14.000000,13.750000,14.000000,1.161340,51800
1976-05-27,14.000000,14.125000,13.625000,13.750000,1.140602,56100
1976-05-28,13.875000,14.250000,13.875000,14.250000,1.182079,51200
1976-06-01,14.250000,14.750000,14.125000,14.250000,1.182079,90900
1976-06-02,14.250000,14.625000,14.250000,14.500000,1.202817,69000
1976-06-03,14.500000,14.875000,14.500000,14.500000,1.202817,49200
1976-06-04,14.500000,14.625000,14.250000,14.500000,1.202817,121700
1976-06-07,14.375000,14.375000,14.125000,14.250000,1.209607,41900
1976-06-08,14.250000,14.625000,14.125000,14.125000,1.198997,48300
1976-06-09,14.125000,14.125000,14.000000,14.125000,1.198997,34900
1976-06-10,14.125000,14.375000,14.000000,14.250000,1.209607,69500
1976-06-11,14.250000,14.375000,14.125000,14.250000,1.209607,107900
1976-06-14,14.250000,14.500000,14.250000,14.375000,1.220218,32400
1976-06-15,14.375000,14.500000,14.375000,14.500000,1.230829,145100
1976-06-16,14.500000,14.500000,14.375000,14.500000,1.230829,44600
1976-06-17,14.375000,14.375000,14.250000,14.250000,1.209607,43800
1976-06-18,14.250000,14.500000,14.250000,14.375000,1.220218,47700
1976-06-21,14.375000,14.500000,14.250000,14.375000,1.220218,44500
1976-06-22,14.375000,14.500000,14.125000,14.125000,1.198997,46600
1976-06-23,14.125000,14.375000,14.000000,14.250000,1.209607,50300
1976-06-24,14.250000,14.375000,14.125000,14.250000,1.209607,32100
1976-06-25,14.250000,14.375000,14.125000,14.375000,1.220218,40000
1976-06-28,14.375000,14.500000,14.250000,14.250000,1.209607,38600
1976-06-29,14.250000,14.625000,14.250000,14.500000,1.230829,31500
1976-06-30,14.500000,14.750000,13.625000,14.625000,1.241440,27800
1976-07-01,14.625000,14.750000,14.500000,14.625000,1.241440,44600
1976-07-02,14.625000,14.625000,14.375000,14.625000,1.241440,106900
1976-07-06,14.625000,14.750000,14.375000,14.625000,1.241440,45000
1976-07-07,14.625000,14.625000,14.375000,14.625000,1.241440,28900
1976-07-08,14.625000,14.750000,14.500000,14.750000,1.252050,91000
1976-07-09,14.750000,14.750000,14.250000,14.750000,1.252050,45800
1976-07-12,14.750000,15.000000,14.750000,14.875000,1.262661,55000
1976-07-13,14.875000,15.000000,14.750000,14.875000,1.262661,64000
1976-07-14,14.875000,14.875000,14.375000,14.875000,1.262661,60100
1976-07-15,14.875000,14.875000,14.625000,14.750000,1.252050,60300
1976-07-16,14.750000,14.750000,14.375000,14.750000,1.252050,77300
1976-07-19,14.750000,14.875000,14.500000,14.500000,1.230829,89800
1976-07-20,14.500000,14.625000,14.375000,14.500000,1.230829,42500
1976-07-21,14.500000,14.500000,14.250000,14.500000,1.230829,62000
1976-07-22,14.500000,14.750000,14.125000,14.250000,1.209607,105900
1976-07-23,14.250000,14.375000,14.250000,14.375000,1.220218,71500
1976-07-26,14.375000,14.375000,14.250000,14.250000,1.209607,60800
1976-07-27,14.250000,14.375000,14.250000,14.375000,1.220218,60000
1976-07-28,14.375000,14.375000,14.000000,14.125000,1.198997,68000
1976-07-29,14.250000,14.375000,14.250000,14.375000,1.220218,89600
1976-07-30,14.375000,14.375000,13.875000,14.250000,1.209607,32700
1976-08-02,14.250000,14.375000,14.125000,14.250000,1.209607,33600
1976-08-03,14.250000,14.875000,14.250000,14.750000,1.252050,66400
1976-08-04,14.750000,14.750000,14.625000,14.625000,1.241440,45600
1976-08-05,14.625000,15.000000,14.625000,15.000000,1.273272,42900
1976-08-06,15.000000,15.125000,14.875000,15.125000,1.283882,68300
1976-08-09,15.125000,15.875000,15.000000,15.125000,1.283882,35200
1976-08-10,15.250000,15.500000,15.250000,15.500000,1.315713,98000
1976-08-11,15.500000,15.500000,15.125000,15.250000,1.294493,118200
1976-08-12,15.375000,15.500000,15.375000,15.500000,1.315713,49400
1976-08-13,15.500000,15.750000,15.500000,15.625000,1.326324,55500
1976-08-16,15.625000,15.750000,15.500000,15.625000,1.326324,31500
1976-08-17,15.625000,15.625000,15.500000,15.625000,1.326324,56200
1976-08-18,15.625000,15.750000,15.375000,15.625000,1.326324,142000
1976-08-19,15.625000,15.625000,15.375000,15.500000,1.315713,52400
1976-08-20,15.500000,15.500000,15.125000,15.250000,1.294493,37100
1976-08-23,15.250000,15.250000,15.125000,15.250000,1.294493,15000
1976-08-24,15.250000,15.375000,15.000000,15.250000,1.294493,24000
1976-08-25,15.250000,15.500000,15.125000,15.250000,1.294493,37300
1976-08-26,15.250000,15.375000,15.250000,15.375000,1.305102,19700
1976-08-27,15.375000,15.500000,15.250000,15.250000,1.294493,20700
1976-08-30,15.250000,15.500000,15.250000,15.500000,1.315713,23400
1976-08-31,15.500000,15.625000,15.250000,15.625000,1.326324,31900
1976-09-01,15.625000,15.875000,15.500000,15.625000,1.326324,66400
1976-09-02,15.625000,15.750000,15.625000,15.750000,1.336935,128200
1976-09-03,15.375000,15.875000,15.375000,15.750000,1.365546,46000
1976-09-07,15.750000,15.875000,15.625000,15.875000,1.376384,72300
1976-09-08,15.875000,15.875000,15.625000,15.625000,1.354709,45400
1976-09-09,15.625000,15.750000,15.375000,15.625000,1.354709,94000
1976-09-10,15.625000,15.625000,15.000000,15.625000,1.354709,36600
1976-09-13,15.625000,15.750000,15.375000,15.500000,1.343871,46900
1976-09-14,15.500000,15.750000,15.500000,15.500000,1.343871,66800
1976-09-15,15.500000,15.750000,15.500000,15.500000,1.343871,43300
1976-09-16,15.500000,15.750000,15.500000,15.500000,1.343871,43800
1976-09-17,15.625000,15.875000,15.625000,15.625000,1.354709,90000
1976-09-20,15.625000,15.750000,15.500000,15.750000,1.365546,94700
1976-09-21,15.750000,15.875000,14.625000,15.875000,1.376384,153700
1976-09-22,15.875000,16.000000,15.625000,16.000000,1.387221,240200
1976-09-23,16.000000,16.375000,15.750000,16.125000,1.398060,287700
1976-09-24,16.125000,16.250000,16.125000,16.250000,1.408897,67100
1976-09-27,16.250000,16.375000,16.125000,16.250000,1.408897,138000
1976-09-28,16.250000,16.375000,16.125000,16.250000,1.408897,221100
1976-09-29,16.250000,16.250000,15.875000,16.125000,1.398060,49100
1976-09-30,16.125000,16.125000,15.750000,15.750000,1.365546,27800
1976-10-01,15.750000,16.000000,15.750000,15.875000,1.376384,144100
1976-10-04,15.875000,16.000000,15.750000,15.875000,1.376384,39400
1976-10-05,15.875000,16.000000,15.625000,15.875000,1.376384,69800
1976-10-06,16.000000,16.125000,16.000000,16.125000,1.398060,329300
1976-10-07,16.125000,16.375000,16.000000,16.375000,1.419735,123700
1976-10-08,16.375000,16.375000,16.125000,16.125000,1.398060,44700
1976-10-11,16.125000,16.625000,16.000000,16.250000,1.408897,51100
1976-10-12,16.250000,16.250000,16.000000,16.000000,1.387221,80300
1976-10-13,16.000000,16.125000,15.750000,16.000000,1.387221,75100
1976-10-14,16.000000,16.125000,15.875000,16.125000,1.398060,64400
1976-10-15,16.125000,16.125000,16.000000,16.000000,1.387221,149100
1976-10-18,16.000000,16.250000,15.875000,16.125000,1.398060,42000
1976-10-19,16.125000,16.125000,15.500000,15.875000,1.376384,49500
1976-10-20,15.875000,16.000000,15.750000,15.750000,1.365546,40900
1976-10-21,15.750000,16.000000,15.500000,15.625000,1.354709,204100
1976-10-22,15.500000,15.500000,14.875000,15.125000,1.311358,71600
1976-10-25,15.125000,15.125000,14.875000,15.000000,1.300521,56400
1976-10-26,15.000000,15.250000,14.875000,14.875000,1.289683,40100
1976-10-27,14.875000,15.125000,14.750000,15.125000,1.311358,40000
1976-10-28,15.125000,15.250000,15.125000,15.250000,1.322196,28900
1976-10-29,15.250000,15.250000,15.000000,15.125000,1.311358,32000
1976-11-01,15.125000,15.750000,15.125000,15.500000,1.343871,156600
1976-11-03,15.500000,15.500000,15.250000,15.375000,1.333032,53200
1976-11-04,15.375000,15.625000,15.250000,15.500000,1.343871,107100
1976-11-05,15.500000,15.625000,15.250000,15.375000,1.333032,42500
1976-11-08,15.375000,15.500000,15.250000,15.500000,1.343871,43700
1976-11-09,15.500000,15.500000,15.250000,15.500000,1.343871,58500
1976-11-10,15.500000,15.625000,15.375000,15.625000,1.354709,44100
1976-11-11,15.625000,15.750000,15.500000,15.625000,1.354709,18700
1976-11-12,15.625000,15.875000,15.500000,15.500000,1.343871,159600
1976-11-15,15.500000,15.875000,15.500000,15.875000,1.376384,49700
1976-11-16,15.875000,16.000000,15.875000,15.875000,1.376384,59400
1976-11-17,15.875000,16.125000,15.750000,15.750000,1.365546,49500
1976-11-18,15.750000,16.125000,15.750000,16.125000,1.398060,63300
1976-11-19,16.125000,16.125000,15.875000,15.875000,1.376384,32700
1976-11-22,15.875000,16.250000,15.875000,16.125000,1.398060,124700
1976-11-23,16.125000,16.500000,16.125000,16.500000,1.430572,209800
1976-11-24,16.500000,16.750000,16.000000,16.625000,1.441410,149800
1976-11-26,16.625000,16.750000,16.625000,16.625000,1.441410,113200
1976-11-29,16.625000,16.750000,16.375000,16.500000,1.430572,73800
1976-11-30,16.500000,16.625000,16.250000,16.500000,1.430572,65700
1976-12-01,16.500000,16.875000,16.375000,16.750000,1.452248,90600
1976-12-02,16.750000,16.875000,16.750000,16.750000,1.452248,126400
1976-12-03,16.750000,17.375000,16.750000,17.125000,1.484760,118200
1976-12-06,17.125000,17.125000,16.875000,17.125000,1.484760,57700
1976-12-07,16.250000,16.625000,16.250000,16.500000,1.459985,103500
1976-12-08,16.500000,16.500000,16.250000,16.375000,1.448925,181000
1976-12-09,16.250000,16.250000,15.875000,16.000000,1.415742,82200
1976-12-10,16.000000,16.500000,16.000000,16.375000,1.448925,126300
1976-12-13,16.375000,16.500000,16.250000,16.375000,1.448925,74000
1976-12-14,16.375000,16.500000,16.125000,16.250000,1.437864,63300
1976-12-15,16.250000,16.500000,16.250000,16.375000,1.448925,106500
1976-12-16,16.375000,16.750000,16.375000,16.500000,1.459985,101100
1976-12-17,16.500000,16.625000,16.375000,16.375000,1.448925,105600
1976-12-20,16.375000,16.500000,16.250000,16.375000,1.448925,123600
1976-12-21,16.375000,16.625000,16.125000,16.625000,1.471046,49400
1976-12-22,16.625000,16.750000,16.500000,16.625000,1.471046,58800
1976-12-23,16.625000,16.625000,16.375000,16.625000,1.471046,42800
1976-12-27,16.625000,16.625000,16.500000,16.625000,1.471046,55300
1976-12-28,16.625000,16.750000,16.375000,16.625000,1.471046,55000
1976-12-29,16.625000,16.625000,16.375000,16.375000,1.448925,41100
1976-12-30,16.375000,16.750000,16.250000,16.750000,1.482107,42000
1976-12-31,16.750000,16.750000,16.625000,16.750000,1.482107,25000
1977-01-03,16.750000,16.875000,16.500000,16.750000,1.482107,45700
1977-01-04,16.750000,16.875000,16.500000,16.500000,1.459985,48000
1977-01-05,16.500000,16.625000,16.500000,16.500000,1.459985,27100
1977-01-06,16.500000,16.750000,16.500000,16.625000,1.471046,35200
1977-01-07,16.625000,16.750000,16.500000,16.750000,1.482107,21200
1977-01-10,16.750000,16.750000,16.500000,16.625000,1.471046,59900
1977-01-11,16.625000,16.625000,16.500000,16.500000,1.459985,36900
1977-01-12,16.625000,16.750000,16.625000,16.750000,1.482107,793800
1977-01-13,16.750000,16.875000,16.625000,16.875000,1.493167,123900
1977-01-14,16.875000,16.875000,16.625000,16.875000,1.493167,105600
1977-01-17,16.875000,17.000000,16.625000,16.875000,1.493167,51800
1977-01-18,16.875000,16.875000,16.625000,16.750000,1.482107,50500
1977-01-19,16.750000,17.000000,16.625000,16.875000,1.493167,148100
1977-01-20,17.000000,17.250000,17.000000,17.000000,1.504227,392400
1977-01-21,17.000000,17.250000,17.000000,17.250000,1.526348,73000
1977-01-24,17.250000,17.500000,17.125000,17.250000,1.526348,70300
1977-01-25,17.250000,17.375000,17.250000,17.375000,1.537410,91300
1977-01-26,17.375000,17.625000,17.250000,17.250000,1.526348,43800
1977-01-27,17.250000,17.250000,17.000000,17.125000,1.515288,92400
1977-01-28,17.125000,17.125000,17.000000,17.000000,1.504227,49800
1977-01-31,17.000000,17.000000,16.875000,17.000000,1.504227,58500
1977-02-01,17.000000,17.000000,16.750000,16.875000,1.493167,81800
1977-02-02,16.875000,17.000000,16.750000,16.750000,1.482107,38500
1977-02-03,16.750000,16.875000,16.500000,16.750000,1.482107,46300
1977-02-04,16.750000,17.000000,16.625000,16.625000,1.471046,58500
1977-02-07,16.625000,16.875000,16.625000,16.875000,1.493167,47700
1977-02-08,16.875000,16.875000,16.750000,16.875000,1.493167,70400
1977-02-09,16.875000,16.875000,16.750000,16.875000,1.493167,34300
1977-02-10,16.750000,16.750000,16.500000,16.750000,1.482107,37200
1977-02-11,16.750000,16.750000,16.500000,16.500000,1.459985,42600
1977-02-14,16.500000,16.625000,16.375000,16.375000,1.448925,74100
1977-02-15,16.375000,16.625000,16.375000,16.500000,1.459985,73300
1977-02-16,16.500000,16.625000,16.125000,16.625000,1.471046,32300
1977-02-17,16.625000,16.750000,16.500000,16.625000,1.471046,42900
1977-02-18,16.625000,16.750000,16.500000,16.625000,1.471046,36400
1977-02-22,16.625000,16.625000,16.500000,16.625000,1.471046,42100
1977-02-23,16.625000,16.625000,16.375000,16.375000,1.448925,38500
1977-02-24,16.375000,16.500000,16.250000,16.375000,1.448925,48100
1977-02-25,16.375000,16.375000,16.125000,16.375000,1.448925,23600
1977-02-28,16.375000,16.625000,16.250000,16.500000,1.459985,39800
1977-03-01,16.500000,16.500000,16.375000,16.500000,1.459985,64300
1977-03-02,16.500000,16.625000,16.500000,16.625000,1.471046,117200
1977-03-03,16.625000,16.750000,16.500000,16.750000,1.482107,31100
1977-03-04,16.750000,17.000000,16.750000,16.875000,1.493167,50800
1977-03-07,16.500000,16.625000,16.250000,16.625000,1.501748,39100
1977-03-08,16.625000,16.625000,16.375000,16.375000,1.479165,22300
1977-03-09,16.375000,16.500000,16.250000,16.375000,1.479165,54700
1977-03-10,16.375000,16.375000,16.125000,16.250000,1.467875,28000
1977-03-11,16.250000,16.375000,16.250000,16.375000,1.479165,56100
1977-03-14,16.375000,16.375000,16.250000,16.375000,1.479165,50300
1977-03-15,16.375000,16.500000,16.250000,16.250000,1.467875,137500
1977-03-16,16.250000,16.625000,16.250000,16.500000,1.490458,40700
1977-03-17,16.500000,16.500000,16.250000,16.500000,1.490458,46300
1977-03-18,16.500000,16.500000,16.250000,16.375000,1.479165,38700
1977-03-21,16.375000,16.500000,16.250000,16.500000,1.490458,43100
1977-03-22,16.375000,16.375000,16.000000,16.000000,1.445292,96000
1977-03-23,16.000000,16.250000,15.875000,15.875000,1.434001,83600
1977-03-24,15.875000,16.000000,15.625000,15.750000,1.422708,83800
1977-03-25,15.750000,15.875000,15.750000,15.875000,1.434001,55900
1977-03-28,15.875000,15.875000,15.750000,15.875000,1.434001,36900
1977-03-29,15.875000,16.000000,15.875000,16.000000,1.445292,44300
1977-03-30,16.000000,16.000000,15.875000,16.000000,1.445292,28900
1977-03-31,16.000000,16.125000,16.000000,16.125000,1.456583,42300
1977-04-01,16.125000,16.375000,16.000000,16.125000,1.456583,36600
1977-04-04,16.125000,16.750000,16.000000,16.000000,1.445292,32100
1977-04-05,16.000000,16.250000,15.875000,16.125000,1.456583,33300
1977-04-06,16.125000,16.250000,16.125000,16.125000,1.456583,22000
1977-04-07,16.125000,16.250000,15.875000,15.875000,1.434001,66600
1977-04-11,15.875000,16.125000,15.875000,16.000000,1.445292,50100
1977-04-12,16.000000,16.250000,16.000000,16.125000,1.456583,44600
1977-04-13,16.125000,16.250000,16.000000,16.250000,1.467875,40400
1977-04-14,16.250000,16.375000,16.125000,16.375000,1.479165,82300
1977-04-15,16.375000,16.375000,16.250000,16.250000,1.467875,26500
1977-04-18,16.250000,16.375000,16.125000,16.125000,1.456583,56300
1977-04-19,16.125000,16.250000,16.000000,16.250000,1.467875,50900
1977-04-20,16.250000,16.250000,16.000000,16.125000,1.456583,153200
1977-04-21,16.125000,16.125000,15.875000,16.000000,1.445292,43700
1977-04-22,16.000000,16.000000,15.625000,15.875000,1.434001,31800
1977-04-25,15.875000,16.000000,15.875000,16.000000,1.445292,28600
1977-04-26,16.000000,16.000000,15.625000,15.625000,1.411417,52200
1977-04-27,15.625000,16.000000,15.375000,15.750000,1.422708,44900
1977-04-28,15.750000,15.875000,15.500000,15.500000,1.400126,38900
1977-04-29,15.625000,16.000000,15.625000,15.750000,1.422708,31800
1977-05-02,15.750000,16.000000,15.750000,16.000000,1.445292,165300
1977-05-03,16.000000,16.250000,16.000000,16.125000,1.456583,118000
1977-05-04,16.125000,16.125000,16.000000,16.125000,1.456583,46500
1977-05-05,16.125000,16.125000,16.000000,16.000000,1.445292,66900
1977-05-06,16.000000,16.125000,16.000000,16.125000,1.456583,31300
1977-05-09,16.125000,16.500000,16.000000,16.000000,1.445292,57500
1977-05-10,16.000000,16.250000,15.875000,16.000000,1.445292,42900
1977-05-11,16.000000,16.250000,16.000000,16.125000,1.456583,39700
1977-05-12,16.125000,16.125000,16.000000,16.000000,1.445292,110400
1977-05-13,16.000000,16.125000,15.875000,16.000000,1.445292,66000
1977-05-16,16.000000,16.125000,15.875000,16.125000,1.456583,124700
1977-05-17,16.125000,16.125000,16.000000,16.125000,1.456583,42800
1977-05-18,16.125000,16.375000,16.000000,16.125000,1.456583,62100
1977-05-19,16.125000,16.250000,16.125000,16.125000,1.456583,64000
1977-05-20,16.125000,16.250000,16.125000,16.250000,1.467875,69900
1977-05-23,16.250000,16.375000,16.125000,16.375000,1.479165,47900
1977-05-24,16.375000,16.375000,16.125000,16.250000,1.467875,21500
1977-05-25,16.250000,16.375000,16.125000,16.250000,1.467875,35700
1977-05-26,16.250000,16.375000,16.250000,16.250000,1.467875,27800
1977-05-27,16.250000,16.375000,16.250000,16.250000,1.467875,27400
1977-05-31,16.250000,16.375000,16.250000,16.250000,1.467875,72400
1977-06-01,16.250000,16.625000,16.250000,16.625000,1.501748,65900
1977-06-02,16.625000,16.750000,16.500000,16.625000,1.501748,37900
1977-06-03,16.625000,16.875000,16.500000,16.625000,1.501748,122700
1977-06-06,16.375000,16.375000,16.250000,16.375000,1.510511,77200
1977-06-07,16.375000,16.500000,16.250000,16.375000,1.510511,40200
1977-06-08,16.375000,16.625000,16.250000,16.500000,1.522042,84900
1977-06-09,16.500000,16.750000,16.500000,16.750000,1.545104,47200
1977-06-10,16.750000,16.750000,16.500000,16.625000,1.533572,64600
1977-06-13,16.625000,16.625000,16.500000,16.625000,1.533572,26100
1977-06-14,16.625000,16.750000,16.500000,16.625000,1.533572,51300
1977-06-15,16.625000,16.625000,16.500000,16.500000,1.522042,47600
1977-06-16,16.500000,16.625000,16.375000,16.625000,1.533572,311700
1977-06-17,16.625000,16.750000,16.500000,16.750000,1.545104,97800
1977-06-20,16.750000,17.000000,16.625000,16.875000,1.556633,56100
1977-06-21,16.875000,16.875000,16.750000,16.875000,1.556633,180500
1977-06-22,16.875000,17.000000,16.625000,16.750000,1.545104,155600
1977-06-23,16.750000,16.750000,16.500000,16.500000,1.522042,138600
1977-06-24,16.500000,16.625000,16.500000,16.500000,1.522042,71400
1977-06-27,16.500000,16.625000,16.500000,16.500000,1.522042,33500
1977-06-28,16.500000,16.625000,16.500000,16.500000,1.522042,33900
1977-06-29,16.500000,16.625000,16.375000,16.500000,1.522042,80900
1977-06-30,16.500000,16.500000,16.375000,16.500000,1.522042,26500
1977-07-01,16.500000,16.500000,16.250000,16.375000,1.510511,44200
1977-07-05,16.375000,16.500000,16.250000,16.375000,1.510511,42100
1977-07-06,16.375000,16.500000,16.250000,16.500000,1.522042,55700
1977-07-07,16.500000,16.750000,16.500000,16.750000,1.545104,43900
1977-07-08,16.750000,16.750000,16.500000,16.500000,1.522042,64500
1977-07-11,16.625000,17.000000,16.625000,16.875000,1.556633,65700
1977-07-12,16.875000,16.875000,16.750000,16.875000,1.556633,73200
1977-07-13,16.875000,17.125000,16.750000,17.000000,1.568164,90300
1977-07-15,17.000000,17.125000,17.000000,17.000000,1.568164,45900
1977-07-18,17.000000,17.500000,17.000000,17.125000,1.579695,94600
1977-07-19,17.125000,17.250000,17.125000,17.250000,1.591226,56100
1977-07-20,17.250000,17.500000,17.000000,17.125000,1.579695,63000
1977-07-21,17.125000,17.250000,17.000000,17.125000,1.579695,183200
1977-07-22,17.125000,17.375000,17.000000,17.250000,1.591226,122300
1977-07-25,17.250000,17.375000,17.125000,17.375000,1.602757,26500
1977-07-26,17.375000,17.375000,17.125000,17.250000,1.591226,69400
1977-07-27,17.250000,17.250000,16.750000,17.000000,1.568164,74600
1977-07-28,16.875000,16.875000,16.625000,16.750000,1.545104,58400
1977-07-29,16.750000,16.875000,16.500000,16.500000,1.522042,30700
1977-08-01,16.625000,16.875000,16.625000,16.750000,1.545104,50400
1977-08-02,16.875000,17.000000,16.875000,17.000000,1.568164,67600
1977-08-03,17.000000,17.000000,16.750000,16.875000,1.556633,44500
1977-08-04,16.875000,17.000000,16.875000,17.000000,1.568164,33900
1977-08-05,17.000000,17.000000,16.750000,17.000000,1.568164,185700
1977-08-08,17.000000,17.000000,16.750000,16.750000,1.545104,201500
1977-08-09,16.750000,16.875000,16.625000,16.625000,1.533572,108900
1977-08-10,16.625000,16.750000,16.500000,16.625000,1.533572,34200
1977-08-11,16.750000,16.875000,16.750000,16.750000,1.545104,436000
1977-08-12,16.750000,16.875000,16.750000,16.875000,1.556633,88800
1977-08-15,16.875000,17.000000,16.875000,16.875000,1.556633,38200
1977-08-16,16.875000,17.000000,16.750000,16.750000,1.545104,116500
1977-08-17,16.750000,16.875000,16.750000,16.750000,1.545104,169500
1977-08-18,16.750000,16.875000,16.625000,16.750000,1.545104,144600
1977-08-19,16.750000,16.750000,16.625000,16.750000,1.545104,59200
1977-08-22,16.750000,17.000000,16.625000,16.625000,1.533572,36300
1977-08-23,16.625000,16.875000,16.625000,16.750000,1.545104,76400
1977-08-24,16.750000,16.875000,16.625000,16.625000,1.533572,38700
1977-08-25,16.625000,16.750000,16.625000,16.750000,1.545104,44500
1977-08-26,16.750000,16.750000,16.625000,16.625000,1.533572,28600
1977-08-29,16.625000,16.875000,16.625000,16.750000,1.545104,40600
1977-08-30,16.750000,16.875000,16.750000,16.875000,1.556633,45200
1977-08-31,16.875000,16.875000,16.750000,16.875000,1.556633,38000
1977-09-01,16.875000,17.000000,16.875000,17.000000,1.568164,52900
1977-09-02,16.375000,16.625000,16.375000,16.625000,1.565340,53200
1977-09-06,16.625000,16.750000,16.500000,16.625000,1.565340,29200
1977-09-07,16.625000,16.875000,16.625000,16.875000,1.588878,153100
1977-09-08,16.875000,16.875000,16.750000,16.750000,1.577110,40800
1977-09-09,16.750000,16.750000,16.000000,16.625000,1.565340,83900
1977-09-12,16.625000,16.750000,16.625000,16.625000,1.565340,42800
1977-09-13,16.625000,16.750000,16.500000,16.625000,1.565340,59300
1977-09-14,16.750000,16.875000,16.750000,16.875000,1.588878,161900
1977-09-15,16.875000,17.000000,16.875000,16.875000,1.588878,162700
1977-09-16,17.000000,17.125000,17.000000,17.000000,1.600648,45000
1977-09-19,17.000000,17.125000,17.000000,17.000000,1.600648,47400
1977-09-20,17.000000,17.125000,16.875000,16.875000,1.588878,72900
1977-09-21,16.875000,17.000000,16.875000,17.000000,1.600648,123000
1977-09-22,17.000000,17.000000,16.750000,16.750000,1.577110,48200
1977-09-23,16.750000,17.000000,16.750000,16.875000,1.588878,88400
1977-09-26,16.875000,17.125000,16.875000,16.875000,1.588878,20700
1977-09-27,16.875000,17.125000,16.875000,17.125000,1.612418,45200
1977-09-28,17.125000,17.125000,17.000000,17.000000,1.600648,26100
1977-09-29,17.000000,17.125000,17.000000,17.000000,1.600648,31300
1977-09-30,17.000000,17.250000,17.000000,17.250000,1.624187,63100
1977-10-03,17.250000,17.375000,17.125000,17.250000,1.624187,33500
1977-10-04,17.250000,17.375000,17.000000,17.000000,1.600648,224000
1977-10-05,17.000000,17.000000,16.875000,17.000000,1.600648,32100
1977-10-06,17.000000,17.125000,16.875000,17.125000,1.612418,120200
1977-10-07,17.000000,17.000000,16.875000,17.000000,1.600648,23900
1977-10-10,17.000000,17.125000,17.000000,17.125000,1.612418,23900
1977-10-11,17.125000,17.125000,17.000000,17.000000,1.600648,33000
1977-10-12,17.000000,17.000000,16.750000,16.875000,1.588878,140200
1977-10-13,16.875000,17.000000,16.750000,16.875000,1.588878,56400
1977-10-14,16.875000,16.875000,16.750000,16.875000,1.588878,32600
1977-10-17,16.875000,16.875000,16.750000,16.875000,1.588878,26200
1977-10-18,16.875000,16.875000,16.750000,16.875000,1.588878,16500
1977-10-19,16.875000,16.875000,16.625000,16.750000,1.577110,27000
1977-10-20,16.750000,16.875000,16.625000,16.875000,1.588878,19200
1977-10-21,16.875000,16.875000,16.500000,16.625000,1.565340,156500
1977-10-24,16.625000,16.750000,16.625000,16.625000,1.565340,73700
1977-10-25,16.625000,16.625000,16.375000,16.500000,1.553571,120600
1977-10-26,16.500000,16.500000,16.375000,16.500000,1.553571,46500
1977-10-27,16.500000,16.625000,16.375000,16.500000,1.553571,23300
1977-10-28,16.500000,16.625000,16.500000,16.500000,1.553571,20100
1977-10-31,16.500000,16.625000,16.500000,16.625000,1.565340,17100
1977-11-01,16.625000,16.625000,16.375000,16.375000,1.541800,44300
1977-11-02,16.250000,16.250000,16.125000,16.125000,1.518263,61700
1977-11-03,16.125000,16.250000,16.125000,16.125000,1.518263,15200
1977-11-04,16.125000,16.500000,16.125000,16.375000,1.541800,75900
1977-11-07,16.375000,16.500000,16.375000,16.375000,1.541800,28900
1977-11-08,16.375000,16.750000,16.375000,16.625000,1.565340,137900
1977-11-09,16.625000,16.750000,16.625000,16.625000,1.565340,24500
1977-11-10,16.625000,16.875000,16.375000,16.750000,1.577110,69600
1977-11-11,17.000000,17.125000,17.000000,17.000000,1.600648,129400
1977-11-14,17.000000,17.375000,17.000000,17.250000,1.624187,49800
1977-11-15,17.250000,17.375000,17.125000,17.250000,1.624187,90800
1977-11-16,17.250000,17.250000,17.125000,17.125000,1.612418,70500
1977-11-17,17.125000,17.375000,17.125000,17.250000,1.624187,56700
1977-11-18,17.250000,17.375000,17.250000,17.250000,1.624187,49900
1977-11-21,17.250000,17.375000,17.250000,17.250000,1.624187,37300
1977-11-22,17.375000,17.500000,17.375000,17.500000,1.647726,50400
1977-11-23,17.500000,17.500000,17.250000,17.375000,1.635957,123000
1977-11-25,17.375000,17.500000,17.375000,17.500000,1.647726,12700
1977-11-28,17.500000,17.500000,17.375000,17.375000,1.635957,37100
1977-11-29,17.375000,17.625000,17.250000,17.250000,1.624187,81700
1977-11-30,17.250000,17.375000,17.125000,17.250000,1.624187,28800
1977-12-01,17.250000,17.625000,17.250000,17.500000,1.647726,102000
1977-12-02,17.500000,17.750000,17.375000,17.750000,1.671266,61900
1977-12-05,17.750000,17.875000,17.500000,17.500000,1.647726,52000
1977-12-06,16.875000,17.250000,16.875000,16.875000,1.622250,44400
1977-12-07,16.875000,17.000000,16.750000,16.875000,1.622250,40400
1977-12-08,16.875000,17.000000,16.750000,16.750000,1.610235,50500
1977-12-09,16.750000,16.750000,16.500000,16.750000,1.610235,18600
1977-12-12,16.750000,16.750000,16.625000,16.750000,1.610235,23600
1977-12-13,16.750000,16.750000,16.500000,16.750000,1.610235,43300
1977-12-14,16.750000,16.875000,16.625000,16.750000,1.610235,120800
1977-12-15,16.750000,16.750000,16.625000,16.625000,1.598217,117900
1977-12-16,16.625000,16.750000,16.625000,16.750000,1.610235,19000
1977-12-19,16.750000,16.750000,16.500000,16.500000,1.586200,58900
1977-12-20,16.500000,16.625000,16.500000,16.500000,1.586200,43800
1977-12-21,16.500000,16.625000,16.500000,16.500000,1.586200,27400
1977-12-22,16.500000,16.625000,16.500000,16.625000,1.598217,36200
1977-12-23,16.625000,16.750000,16.500000,16.625000,1.598217,106800
1977-12-27,16.625000,16.750000,16.500000,16.625000,1.598217,11900
1977-12-28,16.625000,16.750000,16.500000,16.625000,1.598217,24400
1977-12-29,16.625000,16.750000,16.500000,16.500000,1.586200,23300
1977-12-30,16.500000,16.625000,16.500000,16.500000,1.586200,18400
1978-01-03,16.500000,16.625000,16.500000,16.625000,1.598217,107200
1978-01-04,16.625000,16.750000,16.500000,16.750000,1.610235,25900
1978-01-05,16.750000,16.750000,16.625000,16.625000,1.598217,25200
1978-01-06,16.625000,16.625000,16.500000,16.500000,1.586200,24000
1978-01-09,16.500000,16.500000,16.375000,16.375000,1.574183,67600
1978-01-10,16.375000,16.500000,16.375000,16.375000,1.574183,27700
1978-01-11,16.375000,16.500000,16.375000,16.500000,1.586200,506800
1978-01-12,16.500000,16.500000,16.375000,16.375000,1.574183,50400
1978-01-13,16.375000,16.500000,16.375000,16.375000,1.574183,72100
1978-01-16,16.375000,16.500000,16.250000,16.375000,1.574183,44100
1978-01-17,16.125000,16.125000,16.000000,16.125000,1.550150,259900
1978-01-18,16.125000,16.125000,16.000000,16.125000,1.550150,128200
1978-01-19,16.125000,16.250000,16.125000,16.250000,1.562168,113000
1978-01-20,16.250000,16.375000,16.250000,16.375000,1.574183,21300
1978-01-23,16.375000,16.375000,16.125000,16.250000,1.562168,59100
1978-01-24,16.250000,16.250000,16.125000,16.125000,1.550150,81200
1978-01-25,16.125000,16.125000,16.000000,16.125000,1.550150,26700
1978-01-26,16.125000,16.250000,16.125000,16.250000,1.562168,31600
1978-01-27,16.250000,16.250000,16.125000,16.250000,1.562168,32300
1978-01-30,16.250000,16.250000,16.125000,16.250000,1.562168,28700
1978-01-31,16.250000,16.250000,16.125000,16.250000,1.562168,35100
1978-02-01,16.250000,16.250000,16.125000,16.250000,1.562168,39500
1978-02-02,16.250000,16.250000,16.125000,16.250000,1.562168,48700
1978-02-03,16.250000,16.250000,16.000000,16.000000,1.538134,53500
1978-02-06,16.000000,16.125000,16.000000,16.125000,1.550150,18900
1978-02-07,16.125000,16.250000,16.125000,16.125000,1.550150,27900
1978-02-08,16.125000,16.375000,16.125000,16.250000,1.562168,80300
1978-02-09,16.250000,16.375000,16.000000,16.375000,1.574183,38400
1978-02-10,16.375000,16.375000,16.125000,16.250000,1.562168,41100
1978-02-13,16.250000,16.375000,16.125000,16.125000,1.550150,38900
1978-02-14,16.125000,16.250000,16.125000,16.125000,1.550150,21000
1978-02-15,16.125000,16.250000,16.125000,16.250000,1.562168,30200
1978-02-16,16.250000,16.250000,16.125000,16.125000,1.550150,55200
1978-02-17,16.125000,16.250000,16.000000,16.125000,1.550150,50100
1978-02-21,16.125000,16.250000,16.000000,16.125000,1.550150,24800
1978-02-22,16.125000,16.250000,16.125000,16.125000,1.550150,38500
1978-02-23,16.125000,16.250000,16.000000,16.125000,1.550150,28000
1978-02-24,16.125000,16.125000,16.000000,16.125000,1.550150,109200
1978-02-27,16.125000,16.250000,16.125000,16.125000,1.550150,43800
1978-02-28,16.125000,16.250000,16.125000,16.125000,1.550150,55500
1978-03-01,16.125000,16.250000,16.125000,16.250000,1.562168,210200
1978-03-02,16.250000,16.250000,16.125000,16.250000,1.562168,59900
1978-03-03,16.250000,16.250000,16.125000,16.125000,1.550150,27100
1978-03-06,16.000000,16.000000,15.750000,15.875000,1.560967,49600
1978-03-07,15.875000,16.125000,15.750000,16.125000,1.585549,87000
1978-03-08,16.125000,16.125000,15.875000,16.125000,1.585549,34100
1978-03-09,16.125000,16.250000,16.000000,16.125000,1.585549,52000
1978-03-10,16.125000,16.250000,16.125000,16.250000,1.597841,68400
1978-03-13,16.250000,16.250000,16.125000,16.250000,1.597841,19800
1978-03-14,16.250000,16.250000,16.000000,16.250000,1.597841,13700
1978-03-15,16.250000,16.375000,16.125000,16.125000,1.585549,139900
1978-03-16,16.125000,16.250000,16.125000,16.250000,1.597841,46700
1978-03-17,16.250000,16.250000,16.125000,16.125000,1.585549,39100
1978-03-20,16.125000,16.375000,16.125000,16.250000,1.597841,99900
1978-03-21,16.250000,16.375000,16.250000,16.250000,1.597841,33500
1978-03-22,16.250000,16.250000,16.125000,16.125000,1.585549,79100
1978-03-23,16.125000,16.125000,16.000000,16.000000,1.573258,23900
1978-03-27,16.000000,16.125000,15.875000,16.000000,1.573258,54500
1978-03-28,16.000000,16.000000,15.875000,15.875000,1.560967,100000
1978-03-29,16.000000,16.125000,16.000000,16.125000,1.585549,26000
1978-03-30,16.125000,16.250000,16.000000,16.125000,1.585549,47000
1978-03-31,16.125000,16.125000,16.000000,16.000000,1.573258,37300
1978-04-03,16.000000,16.125000,16.000000,16.125000,1.585549,52700
1978-04-04,16.125000,16.250000,16.125000,16.250000,1.597841,28200
1978-04-05,16.250000,16.250000,16.125000,16.250000,1.597841,58800
1978-04-06,16.250000,16.250000,16.000000,16.000000,1.573258,70400
1978-04-07,16.000000,16.125000,16.000000,16.125000,1.585549,18000
1978-04-10,16.125000,16.250000,15.875000,16.250000,1.597841,44100
1978-04-11,16.250000,16.375000,16.000000,16.375000,1.610131,69100
1978-04-12,16.250000,16.250000,16.125000,16.250000,1.597841,16000
1978-04-13,16.250000,16.500000,16.125000,16.250000,1.597841,25300
1978-04-14,16.250000,16.250000,16.000000,16.125000,1.585549,62800
1978-04-17,16.125000,16.250000,16.125000,16.125000,1.585549,121500
1978-04-18,16.125000,16.250000,16.125000,16.125000,1.585549,86200
1978-04-19,16.125000,16.250000,16.000000,16.000000,1.573258,71700
1978-04-20,16.000000,16.125000,15.750000,15.750000,1.548676,119900
1978-04-21,15.750000,15.875000,15.750000,15.750000,1.548676,52600
1978-04-24,15.750000,16.000000,15.625000,16.000000,1.573258,86900
1978-04-25,16.000000,16.125000,15.750000,15.750000,1.548676,349100
1978-04-26,15.750000,15.875000,15.500000,15.625000,1.536384,62600
1978-04-27,15.625000,15.875000,15.625000,15.750000,1.548676,82100
1978-04-28,15.750000,15.875000,15.500000,15.625000,1.536384,54500
1978-05-01,15.625000,15.750000,15.625000,15.750000,1.548676,43800
1978-05-02,15.750000,15.875000,15.625000,15.750000,1.548676,85800
1978-05-03,15.750000,15.750000,15.500000,15.500000,1.524094,55400
1978-05-04,15.500000,15.625000,15.500000,15.625000,1.536384,47900
1978-05-05,15.625000,15.750000,15.625000,15.625000,1.536384,85500
1978-05-08,15.625000,15.750000,15.625000,15.625000,1.536384,44100
1978-05-09,15.625000,15.750000,15.625000,15.625000,1.536384,55400
1978-05-10,15.625000,15.750000,15.625000,15.750000,1.548676,52700
1978-05-11,15.750000,15.750000,15.500000,15.750000,1.548676,112600
1978-05-12,15.750000,15.750000,15.625000,15.625000,1.536384,69300
1978-05-15,15.625000,15.625000,15.375000,15.625000,1.536384,104300
1978-05-16,15.625000,15.625000,15.500000,15.500000,1.524094,34200
1978-05-17,15.500000,15.750000,15.500000,15.625000,1.536384,175200
1978-05-18,15.625000,15.875000,15.625000,15.750000,1.548676,40400
1978-05-19,15.750000,15.875000,15.625000,15.750000,1.548676,81500
1978-05-22,15.875000,16.125000,15.875000,16.125000,1.585549,23300
1978-05-23,16.125000,16.250000,15.875000,15.875000,1.560967,27800
1978-05-24,15.875000,16.125000,15.875000,16.125000,1.585549,48100
1978-05-25,16.125000,16.375000,16.000000,16.375000,1.610131,193600
1978-05-26,16.375000,16.750000,16.250000,16.250000,1.597841,25400
1978-05-30,16.375000,16.500000,16.375000,16.375000,1.610131,80100
1978-05-31,16.375000,16.625000,16.250000,16.500000,1.622422,72100
1978-06-01,16.625000,16.875000,16.625000,16.750000,1.647005,148800
1978-06-02,16.750000,16.750000,16.500000,16.625000,1.634713,106600
1978-06-05,16.125000,16.500000,16.125000,16.250000,1.633207,85000
1978-06-06,16.250000,16.375000,16.125000,16.250000,1.633207,51100
1978-06-07,16.250000,16.375000,16.125000,16.250000,1.633207,52400
1978-06-08,16.250000,16.375000,16.125000,16.125000,1.620642,28800
1978-06-09,16.125000,16.250000,16.125000,16.250000,1.633207,21500
1978-06-12,16.250000,16.375000,16.000000,16.250000,1.633207,27700
1978-06-13,16.250000,16.250000,16.125000,16.125000,1.620642,25100
1978-06-14,16.125000,16.125000,16.000000,16.000000,1.608079,139700
1978-06-15,16.000000,16.125000,15.875000,15.875000,1.595516,26800
1978-06-16,15.875000,15.875000,15.750000,15.750000,1.582953,36300
1978-06-19,15.750000,15.875000,15.625000,15.875000,1.595516,17600
1978-06-20,15.875000,16.000000,15.750000,15.750000,1.582953,54100
1978-06-21,15.750000,16.000000,15.625000,15.750000,1.582953,82100
1978-06-22,15.750000,15.875000,15.625000,15.875000,1.595516,57400
1978-06-23,15.875000,15.875000,15.625000,15.875000,1.595516,37300
1978-06-26,15.875000,15.875000,15.625000,15.625000,1.570390,23300
1978-06-27,15.625000,15.750000,15.625000,15.625000,1.570390,20700
1978-06-28,15.625000,15.625000,15.500000,15.500000,1.557827,59800
1978-06-29,15.500000,15.750000,15.500000,15.625000,1.570390,36100
1978-06-30,15.625000,15.750000,15.500000,15.625000,1.570390,28100
1978-07-03,15.625000,15.875000,15.625000,15.750000,1.582953,21900
1978-07-05,15.750000,15.750000,15.625000,15.750000,1.582953,28400
1978-07-06,15.625000,15.625000,15.500000,15.625000,1.570390,149500
1978-07-07,15.625000,15.625000,15.500000,15.625000,1.570390,68700
1978-07-10,15.625000,15.875000,15.500000,15.875000,1.595516,49400
1978-07-11,15.875000,16.125000,15.750000,16.125000,1.620642,60700
1978-07-12,16.125000,16.375000,16.125000,16.375000,1.645768,40600
1978-07-13,16.375000,16.375000,16.250000,16.375000,1.645768,68900
1978-07-14,16.375000,16.375000,16.250000,16.250000,1.633207,40100
1978-07-17,16.250000,16.500000,16.125000,16.500000,1.658331,71400
1978-07-18,16.500000,16.625000,16.500000,16.500000,1.658331,31200
1978-07-19,16.500000,16.750000,16.500000,16.750000,1.683458,31600
1978-07-20,16.750000,16.875000,16.625000,16.625000,1.670895,51500
1978-07-21,16.625000,16.625000,16.500000,16.625000,1.670895,37600
1978-07-24,16.625000,16.750000,16.500000,16.750000,1.683458,45400
1978-07-25,16.750000,16.750000,16.625000,16.750000,1.683458,18600
1978-07-26,16.625000,16.625000,16.375000,16.375000,1.645768,44100
1978-07-27,16.375000,16.625000,16.375000,16.625000,1.670895,40900
1978-07-28,16.625000,16.750000,16.625000,16.625000,1.670895,165600
1978-07-31,16.625000,16.750000,16.625000,16.625000,1.670895,31900
1978-08-01,16.625000,16.875000,16.625000,16.750000,1.683458,95600
1978-08-02,16.750000,16.875000,16.750000,16.875000,1.696021,170100
1978-08-03,16.875000,17.375000,16.875000,17.250000,1.733710,192900
1978-08-04,17.250000,17.375000,17.250000,17.375000,1.746273,115100
1978-08-07,17.375000,17.375000,17.125000,17.125000,1.721148,348300
1978-08-08,17.125000,17.125000,16.875000,17.000000,1.708585,101300
1978-08-09,17.000000,17.125000,17.000000,17.000000,1.708585,82800
1978-08-10,17.000000,17.125000,16.875000,16.875000,1.696021,24200
1978-08-11,16.875000,17.125000,16.875000,17.000000,1.708585,25400
1978-08-14,17.000000,17.125000,16.875000,17.000000,1.708585,34800
1978-08-15,17.000000,17.125000,16.875000,17.125000,1.721148,57300
1978-08-16,17.125000,17.250000,17.000000,17.250000,1.733710,37100
1978-08-17,17.250000,17.375000,17.000000,17.000000,1.708585,27300
1978-08-18,17.000000,17.250000,16.875000,17.000000,1.708585,224500
1978-08-21,17.000000,17.000000,16.750000,16.875000,1.696021,49700
1978-08-22,16.875000,16.875000,16.750000,16.875000,1.696021,25700
1978-08-23,16.875000,16.875000,16.750000,16.750000,1.683458,24300
1978-08-24,16.750000,16.750000,16.500000,16.625000,1.670895,151200
1978-08-25,16.625000,16.625000,16.500000,16.625000,1.670895,38500
1978-08-28,16.625000,16.625000,16.500000,16.625000,1.670895,29000
1978-08-29,16.625000,16.625000,16.375000,16.500000,1.658331,56800
1978-08-30,16.500000,16.625000,16.500000,16.625000,1.670895,21900
1978-08-31,16.625000,16.625000,16.375000,16.500000,1.658331,125200
1978-09-01,16.250000,16.250000,15.750000,16.000000,1.643946,148600
1978-09-05,16.000000,16.125000,15.875000,15.875000,1.631104,71500
1978-09-06,15.875000,16.125000,15.875000,16.000000,1.643946,77500
1978-09-07,16.000000,16.125000,15.875000,16.000000,1.643946,99800
1978-09-08,16.000000,16.250000,16.000000,16.250000,1.669636,63300
1978-09-11,16.250000,16.375000,16.125000,16.375000,1.682477,46600
1978-09-12,16.250000,16.250000,16.125000,16.250000,1.669636,91800
1978-09-13,16.250000,16.375000,16.125000,16.125000,1.656790,38500
1978-09-14,16.125000,16.375000,16.125000,16.250000,1.669636,47400
1978-09-15,16.250000,16.250000,16.000000,16.000000,1.643946,64200
1978-09-18,16.000000,16.125000,15.875000,15.875000,1.631104,50900
1978-09-19,15.875000,16.250000,15.875000,16.000000,1.643946,28600
1978-09-20,16.000000,16.500000,15.875000,16.000000,1.643946,38300
1978-09-21,16.000000,16.125000,16.000000,16.000000,1.643946,42800
1978-09-22,16.000000,16.125000,15.875000,15.875000,1.631104,19600
1978-09-25,15.875000,16.125000,15.750000,16.000000,1.643946,83600
1978-09-26,16.000000,16.000000,15.750000,15.875000,1.631104,100600
1978-09-27,15.875000,15.875000,15.625000,15.625000,1.605418,60500
1978-09-28,15.625000,15.750000,15.500000,15.625000,1.605418,149000
1978-09-29,15.625000,15.625000,15.500000,15.625000,1.605418,170200
1978-10-02,15.625000,15.750000,15.000000,15.750000,1.618260,58600
1978-10-03,15.750000,15.750000,15.625000,15.625000,1.605418,31600
1978-10-04,15.625000,15.750000,15.500000,15.625000,1.605418,96000
1978-10-05,15.625000,15.750000,15.500000,15.750000,1.618260,77600
1978-10-06,15.750000,15.875000,15.625000,15.625000,1.605418,71700
1978-10-09,15.625000,15.750000,15.625000,15.625000,1.605418,38200
1978-10-10,15.625000,15.750000,15.500000,15.625000,1.605418,102000
1978-10-11,15.625000,15.875000,15.625000,15.875000,1.631104,100700
1978-10-12,15.875000,16.000000,15.625000,15.750000,1.618260,48100
1978-10-13,15.750000,16.000000,15.625000,15.750000,1.618260,53100
1978-10-16,15.750000,15.875000,15.500000,15.625000,1.605418,225100
1978-10-17,15.625000,15.625000,15.375000,15.375000,1.579731,197900
1978-10-18,15.375000,15.500000,15.125000,15.375000,1.579731,162500
1978-10-19,15.375000,15.375000,15.250000,15.250000,1.566887,51400
1978-10-20,15.250000,15.375000,15.125000,15.250000,1.566887,40100
1978-10-23,15.250000,15.250000,15.000000,15.125000,1.554044,42500
1978-10-24,15.125000,15.375000,15.125000,15.125000,1.554044,95900
1978-10-25,15.125000,15.125000,15.000000,15.125000,1.554044,97400
1978-10-26,15.125000,15.125000,15.000000,15.000000,1.541201,92400
1978-10-27,15.000000,15.125000,15.000000,15.125000,1.554044,31900
1978-10-30,15.000000,15.000000,14.750000,15.000000,1.541201,90600
1978-10-31,15.000000,15.125000,14.625000,14.750000,1.515513,48900
1978-11-01,14.875000,15.250000,14.875000,14.875000,1.528358,273900
1978-11-02,14.875000,15.000000,14.875000,15.000000,1.541201,207700
1978-11-03,15.000000,15.000000,14.750000,14.750000,1.515513,60600
1978-11-06,14.750000,15.000000,14.750000,14.750000,1.515513,35400
1978-11-07,14.750000,14.875000,14.500000,14.625000,1.502670,296700
1978-11-08,14.625000,14.750000,14.500000,14.625000,1.502670,37700
1978-11-09,14.625000,14.750000,14.250000,14.500000,1.489827,724200
1978-11-10,14.500000,14.875000,14.375000,14.750000,1.515513,60900
1978-11-13,14.750000,14.875000,14.750000,14.750000,1.515513,50700
1978-11-14,14.750000,14.750000,14.500000,14.625000,1.502670,51100
1978-11-15,14.625000,15.000000,14.500000,14.500000,1.489827,253900
1978-11-16,14.500000,14.750000,14.500000,14.750000,1.515513,56200
1978-11-17,14.750000,14.875000,14.625000,14.875000,1.528358,239800
1978-11-20,14.875000,15.125000,14.750000,15.000000,1.541201,90400
1978-11-21,15.125000,15.375000,15.125000,15.250000,1.566887,86500
1978-11-22,15.250000,15.750000,15.250000,15.250000,1.566887,107300
1978-11-24,15.250000,15.500000,15.250000,15.500000,1.592574,15900
1978-11-27,15.500000,15.500000,15.250000,15.500000,1.592574,28200
1978-11-28,15.500000,15.500000,15.250000,15.375000,1.579731,126800
1978-11-29,15.375000,15.375000,15.125000,15.125000,1.554044,42000
1978-11-30,15.125000,15.375000,15.125000,15.375000,1.579731,47800
1978-12-01,15.375000,15.750000,15.375000,15.500000,1.592574,58500
1978-12-04,15.500000,15.625000,15.500000,15.625000,1.605418,65300
1978-12-05,15.375000,15.375000,15.125000,15.125000,1.592781,183200
1978-12-06,15.125000,15.250000,15.000000,15.000000,1.579617,117600
1978-12-07,15.000000,15.500000,15.000000,15.125000,1.592781,29900
1978-12-08,15.125000,15.250000,15.125000,15.250000,1.605944,169300
1978-12-11,15.250000,15.375000,15.125000,15.375000,1.619108,26600
1978-12-12,15.375000,15.375000,15.250000,15.250000,1.605944,33900
1978-12-13,15.250000,15.375000,15.125000,15.250000,1.605944,49900
1978-12-14,15.250000,15.250000,15.125000,15.125000,1.592781,80800
1978-12-15,15.125000,15.250000,15.125000,15.250000,1.605944,27000
1978-12-18,15.250000,15.250000,15.000000,15.125000,1.592781,54700
1978-12-19,15.125000,15.125000,15.000000,15.000000,1.579617,65600
1978-12-20,15.000000,15.000000,14.750000,14.875000,1.566454,71700
1978-12-21,14.875000,14.875000,14.750000,14.875000,1.566454,58300
1978-12-22,14.875000,15.000000,14.875000,15.000000,1.579617,26000
1978-12-26,15.000000,15.000000,14.875000,15.000000,1.579617,23900
1978-12-27,15.000000,15.000000,14.875000,15.000000,1.579617,52800
1978-12-28,15.000000,15.000000,14.875000,15.000000,1.579617,28100
1978-12-29,15.000000,15.000000,14.875000,15.000000,1.579617,42400
1979-01-02,15.000000,15.000000,14.875000,15.000000,1.579617,29600
1979-01-03,15.000000,15.125000,14.875000,15.125000,1.592781,37300
1979-01-04,15.125000,15.250000,15.000000,15.000000,1.579617,64000
1979-01-05,15.000000,15.250000,15.000000,15.000000,1.579617,120100
1979-01-08,15.000000,15.125000,15.000000,15.000000,1.579617,65400
1979-01-09,15.000000,15.125000,15.000000,15.000000,1.579617,55200
1979-01-10,15.125000,15.250000,15.125000,15.250000,1.605944,353400
1979-01-11,15.250000,15.375000,15.125000,15.250000,1.605944,59100
1979-01-12,15.250000,15.250000,15.125000,15.125000,1.592781,228900
1979-01-15,15.125000,15.250000,15.125000,15.250000,1.605944,98500
1979-01-16,15.250000,15.500000,15.125000,15.375000,1.619108,307700
1979-01-17,15.375000,15.500000,15.250000,15.250000,1.605944,50200
1979-01-18,15.250000,15.500000,15.250000,15.500000,1.632271,63300
1979-01-19,15.500000,15.500000,15.375000,15.500000,1.632271,194300
1979-01-22,15.500000,15.500000,15.250000,15.375000,1.619108,41600
1979-01-23,15.375000,15.625000,15.375000,15.375000,1.619108,93900
1979-01-24,15.375000,15.625000,15.375000,15.625000,1.645434,68700
1979-01-25,15.625000,16.000000,15.500000,15.875000,1.671762,232100
1979-01-26,15.875000,16.000000,15.750000,15.875000,1.671762,57500
1979-01-29,15.875000,15.875000,15.250000,15.750000,1.658598,96200
1979-01-30,15.750000,15.875000,15.750000,15.750000,1.658598,86800
1979-01-31,15.875000,16.125000,15.875000,16.000000,1.684924,81400
1979-02-01,16.000000,16.125000,15.875000,16.125000,1.698088,77400
1979-02-02,16.125000,16.250000,15.875000,15.875000,1.671762,113700
1979-02-05,15.875000,16.125000,15.750000,15.875000,1.671762,58900
1979-02-06,15.875000,15.875000,15.750000,15.875000,1.671762,91400
1979-02-07,15.875000,15.875000,15.625000,15.625000,1.645434,102600
1979-02-08,15.625000,15.750000,15.625000,15.750000,1.658598,40900
1979-02-09,15.750000,15.750000,15.375000,15.750000,1.658598,40400
1979-02-12,15.750000,15.750000,15.500000,15.750000,1.658598,42300
1979-02-13,15.750000,15.750000,15.625000,15.750000,1.658598,55600
1979-02-14,15.750000,15.750000,15.625000,15.750000,1.658598,36000
1979-02-15,15.750000,15.750000,15.625000,15.625000,1.645434,30400
1979-02-16,15.625000,15.875000,15.625000,15.750000,1.658598,80700
1979-02-20,15.750000,16.000000,15.750000,16.000000,1.684924,39200
1979-02-21,16.000000,16.125000,16.000000,16.125000,1.698088,44600
1979-02-22,16.000000,16.000000,15.875000,15.875000,1.671762,329000
1979-02-23,15.875000,15.875000,15.750000,15.875000,1.671762,67100
1979-02-26,15.875000,15.875000,15.625000,15.750000,1.658598,145100
1979-02-27,15.750000,15.750000,15.500000,15.625000,1.645434,225300
1979-02-28,15.500000,15.500000,15.375000,15.375000,1.619108,43100
1979-03-01,15.375000,15.500000,15.250000,15.500000,1.632271,184100
1979-03-02,15.500000,15.625000,15.375000,15.625000,1.645434,68700
1979-03-05,15.125000,15.250000,15.125000,15.125000,1.632483,146100
1979-03-06,15.125000,15.375000,15.125000,15.125000,1.632483,55100
1979-03-07,15.125000,15.250000,15.125000,15.125000,1.632483,68500
1979-03-08,15.125000,15.250000,15.000000,15.250000,1.645974,43800
1979-03-09,15.250000,15.250000,15.125000,15.125000,1.632483,57200
1979-03-12,15.125000,15.375000,15.125000,15.125000,1.632483,54400
1979-03-13,15.125000,15.250000,15.000000,15.125000,1.632483,37900
1979-03-14,15.125000,15.375000,15.125000,15.250000,1.645974,54700
1979-03-15,15.250000,15.375000,15.125000,15.125000,1.632483,104700
1979-03-16,15.125000,15.250000,15.000000,15.125000,1.632483,180500
1979-03-19,15.125000,15.125000,15.000000,15.125000,1.632483,86100
1979-03-20,15.000000,15.000000,14.875000,15.000000,1.618991,177500
1979-03-21,15.000000,15.000000,14.875000,15.000000,1.618991,86300
1979-03-22,15.000000,15.125000,14.500000,15.000000,1.618991,60800
1979-03-23,15.000000,15.000000,14.875000,15.000000,1.618991,79100
1979-03-26,15.000000,15.125000,14.875000,15.125000,1.632483,44400
1979-03-27,15.125000,15.250000,15.125000,15.250000,1.645974,38200
1979-03-28,15.250000,15.250000,15.125000,15.125000,1.632483,364900
1979-03-29,15.125000,15.250000,15.125000,15.250000,1.645974,35500
1979-03-30,15.250000,15.250000,15.000000,15.000000,1.618991,127900
1979-04-02,15.000000,15.125000,14.875000,14.875000,1.605500,173700
1979-04-03,14.875000,15.125000,14.875000,15.125000,1.632483,56300
1979-04-04,15.125000,15.250000,15.125000,15.125000,1.632483,39200
1979-04-05,15.125000,15.250000,15.000000,15.000000,1.618991,80600
1979-04-06,15.000000,15.125000,15.000000,15.000000,1.618991,64500
1979-04-09,15.000000,15.250000,15.000000,15.250000,1.645974,51300
1979-04-10,15.250000,15.250000,15.125000,15.125000,1.632483,35000
1979-04-11,15.125000,15.250000,15.000000,15.000000,1.618991,53300
1979-04-12,15.000000,15.125000,15.000000,15.125000,1.632483,79400
1979-04-16,15.125000,15.250000,14.750000,14.750000,1.592007,412800
1979-04-17,14.750000,15.000000,14.750000,14.875000,1.605500,65200
1979-04-18,14.875000,14.875000,14.500000,14.500000,1.565025,206000
1979-04-19,14.500000,14.625000,14.375000,14.375000,1.551533,122000
1979-04-20,14.375000,14.500000,14.250000,14.250000,1.538041,105000
1979-04-23,14.250000,14.500000,14.250000,14.250000,1.538041,101400
1979-04-24,14.250000,14.375000,14.250000,14.375000,1.551533,86300
1979-04-25,14.375000,14.375000,14.000000,14.000000,1.511058,200300
1979-04-26,14.000000,14.125000,13.875000,14.000000,1.511058,87600
1979-04-27,14.000000,14.125000,13.625000,14.125000,1.524551,131800
1979-04-30,14.125000,14.250000,14.000000,14.125000,1.524551,52200
1979-05-01,14.125000,14.250000,14.000000,14.125000,1.524551,39700
1979-05-02,14.125000,14.125000,14.000000,14.125000,1.524551,85900
1979-05-03,14.125000,14.250000,14.125000,14.250000,1.538041,62100
1979-05-04,14.250000,14.250000,14.125000,14.125000,1.524551,30200
1979-05-07,14.125000,14.250000,14.000000,14.125000,1.524551,48200
1979-05-08,14.125000,14.250000,14.000000,14.250000,1.538041,48000
1979-05-09,14.250000,14.375000,14.125000,14.375000,1.551533,45900
1979-05-10,14.375000,14.375000,14.250000,14.250000,1.538041,22500
1979-05-11,14.250000,14.375000,14.250000,14.375000,1.551533,47200
1979-05-14,14.375000,14.750000,14.250000,14.250000,1.538041,33100
1979-05-15,14.250000,14.500000,14.250000,14.375000,1.551533,28300
1979-05-16,14.375000,14.500000,14.125000,14.500000,1.565025,27000
1979-05-17,14.500000,15.000000,14.500000,15.000000,1.618991,133300
1979-05-18,15.000000,15.125000,14.875000,14.875000,1.605500,44400
1979-05-21,14.875000,15.125000,14.875000,15.125000,1.632483,79500
1979-05-22,15.125000,15.125000,15.000000,15.125000,1.632483,96100
1979-05-23,15.125000,15.125000,14.875000,14.875000,1.605500,52400
1979-05-24,14.875000,15.000000,14.875000,14.875000,1.605500,26000
1979-05-25,14.875000,15.250000,14.875000,15.125000,1.632483,81100
1979-05-29,15.125000,15.250000,15.000000,15.250000,1.645974,109200
1979-05-30,15.250000,15.375000,15.125000,15.125000,1.632483,111800
1979-05-31,15.125000,15.375000,15.125000,15.375000,1.659466,33400
1979-06-01,15.375000,15.375000,15.125000,15.250000,1.645974,52700
1979-06-04,14.875000,14.875000,14.250000,14.750000,1.632691,204500
1979-06-05,14.750000,14.750000,14.625000,14.625000,1.618855,45900
1979-06-06,14.625000,14.750000,14.500000,14.750000,1.632691,88600
1979-06-07,14.750000,14.875000,14.625000,14.750000,1.632691,40500
1979-06-08,14.750000,14.875000,14.750000,14.750000,1.632691,40500
1979-06-11,14.750000,15.000000,14.750000,14.750000,1.632691,59000
1979-06-12,14.750000,14.875000,14.750000,14.750000,1.632691,94700
1979-06-13,14.750000,14.875000,14.750000,14.750000,1.632691,59800
1979-06-14,14.750000,14.875000,14.750000,14.750000,1.632691,29400
1979-06-15,14.750000,14.875000,14.750000,14.750000,1.632691,36700
1979-06-18,14.750000,14.875000,14.750000,14.875000,1.646528,46200
1979-06-19,14.875000,14.875000,14.750000,14.750000,1.632691,37400
1979-06-20,14.750000,14.875000,14.750000,14.875000,1.646528,57700
1979-06-21,14.875000,15.000000,14.750000,14.875000,1.646528,165600
1979-06-22,14.875000,14.875000,14.750000,14.875000,1.646528,53100
1979-06-25,14.875000,14.875000,14.625000,14.750000,1.632691,37500
1979-06-26,14.750000,14.750000,14.625000,14.625000,1.618855,32300
1979-06-27,14.625000,14.875000,14.625000,14.750000,1.632691,42000
1979-06-28,14.750000,14.875000,14.625000,14.750000,1.632691,119800
1979-06-29,14.750000,14.875000,14.625000,14.625000,1.618855,31900
1979-07-02,14.625000,14.750000,14.250000,14.750000,1.632691,85900
1979-07-03,14.750000,14.875000,14.625000,14.875000,1.646528,83100
1979-07-05,14.875000,14.875000,14.750000,14.875000,1.646528,38300
1979-07-06,14.875000,14.875000,14.750000,14.875000,1.646528,108600
1979-07-09,14.875000,14.875000,14.750000,14.875000,1.646528,60800
1979-07-10,14.875000,15.125000,14.875000,15.000000,1.660365,80500
1979-07-11,15.000000,15.000000,14.750000,15.000000,1.660365,35500
1979-07-12,15.000000,15.000000,14.875000,15.000000,1.660365,43200
1979-07-13,15.000000,15.000000,14.750000,14.875000,1.646528,89300
1979-07-16,14.875000,14.875000,14.750000,14.875000,1.646528,61500
1979-07-17,14.875000,14.875000,14.625000,14.750000,1.632691,70800
1979-07-18,14.750000,14.750000,14.625000,14.750000,1.632691,48000
1979-07-19,14.750000,14.750000,14.625000,14.750000,1.632691,40900
1979-07-20,14.750000,14.875000,14.500000,14.500000,1.605018,69100
1979-07-23,14.500000,14.750000,14.500000,14.750000,1.632691,157600
1979-07-24,14.750000,14.875000,14.250000,14.750000,1.632691,29300
1979-07-25,14.750000,14.750000,14.375000,14.625000,1.618855,175400
1979-07-26,14.625000,14.625000,14.375000,14.500000,1.605018,95500
1979-07-27,14.500000,14.625000,14.375000,14.625000,1.618855,32100
1979-07-30,14.750000,15.000000,14.750000,14.875000,1.646528,154400
1979-07-31,14.875000,15.375000,14.875000,15.375000,1.701873,121500
1979-08-01,15.375000,15.375000,15.125000,15.125000,1.674200,164100
1979-08-02,15.125000,15.375000,15.125000,15.375000,1.701873,53800
1979-08-03,15.375000,15.500000,15.250000,15.375000,1.701873,79800
1979-08-06,15.375000,15.375000,15.250000,15.375000,1.701873,62700
1979-08-07,15.375000,15.375000,14.750000,15.375000,1.701873,47800
1979-08-08,15.375000,15.625000,15.375000,15.625000,1.729545,129600
1979-08-09,15.500000,15.500000,15.375000,15.500000,1.715710,45000
1979-08-10,15.500000,15.625000,15.375000,15.625000,1.729545,65200
1979-08-13,15.625000,15.875000,15.625000,15.750000,1.743382,37700
1979-08-14,15.750000,15.750000,15.625000,15.750000,1.743382,47400
1979-08-15,15.750000,15.875000,15.500000,15.750000,1.743382,166600
1979-08-16,15.750000,16.000000,15.750000,15.750000,1.743382,327800
1979-08-17,15.750000,15.750000,15.625000,15.750000,1.743382,40600
1979-08-20,15.750000,15.750000,15.625000,15.750000,1.743382,34200
1979-08-21,15.750000,15.750000,15.625000,15.625000,1.729545,110000
1979-08-22,15.625000,15.625000,15.375000,15.375000,1.701873,68300
1979-08-23,15.375000,15.500000,15.125000,15.250000,1.688036,68800
1979-08-24,15.250000,15.500000,15.125000,15.375000,1.701873,40900
1979-08-27,15.375000,15.500000,15.250000,15.250000,1.688036,54000
1979-08-28,15.250000,15.500000,15.125000,15.375000,1.701873,96200
1979-08-29,15.375000,16.375000,15.375000,15.500000,1.715710,55300
1979-08-30,15.500000,15.500000,15.250000,15.250000,1.688036,75200
1979-08-31,14.750000,14.875000,14.625000,14.875000,1.688604,273200
1979-09-04,14.875000,14.875000,14.500000,14.500000,1.646035,132500
1979-09-05,14.500000,14.500000,14.250000,14.375000,1.631843,147600
1979-09-06,14.375000,14.375000,14.125000,14.250000,1.617654,114000
1979-09-07,14.250000,14.375000,14.250000,14.250000,1.617654,51800
1979-09-10,14.250000,14.750000,14.250000,14.375000,1.631843,40200
1979-09-11,14.375000,14.375000,14.125000,14.375000,1.631843,49600
1979-09-12,14.375000,14.375000,14.125000,14.250000,1.617654,45400
1979-09-13,14.250000,14.250000,14.125000,14.250000,1.617654,41300
1979-09-14,14.250000,14.250000,14.125000,14.125000,1.603465,114300
1979-09-17,14.125000,14.250000,14.000000,14.125000,1.603465,85300
1979-09-18,14.125000,14.250000,14.125000,14.125000,1.603465,99300
1979-09-19,14.125000,14.250000,14.125000,14.250000,1.617654,62100
1979-09-20,14.250000,14.250000,14.125000,14.250000,1.617654,59000
1979-09-21,14.250000,14.250000,14.125000,14.250000,1.617654,96100
1979-09-24,14.250000,14.250000,14.000000,14.000000,1.589274,169600
1979-09-25,14.000000,14.125000,14.000000,14.125000,1.603465,40300
1979-09-26,14.125000,14.250000,14.000000,14.000000,1.589274,583200
1979-09-27,14.000000,14.125000,13.875000,13.875000,1.575084,70700
1979-09-28,13.875000,14.000000,13.875000,14.000000,1.589274,75900
1979-10-01,14.000000,14.000000,13.875000,13.875000,1.575084,102700
1979-10-02,13.875000,13.875000,13.750000,13.875000,1.575084,208200
1979-10-03,13.875000,14.000000,13.875000,14.000000,1.589274,71300
1979-10-04,14.000000,14.125000,13.750000,14.000000,1.589274,105800
1979-10-05,14.000000,14.125000,13.875000,13.875000,1.575084,76900
1979-10-08,14.000000,14.125000,14.000000,14.125000,1.603465,39000
1979-10-09,14.000000,14.000000,13.375000,13.500000,1.532515,320600
1979-10-10,13.375000,13.375000,13.000000,13.250000,1.504135,79900
1979-10-11,13.250000,13.500000,13.000000,13.375000,1.518325,130700
1979-10-12,13.375000,13.500000,13.250000,13.375000,1.518325,111800
1979-10-15,13.375000,13.500000,13.250000,13.375000,1.518325,64200
1979-10-16,13.375000,13.375000,13.125000,13.250000,1.504135,66400
1979-10-17,13.250000,13.500000,13.250000,13.500000,1.532515,77500
1979-10-18,13.500000,13.750000,13.500000,13.625000,1.546704,176000
1979-10-19,13.625000,13.625000,13.125000,13.250000,1.504135,168400
1979-10-22,13.250000,13.250000,13.000000,13.125000,1.489944,216200
1979-10-23,13.125000,13.250000,13.000000,13.125000,1.489944,198100
1979-10-24,13.125000,13.125000,12.875000,13.125000,1.489944,59600
1979-10-25,13.125000,13.125000,13.000000,13.000000,1.475755,115500
1979-10-26,13.000000,13.375000,13.000000,13.250000,1.504135,314600
1979-10-29,13.250000,13.375000,13.125000,13.250000,1.504135,131600
1979-10-30,13.250000,13.375000,13.125000,13.125000,1.489944,74200
1979-10-31,13.125000,13.625000,13.125000,13.375000,1.518325,149300
1979-11-01,13.375000,13.500000,13.375000,13.500000,1.532515,24800
1979-11-02,13.500000,13.625000,13.500000,13.625000,1.546704,36400
1979-11-05,13.625000,13.625000,13.500000,13.500000,1.532515,25900
1979-11-06,13.500000,13.500000,13.250000,13.250000,1.504135,60900
1979-11-07,13.250000,13.250000,13.000000,13.000000,1.475755,151300
1979-11-08,13.000000,13.125000,13.000000,13.000000,1.475755,46600
1979-11-09,13.000000,13.125000,13.000000,13.000000,1.475755,22200
1979-11-12,13.000000,13.125000,13.000000,13.125000,1.489944,101300
1979-11-13,13.125000,13.250000,13.000000,13.000000,1.475755,40000
1979-11-14,13.000000,13.000000,12.875000,13.000000,1.475755,159100
1979-11-15,13.000000,13.000000,12.875000,13.000000,1.475755,400400
1979-11-16,13.000000,13.125000,12.750000,13.000000,1.475755,122600
1979-11-19,13.000000,13.000000,12.875000,13.000000,1.475755,268700
1979-11-20,13.000000,13.000000,12.750000,13.000000,1.475755,116500
1979-11-21,13.000000,13.000000,12.875000,13.000000,1.475755,149200
1979-11-23,13.000000,13.000000,12.875000,13.000000,1.475755,53100
1979-11-26,13.000000,13.375000,13.000000,13.375000,1.518325,727300
1979-11-27,13.375000,13.625000,13.375000,13.625000,1.546704,250500
1979-11-28,13.625000,13.750000,13.500000,13.625000,1.546704,166400
1979-11-29,13.625000,13.750000,13.625000,13.625000,1.546704,170400
1979-11-30,13.625000,13.875000,13.500000,13.500000,1.532515,179900
1979-12-03,13.500000,13.875000,13.375000,13.500000,1.532515,243600
1979-12-04,13.000000,13.000000,12.875000,13.000000,1.520236,225400
1979-12-05,13.000000,13.250000,12.875000,13.250000,1.549471,223500
1979-12-06,13.250000,13.375000,13.000000,13.125000,1.534854,248200
1979-12-07,13.125000,13.250000,13.000000,13.125000,1.534854,153400
1979-12-10,13.125000,13.250000,13.000000,13.250000,1.549471,103100
1979-12-11,13.250000,13.250000,13.000000,13.000000,1.520236,118400
1979-12-12,13.000000,13.125000,13.000000,13.125000,1.534854,95700
1979-12-13,13.125000,13.125000,13.000000,13.125000,1.534854,77400
1979-12-14,13.125000,13.125000,13.000000,13.000000,1.520236,232100
1979-12-17,13.000000,13.250000,13.000000,13.000000,1.520236,145200
1979-12-18,13.000000,13.125000,13.000000,13.000000,1.520236,77300
1979-12-19,13.000000,13.125000,12.875000,13.000000,1.520236,226700
1979-12-20,13.000000,13.000000,12.875000,13.000000,1.520236,168800
1979-12-21,13.000000,13.000000,12.250000,12.750000,1.491000,279500
1979-12-24,12.750000,13.000000,12.750000,12.875000,1.505618,49600
1979-12-26,12.875000,13.000000,12.750000,13.000000,1.520236,72500
1979-12-27,13.000000,13.000000,12.750000,12.875000,1.505618,155900
1979-12-28,12.875000,13.000000,12.750000,13.000000,1.520236,130100
1979-12-31,12.875000,12.875000,12.250000,12.625000,1.476383,173600
1980-01-02,12.750000,13.000000,12.750000,12.875000,1.505618,67400
1980-01-03,12.875000,12.875000,12.500000,12.625000,1.476383,88300
1980-01-04,12.625000,12.875000,12.625000,12.875000,1.505618,59500
1980-01-07,12.875000,13.000000,12.750000,12.875000,1.505618,88000
1980-01-08,12.875000,13.125000,12.750000,13.125000,1.534854,177900
1980-01-09,13.125000,13.125000,12.875000,12.875000,1.505618,190900
1980-01-10,12.875000,13.000000,12.875000,12.875000,1.505618,158200
1980-01-11,12.875000,13.000000,12.875000,12.875000,1.505618,87400
1980-01-14,12.875000,12.875000,12.750000,12.750000,1.491000,126400
1980-01-15,12.750000,12.875000,12.750000,12.875000,1.505618,138000
1980-01-16,12.875000,13.000000,12.750000,12.875000,1.505618,151300
1980-01-17,12.875000,12.875000,12.625000,12.875000,1.505618,159800
1980-01-18,12.875000,12.875000,12.750000,12.875000,1.505618,53600
1980-01-21,12.875000,12.875000,12.625000,12.750000,1.491000,96500
1980-01-22,12.750000,12.750000,12.500000,12.625000,1.476383,425300
1980-01-23,12.625000,12.625000,12.500000,12.625000,1.476383,81300
1980-01-24,12.625000,12.750000,12.500000,12.625000,1.476383,339700
1980-01-25,12.625000,12.750000,12.500000,12.625000,1.476383,49800
1980-01-28,12.625000,12.625000,12.375000,12.500000,1.461765,123400
1980-01-29,12.500000,12.500000,12.375000,12.500000,1.461765,72000
1980-01-30,12.500000,12.625000,12.500000,12.500000,1.461765,43700
1980-01-31,12.500000,12.625000,12.375000,12.500000,1.461765,205200
1980-02-01,12.500000,12.625000,12.250000,12.250000,1.432531,164600
1980-02-04,12.250000,12.500000,12.250000,12.250000,1.432531,173200
1980-02-05,12.250000,12.500000,12.250000,12.250000,1.432531,95400
1980-02-06,12.250000,12.500000,12.125000,12.375000,1.447147,107700
1980-02-07,12.375000,12.500000,12.250000,12.375000,1.447147,73300
1980-02-08,12.375000,12.375000,12.125000,12.375000,1.447147,381000
1980-02-11,12.250000,12.250000,12.000000,12.125000,1.417913,170100
1980-02-12,12.125000,12.250000,12.000000,12.250000,1.432531,98900
1980-02-13,12.250000,12.625000,12.000000,12.125000,1.417913,190200
1980-02-14,12.125000,12.250000,12.000000,12.125000,1.417913,126700
1980-02-15,12.125000,12.125000,12.000000,12.125000,1.417913,111600
1980-02-19,12.125000,12.125000,11.500000,11.750000,1.374060,251600
1980-02-20,11.500000,11.500000,11.250000,11.375000,1.330207,273300
1980-02-21,11.375000,11.500000,11.250000,11.250000,1.315589,210800
1980-02-22,11.250000,11.500000,11.250000,11.500000,1.344824,123200
1980-02-25,11.500000,11.500000,11.250000,11.375000,1.330207,287200
1980-02-26,11.375000,11.500000,11.000000,11.125000,1.300972,438600
1980-02-27,11.125000,11.250000,11.000000,11.125000,1.300972,543100
1980-02-28,11.125000,11.250000,11.000000,11.250000,1.315589,215200
1980-02-29,11.250000,11.625000,11.125000,11.625000,1.359442,128600
1980-03-03,11.625000,11.875000,11.250000,11.500000,1.344824,516500
1980-03-04,11.250000,11.250000,10.875000,11.000000,1.332108,435000
1980-03-05,11.000000,11.000000,10.750000,10.875000,1.316971,190500
1980-03-06,10.875000,10.875000,10.375000,10.500000,1.271558,589000
1980-03-07,10.500000,10.750000,10.250000,10.625000,1.286696,226100
1980-03-10,10.625000,11.000000,10.625000,10.875000,1.316971,172700
1980-03-11,11.000000,11.500000,11.000000,11.500000,1.392658,187900
1980-03-12,11.500000,11.500000,11.125000,11.250000,1.362384,109600
1980-03-13,11.250000,11.500000,11.125000,11.375000,1.377521,82500
1980-03-14,11.375000,11.500000,11.250000,11.375000,1.377521,124700
1980-03-17,11.375000,11.375000,11.250000,11.250000,1.362384,73100
1980-03-18,11.250000,11.500000,11.250000,11.500000,1.392658,77500
1980-03-19,11.500000,11.500000,11.375000,11.500000,1.392658,99900
1980-03-20,11.500000,11.500000,11.250000,11.250000,1.362384,106700
1980-03-21,11.250000,11.375000,10.750000,10.750000,1.301833,301500
1980-03-24,10.750000,10.875000,10.625000,10.750000,1.301833,93000
1980-03-25,10.750000,11.000000,10.750000,10.750000,1.301833,120700
1980-03-26,10.750000,10.875000,10.750000,10.750000,1.301833,89200
1980-03-27,10.750000,10.875000,10.500000,10.500000,1.271558,407800
1980-03-28,10.500000,10.875000,10.500000,10.875000,1.316971,128100
1980-03-31,10.875000,11.000000,10.875000,11.000000,1.332108,145300
1980-04-01,11.000000,11.375000,11.000000,11.250000,1.362384,143600
1980-04-02,11.375000,11.875000,11.375000,11.875000,1.438072,166900
1980-04-03,11.875000,12.000000,11.750000,11.750000,1.422934,130800
1980-04-07,11.750000,12.000000,11.625000,11.625000,1.407796,109600
1980-04-08,11.500000,11.500000,11.250000,11.375000,1.377521,119900
1980-04-09,11.375000,11.625000,11.250000,11.500000,1.392658,176900
1980-04-10,11.625000,12.250000,11.625000,12.250000,1.483485,131400
1980-04-11,12.250000,12.625000,12.250000,12.375000,1.498622,170100
1980-04-14,12.375000,12.500000,12.000000,12.000000,1.453209,206600
1980-04-15,12.000000,12.250000,11.875000,12.125000,1.468347,110600
1980-04-16,12.125000,12.500000,12.000000,12.500000,1.513760,276300
1980-04-17,12.625000,12.875000,12.625000,12.875000,1.559172,155500
1980-04-18,12.875000,13.000000,12.875000,13.000000,1.574310,159500
1980-04-21,13.000000,13.250000,13.000000,13.000000,1.574310,98200
1980-04-22,13.000000,13.125000,12.750000,12.875000,1.559172,227200
1980-04-23,12.875000,13.000000,12.750000,12.750000,1.544034,167300
1980-04-24,12.750000,12.750000,12.250000,12.750000,1.544034,96800
1980-04-25,12.750000,12.750000,12.500000,12.625000,1.528897,123100
1980-04-28,12.625000,12.625000,12.375000,12.500000,1.513760,66400
1980-04-29,12.500000,12.500000,12.375000,12.375000,1.498622,63200
1980-04-30,12.375000,12.750000,12.250000,12.750000,1.544034,647200
1980-05-01,12.750000,12.875000,12.750000,12.875000,1.559172,250600
1980-05-02,12.875000,13.000000,12.750000,13.000000,1.574310,260800
1980-05-05,13.000000,13.375000,13.000000,13.375000,1.619723,230400
1980-05-06,13.375000,13.500000,13.250000,13.375000,1.619723,159500
1980-05-07,13.500000,13.875000,13.500000,13.750000,1.665136,389300
1980-05-08,13.750000,13.750000,13.500000,13.500000,1.634861,207300
1980-05-09,13.500000,13.500000,13.125000,13.375000,1.619723,121400
1980-05-12,13.375000,13.375000,13.125000,13.125000,1.589448,91700
1980-05-13,13.125000,13.750000,13.125000,13.625000,1.649998,187400
1980-05-14,13.625000,13.625000,13.375000,13.500000,1.634861,144200
1980-05-15,13.500000,13.625000,13.375000,13.500000,1.634861,185000
1980-05-16,13.375000,13.375000,13.125000,13.250000,1.604586,153800
1980-05-19,13.250000,13.250000,13.125000,13.125000,1.589448,82300
1980-05-20,13.125000,13.375000,13.125000,13.250000,1.604586,265900
1980-05-21,13.250000,13.500000,13.000000,13.500000,1.634861,151900
1980-05-22,13.500000,13.625000,13.500000,13.500000,1.634861,98700
1980-05-23,13.625000,13.875000,13.625000,13.875000,1.680272,87300
1980-05-27,13.875000,13.875000,13.625000,13.750000,1.665136,139300
1980-05-28,13.750000,14.000000,13.625000,14.000000,1.695410,238300
1980-05-29,14.000000,14.000000,13.375000,13.500000,1.634861,280100
1980-05-30,13.500000,13.500000,13.250000,13.375000,1.619723,209300
1980-06-02,13.375000,13.750000,13.125000,13.625000,1.649998,263600
1980-06-03,12.375000,12.875000,12.375000,12.750000,1.590134,292100
1980-06-04,12.750000,12.875000,12.625000,12.750000,1.590134,139300
1980-06-05,12.750000,12.875000,12.750000,12.750000,1.590134,114500
1980-06-06,12.750000,12.875000,12.750000,12.875000,1.605724,121000
1980-06-09,12.875000,13.000000,12.875000,13.000000,1.621313,122800
1980-06-10,13.000000,13.250000,13.000000,13.250000,1.652492,122000
1980-06-11,13.250000,13.250000,13.000000,13.000000,1.621313,108800
1980-06-12,13.000000,13.250000,13.000000,13.000000,1.621313,256200
1980-06-13,13.250000,13.375000,13.250000,13.375000,1.668082,188300
1980-06-16,13.375000,13.500000,13.125000,13.500000,1.683671,305800
1980-06-17,13.500000,13.750000,13.375000,13.625000,1.699260,308200
1980-06-18,13.625000,14.250000,13.625000,13.750000,1.714850,193900
1980-06-19,13.750000,13.750000,13.500000,13.500000,1.683671,184400
1980-06-20,13.625000,13.750000,13.625000,13.625000,1.699260,117700
1980-06-23,13.625000,13.750000,13.625000,13.625000,1.699260,103300
1980-06-24,13.750000,13.875000,13.750000,13.750000,1.714850,119200
1980-06-25,13.750000,13.875000,13.625000,13.750000,1.714850,130600
1980-06-26,13.750000,13.750000,13.500000,13.625000,1.699260,102300
1980-06-27,13.625000,13.750000,13.500000,13.500000,1.683671,102500
1980-06-30,13.500000,13.625000,13.500000,13.500000,1.683671,81800
1980-07-01,13.500000,13.500000,13.375000,13.500000,1.683671,152300
1980-07-02,13.500000,13.500000,13.375000,13.500000,1.683671,115300
1980-07-03,13.500000,13.625000,13.250000,13.500000,1.683671,160500
1980-07-07,13.500000,13.500000,13.250000,13.375000,1.668082,105700
1980-07-08,13.375000,13.500000,13.250000,13.375000,1.668082,212400
1980-07-09,13.375000,13.375000,13.125000,13.250000,1.652492,134900
1980-07-10,13.250000,13.250000,13.125000,13.125000,1.636903,129200
1980-07-11,13.125000,13.125000,12.875000,13.000000,1.621313,283200
1980-07-14,13.000000,13.000000,12.875000,13.000000,1.621313,149400
1980-07-15,13.000000,14.000000,12.875000,13.000000,1.621313,150500
1980-07-16,13.000000,13.125000,12.750000,13.000000,1.621313,190100
1980-07-17,13.000000,13.125000,12.875000,12.875000,1.605724,140100
1980-07-18,12.875000,13.125000,12.875000,13.000000,1.621313,186000
1980-07-21,13.000000,13.125000,12.750000,12.875000,1.605724,189600
1980-07-22,12.875000,13.125000,12.750000,12.875000,1.605724,109300
1980-07-23,12.875000,12.875000,12.625000,12.750000,1.590134,164000
1980-07-24,12.750000,13.000000,12.625000,12.750000,1.590134,185600
1980-07-25,12.750000,12.875000,12.250000,12.750000,1.590134,122900
1980-07-28,12.750000,12.750000,12.500000,12.750000,1.590134,132300
1980-07-29,12.750000,12.875000,12.500000,12.625000,1.574544,164500
1980-07-30,12.625000,12.750000,12.625000,12.625000,1.574544,116700
1980-07-31,12.625000,12.750000,12.500000,12.625000,1.574544,202700
1980-08-01,12.625000,12.625000,12.250000,12.375000,1.543365,555800
1980-08-04,12.375000,12.625000,12.250000,12.500000,1.558956,142700
1980-08-05,12.500000,12.625000,12.375000,12.500000,1.558956,91900
1980-08-06,12.500000,12.750000,12.500000,12.625000,1.574544,89200
1980-08-07,12.625000,12.750000,12.500000,12.500000,1.558956,210000
1980-08-08,12.500000,12.625000,12.500000,12.625000,1.574544,169200
1980-08-11,12.625000,12.625000,12.500000,12.500000,1.558956,634700
1980-08-12,12.500000,12.750000,12.500000,12.500000,1.558956,94100
1980-08-13,12.625000,12.875000,12.625000,12.875000,1.605724,140100
1980-08-14,12.750000,12.750000,12.625000,12.625000,1.574544,167200
1980-08-15,12.625000,12.875000,12.625000,12.875000,1.605724,184300
1980-08-18,12.875000,12.875000,12.500000,12.625000,1.574544,108700
1980-08-19,12.625000,12.625000,12.500000,12.625000,1.574544,83400
1980-08-20,12.625000,12.750000,12.500000,12.500000,1.558956,59100
1980-08-21,12.500000,12.750000,12.500000,12.625000,1.574544,82000
1980-08-22,12.625000,12.875000,12.625000,12.625000,1.574544,71300
1980-08-25,12.625000,12.875000,12.625000,12.750000,1.590134,77200
1980-08-26,12.750000,12.875000,12.750000,12.750000,1.590134,64200
1980-08-27,12.750000,12.875000,12.625000,12.750000,1.590134,61600
1980-08-28,12.750000,12.875000,12.750000,12.750000,1.590134,85400
1980-08-29,12.750000,12.875000,12.625000,12.875000,1.605724,85900
1980-09-02,12.875000,12.875000,12.750000,12.875000,1.605724,300200
1980-09-03,12.750000,12.875000,12.000000,12.500000,1.608297,372700
1980-09-04,12.500000,12.625000,12.375000,12.500000,1.608297,256900
1980-09-05,12.500000,12.500000,12.375000,12.375000,1.592214,80600
1980-09-08,12.375000,12.625000,12.125000,12.125000,1.560048,125500
1980-09-09,12.125000,12.375000,12.125000,12.250000,1.576131,78100
1980-09-10,12.250000,12.250000,12.125000,12.125000,1.560048,59600
1980-09-11,12.125000,12.500000,12.125000,12.125000,1.560048,119200
1980-09-12,12.125000,12.250000,12.125000,12.250000,1.576131,58700
1980-09-15,12.250000,12.250000,12.125000,12.250000,1.576131,61500
1980-09-16,12.250000,12.250000,12.125000,12.250000,1.576131,66600
1980-09-17,12.250000,12.250000,12.125000,12.250000,1.576131,70900
1980-09-18,12.250000,12.250000,12.000000,12.000000,1.543965,207600
1980-09-19,12.000000,12.125000,12.000000,12.000000,1.543965,96700
1980-09-22,12.000000,12.000000,11.875000,12.000000,1.543965,118200
1980-09-23,12.000000,12.000000,11.875000,11.875000,1.527882,78700
1980-09-24,11.875000,12.000000,11.750000,11.875000,1.527882,92500
1980-09-25,11.875000,11.875000,11.625000,11.625000,1.495717,137500
1980-09-26,11.625000,11.625000,11.500000,11.500000,1.479633,140600
1980-09-29,11.500000,11.625000,11.500000,11.500000,1.479633,70900
1980-09-30,11.500000,11.750000,11.500000,11.750000,1.511800,92000
1980-10-01,11.750000,11.875000,11.625000,11.750000,1.511800,97600
1980-10-02,11.750000,11.875000,11.625000,11.875000,1.527882,93200
1980-10-03,11.875000,11.875000,11.625000,11.875000,1.527882,58000
1980-10-06,11.875000,12.000000,11.750000,11.875000,1.527882,60300
1980-10-07,11.875000,12.125000,11.875000,12.000000,1.543965,496000
1980-10-08,12.000000,12.000000,11.875000,12.000000,1.543965,59800
1980-10-09,12.000000,12.000000,11.875000,12.000000,1.543965,69000
1980-10-10,12.000000,12.000000,11.750000,12.000000,1.543965,48500
1980-10-13,12.000000,12.000000,11.250000,12.000000,1.543965,98800
1980-10-14,11.875000,11.875000,11.750000,11.875000,1.527882,78100
1980-10-15,11.875000,12.000000,11.750000,12.000000,1.543965,531500
1980-10-16,12.000000,12.000000,11.875000,11.875000,1.527882,317900
1980-10-17,11.875000,12.000000,11.875000,12.000000,1.543965,97900
1980-10-20,12.000000,12.125000,11.875000,12.125000,1.560048,111100
1980-10-21,12.125000,12.125000,11.250000,11.250000,1.447468,95300
1980-10-22,11.750000,12.000000,11.750000,11.875000,1.527882,87500
1980-10-23,11.875000,12.000000,11.875000,12.000000,1.543965,63000
1980-10-24,12.000000,12.125000,11.750000,12.000000,1.543965,92400
1980-10-27,12.000000,12.000000,11.625000,11.875000,1.527882,264300
1980-10-28,11.875000,11.875000,11.625000,11.750000,1.511800,130000
1980-10-29,11.750000,11.750000,11.625000,11.625000,1.495717,144600
1980-10-30,11.625000,11.875000,11.625000,11.750000,1.511800,70100
1980-10-31,11.750000,12.125000,11.750000,12.125000,1.560048,166900
1980-11-03,12.125000,12.875000,12.000000,12.000000,1.543965,200000
1980-11-05,12.000000,12.375000,11.625000,11.875000,1.527882,512100
1980-11-06,11.875000,11.875000,11.375000,11.625000,1.495717,88400
1980-11-07,11.625000,11.750000,11.625000,11.625000,1.495717,124300
1980-11-10,11.625000,11.750000,11.000000,11.750000,1.511800,81600
1980-11-11,11.750000,11.875000,11.625000,11.875000,1.527882,101800
1980-11-12,11.875000,12.125000,11.750000,12.000000,1.543965,166500
1980-11-13,12.000000,12.875000,11.875000,12.000000,1.543965,169500
1980-11-14,12.000000,12.125000,11.875000,12.000000,1.543965,74400
1980-11-17,12.000000,12.125000,11.875000,11.875000,1.527882,91500
1980-11-18,11.875000,12.125000,11.875000,12.000000,1.543965,79700
1980-11-19,12.000000,12.125000,11.875000,11.875000,1.527882,313600
1980-11-20,11.875000,12.000000,11.875000,12.000000,1.543965,77300
1980-11-21,12.000000,12.000000,11.750000,11.750000,1.511800,146600
1980-11-24,11.750000,12.000000,11.750000,11.750000,1.511800,109300
1980-11-25,11.750000,12.000000,11.750000,11.875000,1.527882,100500
1980-11-26,11.875000,12.125000,11.875000,11.875000,1.527882,92500
1980-11-28,11.875000,12.000000,11.625000,11.625000,1.495717,598300
1980-12-01,11.625000,11.875000,11.500000,11.625000,1.495717,117500
1980-12-02,11.625000,11.750000,11.500000,11.500000,1.479633,76800
1980-12-03,11.500000,11.750000,11.500000,11.625000,1.495717,81800
1980-12-04,11.625000,11.750000,11.500000,11.750000,1.511800,116200
1980-12-05,11.625000,11.625000,11.500000,11.625000,1.495717,126800
1980-12-08,11.625000,11.625000,11.500000,11.625000,1.495717,267400
1980-12-09,11.250000,11.250000,10.750000,10.750000,1.433061,357700
1980-12-10,10.750000,11.000000,10.625000,10.750000,1.433061,611000
1980-12-11,10.750000,11.000000,10.625000,10.750000,1.433061,161800
1980-12-12,10.750000,11.000000,10.750000,10.750000,1.433061,191500
1980-12-15,10.750000,10.875000,10.750000,10.750000,1.433061,216300
1980-12-16,10.750000,10.875000,10.625000,10.875000,1.449724,177400
1980-12-17,10.875000,11.000000,10.750000,11.000000,1.466388,221300
1980-12-18,11.000000,11.625000,10.625000,11.500000,1.533043,244200
1980-12-19,11.625000,12.000000,11.625000,11.875000,1.583033,173300
1980-12-22,11.875000,12.125000,11.125000,12.125000,1.616360,175700
1980-12-23,12.125000,12.125000,11.875000,12.000000,1.599696,173800
1980-12-24,12.000000,12.000000,11.750000,11.750000,1.566370,121900
1980-12-26,11.750000,11.875000,11.750000,11.750000,1.566370,62700
1980-12-29,11.750000,11.875000,11.500000,11.625000,1.549707,146700
1980-12-30,11.625000,11.750000,11.500000,11.625000,1.549707,194300
1980-12-31,11.625000,11.750000,10.625000,11.500000,1.533043,204300
1981-01-02,11.625000,12.125000,11.625000,12.125000,1.616360,94400
1981-01-05,12.125000,12.500000,12.125000,12.375000,1.649687,97600
1981-01-06,12.375000,12.625000,12.375000,12.375000,1.649687,98000
1981-01-07,12.375000,12.375000,12.125000,12.125000,1.616360,148800
1981-01-08,12.125000,12.250000,12.000000,12.125000,1.616360,158400
1981-01-09,12.125000,12.500000,12.000000,12.000000,1.599696,60800
1981-01-12,12.125000,12.250000,12.125000,12.250000,1.633023,98400
1981-01-13,12.250000,12.250000,12.000000,12.000000,1.599696,75300
1981-01-14,12.000000,12.250000,12.000000,12.125000,1.616360,66100
1981-01-15,12.125000,12.250000,12.000000,12.125000,1.616360,45200
1981-01-16,12.125000,12.250000,12.125000,12.125000,1.616360,45200
1981-01-19,12.125000,12.250000,12.125000,12.125000,1.616360,150800
1981-01-20,12.125000,12.250000,12.000000,12.000000,1.599696,90200
1981-01-21,12.000000,12.125000,12.000000,12.125000,1.616360,93900
1981-01-22,12.125000,12.125000,12.000000,12.125000,1.616360,68600
1981-01-23,12.000000,12.000000,11.875000,11.875000,1.583033,51200
1981-01-26,11.875000,12.000000,11.625000,11.750000,1.566370,67700
1981-01-27,11.750000,11.875000,11.625000,11.750000,1.566370,80000
1981-01-28,11.750000,11.875000,11.625000,11.750000,1.566370,117900
1981-01-29,11.750000,11.875000,11.750000,11.750000,1.566370,66600
1981-01-30,11.750000,11.875000,11.750000,11.875000,1.583033,468500
1981-02-02,11.875000,11.875000,11.625000,11.750000,1.566370,134400
1981-02-03,11.750000,11.750000,11.250000,11.625000,1.549707,417400
1981-02-04,11.500000,11.500000,11.250000,11.500000,1.533043,83200
1981-02-05,11.500000,11.500000,11.375000,11.375000,1.516379,77100
1981-02-06,11.375000,11.500000,11.250000,11.375000,1.516379,113400
1981-02-09,11.375000,11.500000,11.250000,11.375000,1.516379,81000
1981-02-10,11.375000,11.375000,11.250000,11.375000,1.516379,138700
1981-02-11,11.375000,11.875000,11.250000,11.250000,1.499716,65000
1981-02-12,11.250000,11.500000,11.250000,11.250000,1.499716,54700
1981-02-13,11.250000,11.375000,11.250000,11.375000,1.516379,93100
1981-02-17,11.375000,11.500000,11.250000,11.375000,1.516379,79200
1981-02-18,11.375000,11.750000,11.375000,11.750000,1.566370,56100
1981-02-19,11.750000,11.750000,11.375000,11.500000,1.533043,60000
1981-02-20,11.500000,11.750000,11.375000,11.750000,1.566370,59000
1981-02-23,11.750000,12.000000,11.750000,11.875000,1.583033,107200
1981-02-24,11.875000,12.000000,11.750000,11.875000,1.583033,71800
1981-02-25,11.875000,12.125000,11.750000,12.000000,1.599696,324000
1981-02-26,12.000000,12.000000,11.875000,12.000000,1.599696,49600
1981-02-27,12.000000,12.250000,12.000000,12.125000,1.616360,207700
1981-03-02,12.125000,12.250000,12.125000,12.250000,1.633023,329800
1981-03-03,11.500000,11.625000,11.500000,11.500000,1.585460,94600
1981-03-04,11.500000,11.750000,11.500000,11.625000,1.602693,86300
1981-03-05,11.625000,11.625000,11.500000,11.625000,1.602693,69400
1981-03-06,11.625000,11.750000,11.375000,11.500000,1.585460,115300
1981-03-09,11.500000,11.750000,11.500000,11.625000,1.602693,81400
1981-03-10,11.625000,11.875000,11.000000,11.875000,1.637159,72400
1981-03-11,11.875000,12.000000,11.875000,12.000000,1.654393,54600
1981-03-12,12.000000,12.125000,11.875000,12.125000,1.671626,82600
1981-03-13,12.125000,12.375000,12.000000,12.000000,1.654393,114300
1981-03-16,12.000000,12.125000,11.875000,12.125000,1.671626,182300
1981-03-17,12.125000,12.250000,12.000000,12.250000,1.688858,58400
1981-03-18,12.250000,12.250000,12.000000,12.000000,1.654393,50200
1981-03-19,12.000000,12.250000,12.000000,12.125000,1.671626,57400
1981-03-20,12.125000,12.250000,12.125000,12.250000,1.688858,118200
1981-03-23,12.125000,12.125000,12.000000,12.125000,1.671626,114300
1981-03-24,12.125000,12.250000,11.875000,12.125000,1.671626,84300
1981-03-25,12.125000,12.125000,11.875000,12.125000,1.671626,97100
1981-03-26,12.125000,12.125000,11.875000,12.125000,1.671626,60600
1981-03-27,12.125000,12.125000,12.000000,12.000000,1.654393,144200
1981-03-30,12.000000,12.125000,11.875000,12.000000,1.654393,155300
1981-03-31,12.000000,12.125000,11.875000,11.875000,1.637159,108600
1981-04-01,12.000000,12.125000,12.000000,12.125000,1.671626,154100
1981-04-02,12.125000,12.125000,12.000000,12.000000,1.654393,73100
1981-04-03,12.000000,12.125000,12.000000,12.125000,1.671626,59000
1981-04-06,12.000000,12.000000,11.750000,11.875000,1.637159,76400
1981-04-07,11.875000,12.000000,11.875000,11.875000,1.637159,54800
1981-04-08,11.875000,12.000000,11.875000,11.875000,1.637159,75800
1981-04-09,11.875000,11.875000,11.750000,11.750000,1.619926,64900
1981-04-10,11.750000,11.875000,11.625000,11.750000,1.619926,56900
1981-04-13,11.750000,12.000000,11.750000,11.875000,1.637159,58200
1981-04-14,11.875000,11.875000,11.750000,11.875000,1.637159,77400
1981-04-15,11.875000,11.875000,11.625000,11.750000,1.619926,63800
1981-04-16,11.750000,11.750000,11.625000,11.750000,1.619926,109600
1981-04-20,11.750000,11.875000,11.500000,11.625000,1.602693,65900
1981-04-21,11.625000,11.875000,11.500000,11.875000,1.637159,132800
1981-04-22,11.875000,11.875000,11.625000,11.750000,1.619926,74000
1981-04-23,11.750000,11.750000,11.500000,11.625000,1.602693,65600
1981-04-24,11.625000,11.750000,11.625000,11.750000,1.619926,39300
1981-04-27,11.750000,11.875000,11.625000,11.625000,1.602693,65800
1981-04-28,11.625000,11.625000,11.500000,11.625000,1.602693,52400
1981-04-29,11.625000,11.750000,11.125000,11.750000,1.619926,412100
1981-04-30,11.750000,11.750000,11.625000,11.625000,1.602693,146200
1981-05-01,11.625000,11.625000,11.375000,11.500000,1.585460,597200
1981-05-04,11.375000,11.375000,11.125000,11.250000,1.550994,223300
1981-05-05,11.250000,11.250000,11.000000,11.250000,1.550994,254400
1981-05-06,11.250000,11.250000,11.000000,11.125000,1.533759,167000
1981-05-07,11.125000,11.375000,11.125000,11.250000,1.550994,586500
1981-05-08,11.250000,11.500000,11.250000,11.375000,1.568227,95600
1981-05-11,11.375000,11.500000,11.250000,11.500000,1.585460,129600
1981-05-12,11.500000,11.500000,11.250000,11.500000,1.585460,97200
1981-05-13,11.500000,11.750000,11.500000,11.625000,1.602693,181700
1981-05-14,11.625000,11.875000,11.625000,11.750000,1.619926,209000
1981-05-15,11.750000,12.000000,11.750000,12.000000,1.654393,164300
1981-05-18,12.000000,12.125000,12.000000,12.125000,1.671626,142800
1981-05-19,12.125000,12.125000,11.750000,12.000000,1.654393,261900
1981-05-20,12.000000,12.000000,11.875000,12.000000,1.654393,121800
1981-05-21,12.000000,12.125000,11.750000,11.875000,1.637159,92000
1981-05-22,11.875000,12.000000,11.750000,11.875000,1.637159,83700
1981-05-26,12.000000,12.250000,12.000000,12.125000,1.671626,90400
1981-05-27,12.125000,12.250000,12.000000,12.125000,1.671626,61500
1981-05-28,12.125000,12.375000,12.125000,12.250000,1.688858,148400
1981-05-29,12.250000,12.375000,12.250000,12.375000,1.706093,59800
1981-06-01,12.375000,12.500000,12.250000,12.250000,1.688858,218900
1981-06-02,12.250000,12.375000,12.125000,12.250000,1.688858,162600
1981-06-03,11.500000,11.750000,11.375000,11.375000,1.621847,235100
1981-06-04,11.500000,11.625000,11.500000,11.625000,1.657492,156000
1981-06-05,11.625000,11.750000,11.500000,11.625000,1.657492,243400
1981-06-08,11.625000,11.750000,11.500000,11.625000,1.657492,88000
1981-06-09,11.625000,11.875000,11.625000,11.750000,1.675314,81400
1981-06-10,11.750000,12.000000,11.250000,11.875000,1.693136,161300
1981-06-11,11.875000,12.375000,11.875000,12.125000,1.728781,213100
1981-06-12,12.250000,12.500000,12.250000,12.375000,1.764426,188600
1981-06-15,12.625000,13.000000,12.625000,12.750000,1.817894,645800
1981-06-16,12.750000,13.125000,12.750000,13.000000,1.853539,345400
1981-06-17,12.875000,12.875000,12.500000,12.625000,1.800071,158100
1981-06-18,12.625000,12.750000,12.500000,12.500000,1.782249,67500
1981-06-19,12.500000,12.625000,12.375000,12.500000,1.782249,161300
1981-06-22,12.500000,12.750000,12.500000,12.625000,1.800071,95700
1981-06-23,12.625000,12.750000,12.625000,12.625000,1.800071,180100
1981-06-24,12.625000,12.750000,12.500000,12.625000,1.800071,111000
1981-06-25,12.625000,12.875000,12.625000,12.625000,1.800071,153100
1981-06-26,12.625000,12.625000,12.500000,12.500000,1.782249,82000
1981-06-29,12.500000,12.750000,12.500000,12.750000,1.817894,97500
1981-06-30,12.625000,12.625000,12.250000,12.250000,1.746603,116400
1981-07-01,12.250000,12.500000,12.250000,12.250000,1.746603,66800
1981-07-02,12.250000,12.500000,12.250000,12.250000,1.746603,119500
1981-07-06,12.250000,12.375000,12.125000,12.250000,1.746603,117800
1981-07-07,12.250000,12.375000,12.125000,12.250000,1.746603,58600
1981-07-08,12.250000,12.250000,12.000000,12.250000,1.746603,110800
1981-07-09,12.250000,12.500000,12.125000,12.500000,1.782249,121800
1981-07-10,12.500000,12.625000,12.375000,12.500000,1.782249,89700
1981-07-13,12.500000,12.750000,12.500000,12.750000,1.817894,77300
1981-07-14,12.750000,12.750000,12.375000,12.500000,1.782249,68200
1981-07-15,12.500000,12.625000,12.500000,12.500000,1.782249,63700
1981-07-16,12.500000,12.625000,12.375000,12.625000,1.800071,55200
1981-07-17,12.625000,12.750000,12.500000,12.750000,1.817894,68100
1981-07-20,12.625000,12.625000,12.500000,12.625000,1.800071,117500
1981-07-21,12.625000,12.625000,12.500000,12.625000,1.800071,78300
1981-07-22,12.625000,12.625000,12.375000,12.375000,1.764426,57800
1981-07-23,12.375000,12.500000,12.250000,12.375000,1.764426,144400
1981-07-24,12.375000,12.500000,12.250000,12.375000,1.764426,112300
1981-07-27,12.375000,12.625000,12.375000,12.625000,1.800071,101300
1981-07-28,12.625000,12.750000,12.500000,12.625000,1.800071,201700
1981-07-29,12.625000,12.750000,12.625000,12.625000,1.800071,146100
1981-07-30,12.625000,12.750000,12.625000,12.625000,1.800071,59100
1981-07-31,12.625000,12.875000,12.625000,12.875000,1.835715,93000
1981-08-03,12.875000,13.000000,12.750000,12.875000,1.835715,113500
1981-08-04,12.875000,12.875000,12.750000,12.875000,1.835715,63100
1981-08-05,12.875000,13.000000,12.750000,13.000000,1.853539,81600
1981-08-06,13.000000,13.250000,12.875000,13.125000,1.871361,213900
1981-08-07,13.125000,13.250000,13.000000,13.125000,1.871361,93500
1981-08-10,13.125000,13.375000,13.125000,13.125000,1.871361,239900
1981-08-11,13.125000,13.750000,13.125000,13.625000,1.942650,315200
1981-08-12,13.625000,13.875000,13.500000,13.500000,1.924829,177000
1981-08-13,13.500000,13.625000,13.500000,13.500000,1.924829,102100
1981-08-14,13.500000,13.625000,13.250000,13.250000,1.889184,59600
1981-08-17,13.250000,13.625000,13.125000,13.250000,1.889184,87200
1981-08-18,13.250000,13.375000,13.125000,13.125000,1.871361,97800
1981-08-19,13.125000,13.250000,13.000000,13.125000,1.871361,68700
1981-08-20,13.125000,13.500000,13.125000,13.125000,1.871361,88900
1981-08-21,13.125000,13.375000,13.125000,13.375000,1.907005,111400
1981-08-24,13.375000,13.750000,12.625000,12.750000,1.817894,145300
1981-08-25,12.625000,12.625000,12.500000,12.500000,1.782249,109000
1981-08-26,12.500000,12.875000,12.500000,12.875000,1.835715,113600
1981-08-27,12.875000,13.125000,12.750000,13.125000,1.871361,109400
1981-08-28,13.125000,13.375000,13.000000,13.375000,1.907005,148500
1981-08-31,13.375000,13.500000,13.250000,13.375000,1.907005,239000
1981-09-01,13.375000,13.500000,13.375000,13.375000,1.907005,134600
1981-09-02,13.375000,13.500000,12.750000,12.750000,1.817894,225900
1981-09-03,12.750000,13.000000,12.750000,12.750000,1.817894,412500
1981-09-04,12.750000,12.875000,12.500000,12.500000,1.782249,165700
1981-09-08,11.875000,12.125000,11.875000,11.875000,1.749831,121500
1981-09-09,11.875000,12.125000,11.875000,12.000000,1.768250,112400
1981-09-10,12.000000,12.000000,11.875000,11.875000,1.749831,63400
1981-09-11,12.000000,12.250000,12.000000,12.250000,1.805088,159100
1981-09-14,12.250000,12.250000,12.000000,12.000000,1.768250,55000
1981-09-15,12.000000,12.250000,12.000000,12.125000,1.786670,138500
1981-09-16,12.125000,12.250000,12.000000,12.000000,1.768250,96700
1981-09-17,12.000000,12.375000,12.000000,12.250000,1.805088,155600
1981-09-18,12.250000,12.250000,12.000000,12.000000,1.768250,71800
1981-09-21,12.125000,12.375000,12.125000,12.375000,1.823508,138600
1981-09-22,12.375000,12.625000,12.250000,12.375000,1.823508,253000
1981-09-23,12.375000,12.500000,12.250000,12.250000,1.805088,82900
1981-09-24,12.250000,12.500000,12.250000,12.250000,1.805088,66900
1981-09-25,12.250000,12.250000,12.000000,12.000000,1.768250,82100
1981-09-28,11.875000,11.875000,11.500000,11.875000,1.749831,133500
1981-09-29,11.875000,12.125000,11.750000,11.875000,1.749831,112900
1981-09-30,11.875000,11.875000,11.625000,11.750000,1.731412,86600
1981-10-01,11.750000,11.875000,11.750000,11.750000,1.731412,45300
1981-10-02,11.750000,12.000000,11.750000,11.750000,1.731412,52600
1981-10-05,11.750000,12.000000,11.750000,11.875000,1.749831,74000
1981-10-06,11.875000,12.000000,11.875000,12.000000,1.768250,55800
1981-10-07,12.000000,12.250000,12.000000,12.125000,1.786670,46000
1981-10-08,12.125000,12.250000,12.000000,12.125000,1.786670,51200
1981-10-09,12.125000,13.125000,12.125000,12.375000,1.823508,86700
1981-10-12,12.375000,12.500000,12.250000,12.375000,1.823508,36400
1981-10-13,12.375000,12.375000,12.125000,12.250000,1.805088,114300
1981-10-14,12.250000,12.250000,12.125000,12.125000,1.786670,48400
1981-10-15,12.125000,12.250000,12.000000,12.125000,1.786670,45000
1981-10-16,12.125000,12.125000,12.000000,12.000000,1.768250,48300
1981-10-19,12.000000,12.250000,12.000000,12.000000,1.768250,92500
1981-10-20,12.000000,12.125000,12.000000,12.000000,1.768250,63300
1981-10-21,12.000000,12.125000,12.000000,12.000000,1.768250,33100
1981-10-22,12.000000,12.125000,11.750000,11.750000,1.731412,59200
1981-10-23,11.750000,11.875000,11.625000,11.625000,1.712992,103700
1981-10-26,11.625000,11.875000,11.625000,11.750000,1.731412,55200
1981-10-27,11.750000,12.000000,11.625000,11.875000,1.749831,86200
1981-10-28,12.000000,12.125000,12.000000,12.125000,1.786670,63500
1981-10-29,12.125000,12.250000,12.000000,12.250000,1.805088,49100
1981-10-30,12.500000,12.750000,12.500000,12.625000,1.860347,695700
1981-11-02,12.625000,12.875000,12.500000,12.750000,1.878766,289500
1981-11-03,12.750000,12.750000,12.625000,12.625000,1.860347,127800
1981-11-04,12.625000,12.625000,12.500000,12.500000,1.841927,128000
1981-11-05,12.500000,12.750000,12.500000,12.750000,1.878766,282600
1981-11-06,12.750000,12.750000,12.500000,12.625000,1.860347,214000
1981-11-09,12.625000,13.125000,12.625000,13.125000,1.934024,592800
1981-11-10,13.125000,13.375000,13.125000,13.250000,1.952443,397900
1981-11-11,13.250000,13.250000,13.000000,13.250000,1.952443,284000
1981-11-12,13.250000,13.375000,13.125000,13.375000,1.970861,241900
1981-11-13,13.500000,13.625000,13.500000,13.500000,1.989282,428100
1981-11-16,13.500000,13.750000,13.500000,13.750000,2.026121,469100
1981-11-17,13.750000,13.750000,13.625000,13.750000,2.026121,141700
1981-11-18,13.750000,13.750000,13.625000,13.625000,2.007701,136200
1981-11-19,13.625000,13.750000,13.500000,13.750000,2.026121,130500
1981-11-20,13.750000,13.875000,13.625000,13.625000,2.007701,416600
1981-11-23,13.625000,13.625000,13.500000,13.625000,2.007701,139400
1981-11-24,13.625000,13.750000,13.375000,13.750000,2.026121,259400
1981-11-25,13.750000,13.750000,13.625000,13.750000,2.026121,100100
1981-11-27,13.750000,13.875000,13.625000,13.750000,2.026121,72400
1981-11-30,13.750000,13.875000,13.625000,13.750000,2.026121,140900
1981-12-01,13.750000,13.875000,13.375000,13.625000,2.007701,181000
1981-12-02,13.500000,13.500000,13.125000,13.250000,1.952443,80300
1981-12-03,13.250000,13.375000,13.000000,13.375000,1.970861,148900
1981-12-04,13.375000,13.500000,13.250000,13.500000,1.989282,155300
1981-12-07,13.500000,13.500000,13.250000,13.500000,1.989282,86900
1981-12-08,13.500000,13.500000,13.250000,13.500000,1.989282,451000
1981-12-09,12.625000,12.875000,12.625000,12.750000,1.938352,125800
1981-12-10,12.750000,12.750000,12.500000,12.750000,1.938352,164600
1981-12-11,12.750000,12.875000,12.625000,12.750000,1.938352,111400
1981-12-14,12.750000,12.750000,12.500000,12.750000,1.938352,114100
1981-12-15,12.750000,12.875000,12.625000,12.875000,1.957355,99200
1981-12-16,12.750000,12.750000,12.625000,12.750000,1.938352,74600
1981-12-17,12.750000,12.750000,12.375000,12.500000,1.900346,129700
1981-12-18,12.500000,12.750000,12.500000,12.750000,1.938352,91000
1981-12-21,12.750000,12.750000,12.500000,12.625000,1.919348,178100
1981-12-22,12.625000,12.625000,12.500000,12.625000,1.919348,240000
1981-12-23,12.625000,12.625000,12.375000,12.500000,1.900346,72300
1981-12-24,12.500000,12.750000,12.500000,12.750000,1.938352,39600
1981-12-28,12.750000,12.875000,12.625000,12.750000,1.938352,64800
1981-12-29,12.750000,12.750000,12.500000,12.625000,1.919348,173800
1981-12-30,12.625000,12.625000,12.500000,12.625000,1.919348,237800
1981-12-31,12.500000,12.625000,12.375000,12.625000,1.919348,192200
1982-01-04,12.625000,12.750000,12.500000,12.625000,1.919348,203900
1982-01-05,12.625000,12.625000,12.500000,12.625000,1.919348,108300
1982-01-06,12.500000,12.625000,12.375000,12.500000,1.900346,166200
1982-01-07,12.500000,12.625000,12.375000,12.500000,1.900346,305600
1982-01-08,12.875000,13.000000,12.625000,13.000000,1.976360,101500
1982-01-11,12.750000,12.875000,12.625000,12.625000,1.919348,89400
1982-01-12,12.625000,12.625000,12.500000,12.625000,1.919348,95500
1982-01-13,12.625000,12.750000,12.500000,12.625000,1.919348,53900
1982-01-14,12.625000,12.750000,12.500000,12.750000,1.938352,57900
1982-01-15,12.625000,12.750000,12.500000,12.625000,1.919348,56900
1982-01-18,12.625000,12.750000,12.500000,12.750000,1.938352,81100
1982-01-19,12.750000,12.750000,12.625000,12.750000,1.938352,64200
1982-01-20,12.750000,12.750000,12.625000,12.750000,1.938352,163800
1982-01-21,12.625000,12.750000,12.500000,12.750000,1.938352,95300
1982-01-22,12.875000,13.000000,12.625000,12.750000,1.938352,90100
1982-01-25,12.750000,12.750000,12.625000,12.750000,1.938352,228800
1982-01-26,12.750000,12.875000,12.625000,12.875000,1.957355,97400
1982-01-27,12.875000,13.000000,12.750000,12.875000,1.957355,104600
1982-01-28,13.000000,13.125000,12.875000,13.125000,1.995363,438000
1982-01-29,13.250000,13.250000,13.125000,13.250000,2.014366,108800
1982-02-01,13.000000,13.125000,12.750000,12.875000,1.957355,165900
1982-02-02,12.875000,13.000000,12.750000,12.750000,1.938352,72200
1982-02-03,12.875000,12.875000,12.750000,12.750000,1.938352,77600
1982-02-04,12.875000,12.875000,12.750000,12.875000,1.957355,129000
1982-02-05,12.875000,13.000000,12.750000,13.000000,1.976360,70200
1982-02-08,12.875000,13.000000,12.750000,13.000000,1.976360,174400
1982-02-09,12.875000,13.000000,12.750000,13.000000,1.976360,145500
1982-02-10,13.000000,13.125000,12.875000,13.125000,1.995363,76700
1982-02-11,13.000000,13.125000,12.875000,13.125000,1.995363,311100
1982-02-12,13.125000,13.125000,13.000000,13.125000,1.995363,45700
1982-02-16,13.000000,13.000000,12.875000,13.000000,1.976360,60600
1982-02-17,13.125000,13.125000,13.000000,13.125000,1.995363,97100
1982-02-18,13.125000,13.125000,13.000000,13.125000,1.995363,68300
1982-02-19,13.125000,13.125000,13.000000,13.125000,1.995363,98100
1982-02-22,13.375000,13.375000,13.250000,13.250000,2.014366,170700
1982-02-23,13.500000,13.750000,13.250000,13.750000,2.090380,133400
1982-02-24,13.625000,13.750000,13.500000,13.750000,2.090380,128600
1982-02-25,13.625000,13.750000,13.500000,13.750000,2.090380,138200
1982-02-26,13.750000,13.875000,13.625000,13.875000,2.109382,83000
1982-03-01,13.750000,13.875000,13.625000,13.625000,2.071376,478400
1982-03-02,13.875000,14.000000,13.750000,13.875000,2.109382,304100
1982-03-03,13.875000,14.000000,13.750000,14.000000,2.128387,254400
1982-03-04,13.875000,14.000000,13.750000,13.875000,2.109382,105300
1982-03-05,13.875000,14.000000,13.750000,14.000000,2.128387,147100
1982-03-08,14.250000,14.375000,14.000000,14.250000,2.166393,628300
1982-03-09,13.625000,13.750000,13.375000,13.750000,2.153084,554900
1982-03-10,13.625000,13.750000,13.500000,13.625000,2.133510,159500
1982-03-11,13.500000,13.625000,13.250000,13.500000,2.113937,100900
1982-03-12,13.375000,13.500000,13.125000,13.250000,2.074789,144200
1982-03-15,13.125000,13.250000,13.000000,13.125000,2.055217,142200
1982-03-16,13.125000,13.125000,13.000000,13.000000,2.035643,94200
1982-03-17,13.000000,13.125000,12.875000,13.000000,2.035643,87100
1982-03-18,13.000000,13.125000,12.875000,13.000000,2.035643,79500
1982-03-19,13.000000,13.125000,12.875000,13.125000,2.055217,185700
1982-03-22,13.000000,13.125000,12.875000,13.125000,2.055217,82500
1982-03-23,13.250000,13.250000,13.125000,13.250000,2.074789,279500
1982-03-24,13.250000,13.375000,13.125000,13.375000,2.094363,47300
1982-03-25,13.250000,13.375000,13.000000,13.250000,2.074789,90500
1982-03-26,13.125000,13.125000,13.000000,13.125000,2.055217,107300
1982-03-29,13.000000,13.125000,12.875000,13.125000,2.055217,85100
1982-03-30,13.125000,13.125000,13.000000,13.125000,2.055217,135100
1982-03-31,13.125000,13.125000,13.000000,13.125000,2.055217,111900
1982-04-01,13.125000,13.125000,13.000000,13.125000,2.055217,101100
1982-04-02,13.125000,13.750000,13.000000,13.375000,2.094363,258700
1982-04-05,13.250000,13.375000,13.125000,13.375000,2.094363,119100
1982-04-06,13.250000,13.375000,13.125000,13.250000,2.074789,98300
1982-04-07,13.250000,13.250000,13.125000,13.250000,2.074789,99300
1982-04-08,13.250000,13.250000,13.125000,13.250000,2.074789,124700
1982-04-12,13.250000,13.375000,13.125000,13.375000,2.094363,172000
1982-04-13,13.375000,13.375000,13.250000,13.375000,2.094363,106700
1982-04-14,13.375000,13.375000,13.250000,13.375000,2.094363,217800
1982-04-15,13.500000,13.625000,13.250000,13.625000,2.133510,242600
1982-04-16,13.500000,13.625000,13.375000,13.625000,2.133510,140400
1982-04-19,13.625000,13.750000,13.500000,13.750000,2.153084,137100
1982-04-20,13.625000,13.750000,13.375000,13.625000,2.133510,135400
1982-04-21,13.500000,13.625000,13.375000,13.500000,2.113937,91500
1982-04-22,13.625000,13.750000,13.500000,13.750000,2.153084,113700
1982-04-23,13.625000,13.750000,13.500000,13.625000,2.133510,159400
1982-04-26,13.500000,13.625000,13.375000,13.625000,2.133510,103700
1982-04-27,13.500000,13.750000,13.250000,13.375000,2.094363,150400
1982-04-28,13.500000,13.500000,13.375000,13.500000,2.113937,90000
1982-04-29,13.500000,13.500000,13.375000,13.375000,2.094363,90100
1982-04-30,13.500000,13.625000,13.375000,13.500000,2.113937,241300
1982-05-03,13.500000,13.625000,13.375000,13.500000,2.113937,162900
1982-05-04,13.500000,13.625000,13.375000,13.500000,2.113937,869000
1982-05-05,13.500000,13.500000,13.375000,13.500000,2.113937,169100
1982-05-06,13.500000,13.500000,13.375000,13.500000,2.113937,290700
1982-05-07,13.750000,13.875000,13.500000,13.750000,2.153084,225800
1982-05-10,13.750000,13.875000,13.500000,13.500000,2.113937,184800
1982-05-11,13.750000,13.875000,13.500000,13.750000,2.153084,87500
1982-05-12,13.875000,14.000000,13.750000,13.875000,2.172656,136500
1982-05-13,14.000000,14.000000,13.875000,14.000000,2.192230,416000
1982-05-14,14.000000,14.250000,13.750000,13.750000,2.153084,872700
1982-05-17,13.625000,13.750000,13.375000,13.750000,2.153084,1592300
1982-05-18,13.625000,13.750000,13.500000,13.625000,2.133510,336200
1982-05-19,13.625000,13.625000,13.500000,13.500000,2.113937,526900
1982-05-20,13.625000,13.625000,13.500000,13.625000,2.133510,156400
1982-05-21,13.625000,13.750000,13.500000,13.750000,2.153084,302300
1982-05-24,13.625000,13.750000,13.500000,13.625000,2.133510,275500
1982-05-25,13.750000,13.750000,13.625000,13.625000,2.133510,259200
1982-05-26,13.625000,13.750000,13.500000,13.625000,2.133510,103100
1982-05-27,13.625000,13.750000,13.500000,13.625000,2.133510,75800
1982-05-28,13.625000,13.625000,13.500000,13.625000,2.133510,141800
1982-06-01,13.625000,13.750000,13.500000,13.500000,2.113937,103600
1982-06-02,13.625000,13.625000,13.500000,13.500000,2.113937,195700
1982-06-03,13.625000,13.750000,13.500000,13.625000,2.133510,87100
1982-06-04,13.625000,13.750000,13.500000,13.750000,2.153084,253200
1982-06-07,13.125000,13.250000,13.000000,13.000000,2.098994,135900
1982-06-08,13.000000,13.125000,12.875000,13.000000,2.098994,341600
1982-06-09,12.750000,12.875000,12.500000,12.750000,2.058629,285000
1982-06-10,12.750000,12.875000,12.500000,12.750000,2.058629,104800
1982-06-11,12.750000,12.875000,12.625000,12.750000,2.058629,231800
1982-06-14,12.625000,12.750000,12.375000,12.500000,2.018263,268200
1982-06-15,12.375000,12.500000,12.250000,12.375000,1.998081,176300
1982-06-16,12.500000,12.625000,12.375000,12.625000,2.038446,417200
1982-06-17,12.625000,12.750000,12.500000,12.750000,2.058629,220800
1982-06-18,12.750000,12.875000,12.625000,12.875000,2.078812,265000
1982-06-21,12.875000,12.875000,12.750000,12.875000,2.078812,163700
1982-06-22,12.750000,12.875000,12.625000,12.875000,2.078812,74400
1982-06-23,12.875000,12.875000,12.750000,12.875000,2.078812,407600
1982-06-24,12.625000,12.875000,12.375000,12.875000,2.078812,238800
1982-06-25,13.000000,13.000000,12.875000,13.000000,2.098994,131400
1982-06-28,12.875000,13.000000,12.750000,12.875000,2.078812,100800
1982-06-29,12.875000,13.000000,12.750000,13.000000,2.098994,512000
1982-06-30,13.000000,13.125000,12.875000,13.000000,2.098994,249600
1982-07-01,13.000000,13.125000,12.875000,12.875000,2.078812,400000
1982-07-02,13.000000,13.125000,12.875000,13.125000,2.119176,200400
1982-07-06,13.125000,13.125000,13.000000,13.125000,2.119176,132900
1982-07-07,13.125000,13.125000,13.000000,13.125000,2.119176,465900
1982-07-08,13.125000,13.125000,13.000000,13.125000,2.119176,71300
1982-07-09,13.125000,13.125000,13.000000,13.125000,2.119176,93900
1982-07-12,13.250000,13.250000,13.125000,13.125000,2.119176,82600
1982-07-13,13.250000,13.375000,13.125000,13.375000,2.159542,264600
1982-07-14,13.250000,13.250000,13.125000,13.125000,2.119176,82600
1982-07-15,13.250000,13.250000,13.125000,13.250000,2.139360,110700
1982-07-16,13.125000,13.250000,13.000000,13.000000,2.098994,99300
1982-07-19,13.125000,13.250000,13.000000,13.125000,2.119176,104800
1982-07-20,13.125000,13.250000,13.000000,13.125000,2.119176,345400
1982-07-21,13.000000,13.125000,12.875000,13.000000,2.098994,111400
1982-07-22,13.000000,13.125000,12.875000,13.000000,2.098994,148100
1982-07-23,13.125000,13.125000,13.000000,13.125000,2.119176,79600
1982-07-26,13.125000,13.125000,13.000000,13.125000,2.119176,98200
1982-07-27,13.000000,13.125000,12.875000,12.875000,2.078812,91200
1982-07-28,12.875000,13.000000,12.750000,12.750000,2.058629,170500
1982-07-29,12.750000,12.750000,12.625000,12.625000,2.038446,122600
1982-07-30,12.750000,12.875000,12.625000,12.750000,2.058629,53700
1982-08-02,12.875000,13.000000,12.750000,13.000000,2.098994,110200
1982-08-03,13.000000,13.000000,12.875000,13.000000,2.098994,62200
1982-08-04,12.875000,12.875000,12.750000,12.875000,2.078812,77700
1982-08-05,12.750000,12.875000,12.625000,12.750000,2.058629,51700
1982-08-06,12.750000,12.875000,12.625000,12.625000,2.038446,62900
1982-08-09,12.750000,12.750000,12.625000,12.750000,2.058629,77400
1982-08-10,12.875000,12.875000,12.750000,12.875000,2.078812,65400
1982-08-11,12.750000,12.875000,12.500000,12.500000,2.018263,441500
1982-08-12,12.750000,12.750000,12.625000,12.750000,2.058629,83700
1982-08-13,12.750000,12.875000,12.625000,12.875000,2.078812,145200
1982-08-16,13.125000,13.250000,13.000000,13.000000,2.098994,241000
1982-08-17,13.625000,13.875000,13.375000,13.875000,2.240274,1005000
1982-08-18,15.625000,17.250000,13.875000,14.000000,2.260457,1030100
1982-08-19,14.000000,14.125000,13.875000,14.000000,2.260457,514900
1982-08-20,14.125000,14.250000,14.000000,14.250000,2.300821,239700
1982-08-23,14.375000,14.500000,14.125000,14.500000,2.341187,298000
1982-08-24,14.375000,14.500000,14.250000,14.500000,2.341187,303100
1982-08-25,14.500000,14.625000,14.375000,14.500000,2.341187,277200
1982-08-26,14.500000,14.625000,14.375000,14.500000,2.341187,295500
1982-08-27,14.375000,14.500000,14.250000,14.375000,2.321003,591400
1982-08-30,14.375000,14.500000,14.250000,14.500000,2.341187,109200
1982-08-31,14.625000,14.875000,14.375000,14.625000,2.361369,1014300
1982-09-01,14.875000,14.875000,14.750000,14.875000,2.401733,189200
1982-09-02,14.625000,15.000000,14.250000,15.000000,2.421916,291400
1982-09-03,15.250000,15.625000,14.875000,15.125000,2.442099,404000
1982-09-07,14.625000,14.625000,14.500000,14.500000,2.407235,525000
1982-09-08,14.500000,14.625000,14.375000,14.375000,2.386483,543400
1982-09-09,14.375000,14.500000,14.250000,14.375000,2.386483,498100
1982-09-10,14.375000,14.500000,14.125000,14.125000,2.344980,233200
1982-09-13,14.250000,14.375000,14.125000,14.250000,2.365732,71900
1982-09-14,14.375000,14.500000,14.250000,14.250000,2.365732,222800
1982-09-15,14.500000,14.625000,14.375000,14.625000,2.427988,428500
1982-09-16,14.500000,14.625000,14.375000,14.375000,2.386483,216200
1982-09-17,14.500000,14.500000,14.375000,14.500000,2.407235,297800
1982-09-20,14.500000,14.500000,14.375000,14.500000,2.407235,74700
1982-09-21,14.500000,14.625000,14.375000,14.625000,2.427988,756000
1982-09-22,14.625000,14.750000,14.500000,14.750000,2.448740,444900
1982-09-23,14.625000,14.750000,14.500000,14.750000,2.448740,192600
1982-09-24,14.625000,14.750000,14.500000,14.500000,2.407235,119500
1982-09-27,14.625000,14.625000,14.500000,14.500000,2.407235,118200
1982-09-28,14.625000,14.625000,14.500000,14.625000,2.427988,144600
1982-09-29,14.500000,14.625000,14.250000,14.250000,2.365732,106600
1982-09-30,14.250000,14.375000,14.125000,14.250000,2.365732,241300
1982-10-01,14.250000,14.250000,14.125000,14.250000,2.365732,98200
1982-10-04,14.250000,14.375000,14.125000,14.250000,2.365732,333300
1982-10-05,14.250000,14.375000,14.125000,14.250000,2.365732,323200
1982-10-06,14.500000,14.625000,14.250000,14.625000,2.427988,225300
1982-10-07,14.750000,14.875000,14.625000,14.875000,2.469493,531400
1982-10-08,15.000000,15.125000,14.875000,15.000000,2.490243,362500
1982-10-11,15.500000,15.500000,15.125000,15.125000,2.510996,333100
1982-10-12,15.375000,15.500000,15.250000,15.250000,2.531747,237100
1982-10-13,15.250000,15.375000,15.125000,15.125000,2.510996,130300
1982-10-14,15.375000,15.500000,15.125000,15.250000,2.531747,251500
1982-10-15,15.250000,15.375000,15.125000,15.250000,2.531747,109400
1982-10-18,15.250000,15.375000,15.125000,15.250000,2.531747,100200
1982-10-19,15.250000,15.375000,15.125000,15.125000,2.510996,169900
1982-10-20,15.125000,15.250000,15.000000,15.000000,2.490243,167900
1982-10-21,15.000000,15.125000,14.875000,15.000000,2.490243,259700
1982-10-22,15.000000,15.125000,14.875000,15.000000,2.490243,185600
1982-10-25,14.875000,15.000000,14.625000,14.750000,2.448740,139400
1982-10-26,14.375000,14.625000,14.125000,14.375000,2.386483,589600
1982-10-27,14.625000,14.750000,14.375000,14.625000,2.427988,144700
1982-10-28,14.750000,14.875000,14.625000,14.625000,2.427988,127200
1982-10-29,14.625000,14.750000,14.375000,14.500000,2.407235,98700
1982-11-01,14.750000,14.875000,14.500000,14.875000,2.469493,179600
1982-11-02,15.000000,15.125000,14.750000,14.875000,2.469493,206300
1982-11-03,14.875000,15.000000,14.750000,15.000000,2.490243,354900
1982-11-04,15.125000,15.250000,14.875000,14.875000,2.469493,380300
1982-11-05,14.875000,15.000000,14.625000,15.000000,2.490243,290500
1982-11-08,14.875000,15.000000,14.750000,15.000000,2.490243,100300
1982-11-09,15.000000,15.125000,14.750000,14.875000,2.469493,212900
1982-11-10,15.000000,15.125000,14.875000,14.875000,2.469493,230500
1982-11-11,14.750000,14.875000,14.625000,14.750000,2.448740,431200
1982-11-12,14.750000,14.875000,14.500000,14.750000,2.448740,148400
1982-11-15,14.750000,14.750000,14.625000,14.750000,2.448740,310900
1982-11-16,14.625000,14.750000,14.375000,14.625000,2.427988,201600
1982-11-17,14.875000,15.000000,14.625000,15.000000,2.490243,227500
1982-11-18,15.125000,15.250000,14.875000,15.125000,2.510996,131100
1982-11-19,15.125000,15.250000,14.875000,15.000000,2.490243,454200
1982-11-22,14.875000,15.000000,14.750000,14.750000,2.448740,320800
1982-11-23,14.875000,14.875000,14.750000,14.750000,2.448740,241300
1982-11-24,15.000000,15.000000,14.875000,14.875000,2.469493,93400
1982-11-26,15.125000,15.250000,15.000000,15.125000,2.510996,116700
1982-11-29,15.125000,15.250000,14.875000,15.000000,2.490243,376100
1982-11-30,15.000000,15.125000,14.875000,15.000000,2.490243,311900
1982-12-01,15.125000,15.125000,15.000000,15.125000,2.510996,141000
1982-12-02,15.125000,15.250000,15.000000,15.125000,2.510996,221000
1982-12-03,15.250000,15.375000,15.125000,15.250000,2.531747,148700
1982-12-06,15.250000,15.375000,15.125000,15.375000,2.552500,132800
1982-12-07,15.500000,15.625000,15.250000,15.500000,2.573254,435300
1982-12-08,15.500000,15.625000,15.375000,15.625000,2.594004,259400
1982-12-09,15.500000,15.625000,15.375000,15.500000,2.573254,103400
1982-12-10,15.625000,15.750000,15.375000,15.625000,2.594004,223200
1982-12-13,14.875000,14.875000,14.750000,14.750000,2.517208,907500
1982-12-14,14.875000,15.000000,14.750000,14.750000,2.517208,235500
1982-12-15,14.625000,14.750000,14.375000,14.375000,2.453210,436200
1982-12-16,14.375000,14.500000,14.125000,14.125000,2.410547,414900
1982-12-17,14.500000,14.750000,14.250000,14.750000,2.517208,274500
1982-12-20,14.625000,14.875000,14.375000,14.500000,2.474543,131400
1982-12-21,14.625000,14.625000,14.500000,14.500000,2.474543,101600
1982-12-22,14.625000,14.625000,14.500000,14.500000,2.474543,119200
1982-12-23,14.625000,14.750000,14.500000,14.750000,2.517208,109300
1982-12-27,14.875000,15.000000,14.625000,14.875000,2.538541,122400
1982-12-28,14.875000,15.000000,14.750000,14.875000,2.538541,85200
1982-12-29,14.875000,15.000000,14.750000,14.875000,2.538541,117400
1982-12-30,15.000000,15.125000,14.875000,14.875000,2.538541,114600
1982-12-31,14.875000,15.000000,14.750000,14.875000,2.538541,68300
1983-01-03,14.875000,14.875000,14.750000,14.750000,2.517208,168000
1983-01-04,14.875000,15.000000,14.750000,15.000000,2.559872,216700
1983-01-05,15.000000,15.000000,14.875000,14.875000,2.538541,160300
1983-01-06,15.000000,15.125000,14.875000,15.125000,2.581205,168000
1983-01-07,15.500000,15.875000,15.000000,15.250000,2.602536,263000
1983-01-10,15.250000,15.500000,15.000000,15.375000,2.623869,206000
1983-01-11,15.375000,15.500000,15.250000,15.500000,2.645202,188400
1983-01-12,15.375000,15.500000,15.250000,15.500000,2.645202,211400
1983-01-13,15.500000,15.625000,15.375000,15.500000,2.645202,137000
1983-01-14,15.500000,15.500000,15.375000,15.500000,2.645202,254200
1983-01-17,15.500000,15.625000,15.375000,15.625000,2.666534,168200
1983-01-18,15.625000,15.750000,15.500000,15.625000,2.666534,141300
1983-01-19,15.750000,15.750000,15.625000,15.750000,2.687866,217900
1983-01-20,15.750000,15.875000,15.625000,15.750000,2.687866,849200
1983-01-21,15.625000,15.750000,15.375000,15.625000,2.666534,178700
1983-01-24,15.375000,15.500000,15.250000,15.250000,2.602536,185000
1983-01-25,15.375000,15.375000,15.250000,15.375000,2.623869,145800
1983-01-26,15.500000,15.500000,15.375000,15.500000,2.645202,141100
1983-01-27,15.625000,15.875000,15.375000,15.750000,2.687866,525700
1983-01-28,15.750000,15.750000,15.625000,15.625000,2.666534,110000
1983-01-31,15.625000,15.750000,15.500000,15.625000,2.666534,192700
1983-02-01,15.625000,15.750000,15.500000,15.625000,2.666534,117500
1983-02-02,15.625000,15.750000,15.500000,15.500000,2.645202,153100
1983-02-03,15.750000,15.875000,15.500000,15.625000,2.666534,154100
1983-02-04,15.625000,15.750000,15.500000,15.500000,2.645202,114600
1983-02-07,15.625000,15.625000,15.500000,15.625000,2.666534,120000
1983-02-08,15.625000,15.750000,15.500000,15.625000,2.666534,162600
1983-02-09,15.625000,15.750000,15.500000,15.625000,2.666534,287700
1983-02-10,15.500000,15.625000,15.375000,15.500000,2.645202,224100
1983-02-11,15.625000,15.625000,15.500000,15.625000,2.666534,750600
1983-02-14,15.625000,15.625000,15.500000,15.625000,2.666534,435500
1983-02-15,15.625000,15.625000,15.500000,15.625000,2.666534,268600
1983-02-16,15.375000,15.500000,15.250000,15.375000,2.623869,269700
1983-02-17,15.375000,15.500000,15.250000,15.375000,2.623869,234100
1983-02-18,15.375000,15.500000,15.250000,15.500000,2.645202,385700
1983-02-22,15.500000,15.500000,15.375000,15.500000,2.645202,281400
1983-02-23,15.500000,15.625000,15.375000,15.625000,2.666534,203400
1983-02-24,15.750000,15.750000,15.625000,15.750000,2.687866,269900
1983-02-25,15.625000,15.875000,15.250000,15.625000,2.666534,418200
1983-02-28,15.875000,16.000000,15.625000,15.875000,2.709198,269300
1983-03-01,16.000000,16.000000,15.875000,16.000000,2.730531,381200
1983-03-02,16.000000,16.125000,15.875000,16.000000,2.730531,351100
1983-03-03,16.125000,16.250000,16.000000,16.000000,2.730531,358800
1983-03-04,16.250000,16.375000,16.000000,16.250000,2.773195,804500
1983-03-07,16.375000,16.375000,16.250000,16.250000,2.773195,392500
1983-03-08,15.750000,15.875000,15.625000,15.750000,2.760052,561200
1983-03-09,15.750000,15.875000,15.500000,15.750000,2.760052,399600
1983-03-10,15.625000,15.750000,15.375000,15.500000,2.716243,330900
1983-03-11,15.500000,15.625000,15.250000,15.375000,2.694337,211200
1983-03-14,15.375000,15.500000,15.125000,15.375000,2.694337,493900
1983-03-15,15.375000,15.375000,15.250000,15.375000,2.694337,243200
1983-03-16,15.500000,15.625000,15.250000,15.625000,2.738147,294600
1983-03-17,15.625000,15.625000,15.500000,15.625000,2.738147,401300
1983-03-18,15.500000,15.625000,15.375000,15.500000,2.716243,134300
1983-03-21,15.500000,15.625000,15.250000,15.375000,2.694337,723600
1983-03-22,15.375000,15.500000,15.250000,15.500000,2.716243,349300
1983-03-23,15.500000,15.625000,15.375000,15.500000,2.716243,501400
1983-03-24,15.375000,15.500000,15.250000,15.375000,2.694337,275400
1983-03-25,15.375000,15.375000,15.250000,15.375000,2.694337,167700
1983-03-28,15.375000,15.375000,15.250000,15.375000,2.694337,161400
1983-03-29,15.250000,15.375000,15.125000,15.125000,2.650526,272700
1983-03-30,15.125000,15.250000,15.000000,15.250000,2.672431,258300
1983-03-31,15.250000,15.250000,14.875000,14.875000,2.606717,623500
1983-04-04,15.000000,15.000000,14.875000,14.875000,2.606717,339600
1983-04-05,14.875000,15.000000,14.750000,15.000000,2.628620,443200
1983-04-06,15.000000,15.250000,14.875000,15.125000,2.650526,385500
1983-04-07,15.250000,15.250000,15.000000,15.250000,2.672431,270900
1983-04-08,15.250000,15.375000,15.125000,15.250000,2.672431,232900
1983-04-11,15.250000,15.500000,15.125000,15.500000,2.716243,187000
1983-04-12,15.500000,15.625000,15.375000,15.500000,2.716243,279900
1983-04-13,15.500000,15.625000,15.375000,15.625000,2.738147,254800
1983-04-14,15.625000,15.750000,15.500000,15.750000,2.760052,180600
1983-04-15,15.750000,15.875000,15.625000,15.875000,2.781958,190500
1983-04-18,15.875000,16.000000,15.750000,16.000000,2.803863,261800
1983-04-19,16.000000,16.000000,15.875000,16.000000,2.803863,196800
1983-04-20,16.000000,16.250000,15.875000,16.250000,2.847674,483800
1983-04-21,16.250000,16.250000,16.125000,16.250000,2.847674,495200
1983-04-22,16.125000,16.875000,15.875000,16.125000,2.825768,324200
1983-04-25,16.000000,16.125000,15.875000,16.000000,2.803863,171000
1983-04-26,16.000000,16.000000,15.875000,16.000000,2.803863,177500
1983-04-27,15.875000,16.125000,15.500000,16.125000,2.825768,227700
1983-04-28,16.000000,16.000000,15.875000,15.875000,2.781958,178000
1983-04-29,16.000000,16.000000,15.875000,15.875000,2.781958,206200
1983-05-02,15.875000,16.000000,15.750000,16.000000,2.803863,169800
1983-05-03,15.875000,16.000000,15.750000,15.875000,2.781958,218200
1983-05-04,16.000000,16.125000,15.875000,16.125000,2.825768,236500
1983-05-05,16.125000,16.250000,16.000000,16.000000,2.803863,215000
1983-05-06,16.125000,16.125000,15.875000,16.000000,2.803863,207200
1983-05-09,16.000000,16.125000,15.875000,16.000000,2.803863,252900
1983-05-10,16.125000,16.125000,16.000000,16.000000,2.803863,333800
1983-05-11,16.125000,16.250000,16.000000,16.125000,2.825768,600200
1983-05-12,16.125000,16.250000,16.000000,16.250000,2.847674,435700
1983-05-13,16.250000,16.500000,16.125000,16.500000,2.891484,296900
1983-05-16,16.375000,16.500000,16.250000,16.250000,2.847674,226700
1983-05-17,16.375000,16.500000,16.250000,16.500000,2.891484,124600
1983-05-18,16.500000,16.625000,16.375000,16.375000,2.869578,186900
1983-05-19,16.500000,16.500000,16.375000,16.500000,2.891484,281500
1983-05-20,16.375000,16.500000,16.375000,16.375000,2.869578,244100
1983-05-23,16.375000,16.500000,16.250000,16.500000,2.891484,235900
1983-05-24,16.500000,16.500000,16.375000,16.500000,2.891484,325000
1983-05-25,16.500000,16.500000,16.375000,16.500000,2.891484,216900
1983-05-26,16.375000,16.625000,16.375000,16.625000,2.913389,117800
1983-05-27,16.500000,16.625000,16.125000,16.625000,2.913389,323300
1983-05-31,16.625000,16.625000,16.375000,16.375000,2.869578,253600
1983-06-01,16.500000,16.625000,16.375000,16.375000,2.869578,455500
1983-06-02,16.500000,16.500000,15.500000,16.500000,2.891484,253100
1983-06-03,16.500000,16.500000,16.250000,16.250000,2.847674,241600
1983-06-06,15.875000,15.875000,15.625000,15.750000,2.834176,1079100
1983-06-07,15.750000,15.875000,15.625000,15.625000,2.811683,250500
1983-06-08,15.750000,15.750000,15.250000,15.375000,2.766696,721700
1983-06-09,15.375000,15.500000,15.125000,15.250000,2.744203,165500
1983-06-10,15.250000,15.250000,14.875000,15.000000,2.699215,275900
1983-06-13,15.125000,15.875000,15.125000,15.250000,2.744203,305700
1983-06-14,15.250000,15.375000,15.125000,15.125000,2.721709,155900
1983-06-15,15.250000,15.500000,15.125000,15.250000,2.744203,361000
1983-06-16,15.250000,15.375000,15.125000,15.250000,2.744203,145800
1983-06-17,15.375000,15.875000,15.125000,15.125000,2.721709,152500
1983-06-20,15.125000,15.125000,14.875000,15.000000,2.699215,203200
1983-06-21,15.125000,15.125000,14.875000,15.125000,2.721709,249800
1983-06-22,15.125000,15.250000,15.000000,15.250000,2.744203,344500
1983-06-23,15.000000,15.125000,14.875000,15.000000,2.699215,189400
1983-06-24,15.000000,15.250000,15.000000,15.125000,2.721709,118800
1983-06-27,15.000000,15.250000,15.000000,15.125000,2.721709,327400
1983-06-28,15.125000,15.125000,15.000000,15.000000,2.699215,103800
1983-06-29,15.000000,15.000000,14.750000,14.875000,2.676723,318900
1983-06-30,15.000000,15.000000,14.875000,15.000000,2.699215,328900
1983-07-01,15.000000,15.000000,14.875000,14.875000,2.676723,152900
1983-07-05,14.750000,15.000000,14.750000,15.000000,2.699215,163600
1983-07-06,15.000000,15.000000,14.875000,15.000000,2.699215,177400
1983-07-07,15.000000,15.000000,14.750000,15.000000,2.699215,133600
1983-07-08,15.000000,15.000000,14.875000,14.875000,2.676723,86400
1983-07-11,14.875000,15.250000,14.875000,15.125000,2.721709,131900
1983-07-12,15.125000,15.125000,15.000000,15.000000,2.699215,165700
1983-07-13,15.125000,15.375000,15.000000,15.375000,2.766696,156200
1983-07-14,15.375000,15.625000,15.250000,15.375000,2.766696,489000
1983-07-15,15.375000,15.500000,15.250000,15.375000,2.766696,113900
1983-07-18,15.375000,15.500000,15.125000,15.250000,2.744203,141600
1983-07-19,15.500000,15.500000,15.250000,15.375000,2.766696,189000
1983-07-20,15.500000,15.500000,15.375000,15.500000,2.789191,484800
1983-07-21,15.500000,15.500000,15.375000,15.500000,2.789191,131500
1983-07-22,15.437500,15.500000,15.375000,15.375000,2.766696,106800
1983-07-25,15.500000,15.500000,15.250000,15.500000,2.789191,88600
1983-07-26,15.500000,15.500000,15.375000,15.500000,2.789191,121000
1983-07-27,15.500000,15.500000,15.250000,15.375000,2.766696,93800
1983-07-28,15.375000,15.500000,15.250000,15.250000,2.744203,189500
1983-07-29,15.375000,15.375000,15.125000,15.250000,2.744203,116700
1983-08-01,15.250000,15.375000,15.125000,15.250000,2.744203,178000
1983-08-02,15.250000,15.250000,15.125000,15.125000,2.721709,216800
1983-08-03,15.125000,15.250000,15.000000,15.250000,2.744203,104900
1983-08-04,15.250000,15.250000,14.875000,15.000000,2.699215,136400
1983-08-05,15.125000,15.125000,14.875000,15.000000,2.699215,164600
1983-08-08,15.125000,15.125000,14.875000,14.875000,2.676723,111600
1983-08-09,15.000000,15.000000,14.000000,15.000000,2.699215,141700
1983-08-10,15.000000,15.125000,14.875000,15.125000,2.721709,192800
1983-08-11,15.250000,15.625000,15.125000,15.375000,2.766696,311700
1983-08-12,15.500000,15.750000,15.500000,15.500000,2.789191,108200
1983-08-15,15.625000,15.625000,15.500000,15.500000,2.789191,114900
1983-08-16,15.625000,15.625000,15.500000,15.500000,2.789191,198800
1983-08-17,15.625000,15.875000,15.500000,15.750000,2.834176,188900
1983-08-18,15.875000,16.000000,15.000000,15.750000,2.834176,408000
1983-08-19,15.875000,15.875000,15.750000,15.750000,2.834176,376900
1983-08-22,15.875000,16.000000,15.750000,16.000000,2.879164,181600
1983-08-23,16.000000,16.125000,15.875000,16.125000,2.901657,279300
1983-08-24,16.000000,16.125000,15.875000,16.000000,2.879164,550000
1983-08-25,16.000000,16.000000,15.875000,16.000000,2.879164,89200
1983-08-26,16.000000,16.125000,15.750000,15.750000,2.834176,69500
1983-08-29,15.875000,15.875000,15.750000,15.875000,2.856671,89700
1983-08-30,15.875000,16.000000,15.750000,15.750000,2.834176,113500
1983-08-31,15.750000,15.875000,15.625000,15.625000,2.811683,168600
1983-09-01,15.750000,15.750000,15.500000,15.500000,2.789191,129000
1983-09-02,15.625000,15.625000,15.500000,15.625000,2.811683,192400
1983-09-06,15.125000,15.250000,15.125000,15.250000,2.820931,1067300
1983-09-07,15.250000,15.375000,15.125000,15.250000,2.820931,185200
1983-09-08,15.250000,15.375000,15.125000,15.375000,2.844053,160600
1983-09-09,15.375000,15.500000,15.250000,15.500000,2.867178,162000
1983-09-12,15.500000,15.625000,15.375000,15.625000,2.890300,144400
1983-09-13,15.500000,15.500000,15.375000,15.500000,2.867178,119400
1983-09-14,15.500000,15.625000,15.375000,15.500000,2.867178,131400
1983-09-15,15.500000,15.500000,15.375000,15.500000,2.867178,115100
1983-09-16,15.500000,15.500000,15.375000,15.375000,2.844053,139600
1983-09-19,15.375000,15.625000,15.375000,15.625000,2.890300,202500
1983-09-20,15.750000,16.000000,15.625000,15.875000,2.936545,317200
1983-09-21,15.875000,16.000000,15.750000,15.875000,2.936545,86200
1983-09-22,15.875000,16.000000,15.750000,15.875000,2.936545,130000
1983-09-23,15.875000,16.000000,15.750000,15.875000,2.936545,135100
1983-09-26,15.875000,16.000000,15.750000,15.875000,2.936545,96400
1983-09-27,15.875000,16.000000,15.750000,15.875000,2.936545,74800
1983-09-28,15.875000,15.875000,15.625000,15.875000,2.936545,124200
1983-09-29,15.875000,15.875000,15.500000,15.875000,2.936545,250500
1983-09-30,15.750000,15.875000,15.500000,15.500000,2.867178,146900
1983-10-03,15.750000,16.000000,15.500000,15.875000,2.936545,345400
1983-10-04,16.000000,16.250000,15.875000,16.125000,2.982788,199200
1983-10-05,16.250000,16.750000,16.250000,16.750000,3.098400,632500
1983-10-06,16.750000,16.750000,16.500000,16.625000,3.075279,197700
1983-10-07,16.625000,16.625000,16.000000,16.500000,3.052157,133800
1983-10-10,16.500000,16.500000,16.250000,16.375000,3.029034,106700
1983-10-11,16.375000,16.375000,16.000000,16.125000,2.982788,263000
1983-10-12,16.000000,16.125000,15.875000,16.000000,2.959666,270100
1983-10-13,16.000000,16.000000,15.875000,16.000000,2.959666,81200
1983-10-14,15.875000,16.000000,15.750000,15.875000,2.936545,123000
1983-10-17,15.875000,16.000000,15.750000,16.000000,2.959666,211500
1983-10-18,16.000000,16.000000,15.750000,15.875000,2.936545,236400
1983-10-19,15.875000,15.875000,15.625000,15.750000,2.913422,107500
1983-10-20,15.625000,16.000000,14.625000,16.000000,2.959666,219500
1983-10-21,16.000000,16.125000,15.875000,16.125000,2.982788,370600
1983-10-24,15.875000,16.000000,15.750000,16.000000,2.959666,135800
1983-10-25,15.875000,16.250000,15.875000,16.250000,3.005912,148600
1983-10-26,16.250000,16.250000,16.000000,16.250000,3.005912,125200
1983-10-27,16.125000,16.375000,16.000000,16.250000,3.005912,505800
1983-10-28,16.125000,16.250000,16.000000,16.125000,2.982788,461100
1983-10-31,16.000000,16.125000,16.000000,16.125000,2.982788,301000
1983-11-01,16.125000,16.250000,15.875000,16.000000,2.959666,164500
1983-11-02,16.000000,16.375000,16.000000,16.250000,3.005912,979400
1983-11-03,16.250000,16.375000,16.000000,16.125000,2.982788,362000
1983-11-04,16.125000,16.125000,15.875000,15.875000,2.936545,139100
1983-11-07,16.000000,16.000000,15.500000,15.750000,2.913422,799900
1983-11-08,15.750000,15.875000,15.625000,15.750000,2.913422,764000
1983-11-09,15.875000,15.875000,15.500000,15.750000,2.913422,544300
1983-11-10,15.750000,15.875000,15.625000,15.750000,2.913422,501000
1983-11-11,15.750000,15.875000,15.625000,15.875000,2.936545,166600
1983-11-14,15.875000,15.875000,15.625000,15.750000,2.913422,128400
1983-11-15,15.625000,15.875000,15.625000,15.750000,2.913422,203200
1983-11-16,15.750000,15.875000,15.625000,15.750000,2.913422,237400
1983-11-17,15.750000,15.875000,15.750000,15.875000,2.936545,351300
1983-11-18,15.750000,15.875000,15.750000,15.750000,2.913422,311000
1983-11-21,15.750000,15.875000,15.750000,15.750000,2.913422,71900
1983-11-22,15.750000,15.875000,15.750000,15.875000,2.936545,309100
1983-11-23,15.750000,15.875000,15.625000,15.750000,2.913422,1559500
1983-11-25,15.625000,15.750000,15.500000,15.625000,2.890300,621100
1983-11-28,15.750000,15.750000,15.250000,15.375000,2.844053,716500
1983-11-29,15.375000,15.500000,15.250000,15.500000,2.867178,390900
1983-11-30,15.500000,15.625000,15.375000,15.625000,2.890300,512100
1983-12-01,15.375000,15.375000,15.250000,15.375000,2.844053,380600
1983-12-02,15.375000,15.500000,15.000000,15.000000,2.774687,1168100
1983-12-05,15.000000,15.125000,14.750000,14.875000,2.751566,455300
1983-12-06,15.000000,15.125000,14.750000,15.000000,2.774687,628200
1983-12-07,15.000000,15.000000,14.875000,15.000000,2.774687,396100
1983-12-08,15.000000,15.000000,14.750000,14.750000,2.728443,641000
1983-12-09,14.750000,14.875000,14.000000,14.875000,2.751566,1028500
1983-12-12,14.250000,14.250000,14.000000,14.250000,2.715361,476100
1983-12-13,14.250000,14.375000,14.125000,14.250000,2.715361,236500
1983-12-14,14.250000,14.250000,14.000000,14.000000,2.667723,423800
1983-12-15,13.875000,14.000000,13.625000,13.625000,2.596266,676800
1983-12-16,13.625000,13.750000,13.125000,13.750000,2.620086,383300
1983-12-19,13.750000,14.000000,13.625000,13.875000,2.643902,311000
1983-12-20,14.000000,14.125000,13.875000,14.125000,2.691542,389500
1983-12-21,14.250000,14.500000,14.125000,14.375000,2.739178,231500
1983-12-22,14.375000,14.375000,13.750000,14.000000,2.667723,617600
1983-12-23,13.875000,13.875000,13.375000,13.500000,2.572446,357400
1983-12-27,13.625000,13.875000,13.500000,13.750000,2.620086,540300
1983-12-28,13.750000,13.875000,13.250000,13.500000,2.572446,375900
1983-12-29,13.500000,13.500000,13.125000,13.250000,2.524809,438500
1983-12-30,13.375000,13.500000,13.250000,13.375000,2.548627,422200
1984-01-03,13.500000,13.750000,13.375000,13.750000,2.620086,282000
1984-01-04,13.750000,14.375000,13.625000,14.250000,2.715361,382000
1984-01-05,14.375000,14.750000,14.250000,14.625000,2.786817,174000
1984-01-06,14.750000,14.750000,14.375000,14.625000,2.786817,198100
1984-01-09,14.750000,14.750000,14.500000,14.625000,2.786817,163800
1984-01-10,14.750000,14.750000,14.375000,14.500000,2.762998,224400
1984-01-11,14.625000,14.625000,14.125000,14.375000,2.739178,379400
1984-01-12,14.375000,14.500000,14.250000,14.375000,2.739178,233100
1984-01-13,14.500000,14.625000,14.375000,14.500000,2.762998,156000
1984-01-16,14.500000,14.500000,14.000000,14.000000,2.667723,246300
1984-01-17,14.000000,14.125000,13.750000,14.000000,2.667723,323200
1984-01-18,14.000000,14.000000,13.500000,13.750000,2.620086,415700
1984-01-19,13.750000,14.750000,13.500000,13.625000,2.596266,361200
1984-01-20,13.625000,13.625000,13.250000,13.625000,2.596266,472200
1984-01-23,13.625000,13.625000,13.250000,13.625000,2.596266,376400
1984-01-24,13.625000,13.625000,13.250000,13.375000,2.548627,537600
1984-01-25,13.500000,13.500000,13.250000,13.375000,2.548627,708100
1984-01-26,13.375000,14.375000,13.000000,13.125000,2.500990,1067300
1984-01-27,13.000000,13.125000,12.625000,13.000000,2.477172,512800
1984-01-30,13.000000,13.125000,12.875000,13.000000,2.477172,585700
1984-01-31,13.125000,13.500000,12.875000,13.500000,2.572446,388900
1984-02-01,13.625000,13.625000,13.000000,13.500000,2.572446,423800
1984-02-02,13.625000,13.875000,13.500000,13.750000,2.620086,350500
1984-02-03,13.875000,13.875000,13.625000,13.750000,2.620086,383300
1984-02-06,13.750000,13.875000,13.625000,13.750000,2.620086,344900
1984-02-07,13.750000,13.875000,13.625000,13.750000,2.620086,256700
1984-02-08,13.750000,13.750000,13.625000,13.625000,2.596266,229600
1984-02-09,13.500000,13.750000,13.500000,13.500000,2.572446,228900
1984-02-10,13.250000,13.375000,13.125000,13.250000,2.524809,647500
1984-02-13,13.125000,13.250000,13.000000,13.000000,2.477172,274000
1984-02-14,13.125000,13.250000,12.875000,13.125000,2.500990,370000
1984-02-15,13.250000,13.875000,13.125000,13.250000,2.524809,214100
1984-02-16,13.250000,13.250000,13.000000,13.125000,2.500990,287700
1984-02-17,13.125000,13.250000,13.000000,13.250000,2.524809,348300
1984-02-21,13.250000,13.250000,13.000000,13.125000,2.500990,271500
1984-02-22,13.125000,13.375000,13.125000,13.125000,2.500990,276400
1984-02-23,13.250000,13.250000,13.000000,13.125000,2.500990,226900
1984-02-24,13.250000,13.375000,13.125000,13.250000,2.524809,177000
1984-02-27,13.500000,13.750000,13.250000,13.625000,2.596266,1470000
1984-02-28,13.750000,13.875000,13.500000,13.625000,2.596266,439100
1984-02-29,13.875000,14.000000,13.625000,14.000000,2.667723,951500
1984-03-01,14.000000,14.500000,13.875000,14.125000,2.691542,277100
1984-03-02,14.250000,14.250000,13.875000,14.125000,2.691542,692800
1984-03-05,14.125000,14.250000,13.875000,14.125000,2.691542,229600
1984-03-06,14.125000,14.125000,13.750000,13.875000,2.643902,718500
1984-03-07,13.375000,13.875000,13.250000,13.375000,2.631116,592600
1984-03-08,13.375000,13.375000,13.250000,13.250000,2.606527,425600
1984-03-09,13.375000,13.375000,13.000000,13.250000,2.606527,1064700
1984-03-12,13.375000,13.625000,13.250000,13.625000,2.680297,279900
1984-03-13,13.625000,13.625000,13.375000,13.500000,2.655706,204500
1984-03-14,13.500000,13.500000,13.250000,13.375000,2.631116,263300
1984-03-15,13.375000,13.875000,13.250000,13.500000,2.655706,309400
1984-03-16,13.500000,13.875000,13.250000,13.500000,2.655706,220600
1984-03-19,13.500000,13.500000,13.250000,13.375000,2.631116,146900
1984-03-20,13.375000,13.375000,13.250000,13.375000,2.631116,218200
1984-03-21,13.250000,13.375000,13.250000,13.375000,2.631116,167100
1984-03-22,13.375000,13.375000,13.250000,13.375000,2.631116,196100
1984-03-23,13.375000,13.375000,13.125000,13.250000,2.606527,582600
1984-03-26,13.250000,13.375000,13.125000,13.375000,2.631116,343400
1984-03-27,13.375000,13.375000,13.250000,13.375000,2.631116,117700
1984-03-28,13.250000,13.375000,13.125000,13.375000,2.631116,175300
1984-03-29,13.250000,13.375000,13.125000,13.375000,2.631116,160200
1984-03-30,13.250000,13.375000,13.125000,13.125000,2.581937,196400
1984-04-02,13.125000,13.250000,13.000000,13.000000,2.557348,234400
1984-04-03,13.125000,13.125000,12.125000,12.125000,2.385218,635600
1984-04-04,12.250000,12.500000,12.125000,12.375000,2.434397,502000
1984-04-05,12.500000,12.500000,12.250000,12.375000,2.434397,556400
1984-04-06,12.375000,12.500000,12.250000,12.250000,2.409806,251600
1984-04-09,12.250000,12.375000,12.125000,12.375000,2.434397,457600
1984-04-10,12.375000,12.375000,12.250000,12.375000,2.434397,253300
1984-04-11,12.250000,12.750000,12.250000,12.250000,2.409806,232300
1984-04-12,12.375000,12.375000,12.250000,12.250000,2.409806,250300
1984-04-13,12.250000,12.500000,12.250000,12.500000,2.458986,282800
1984-04-16,12.625000,12.875000,12.500000,12.875000,2.532758,176600
1984-04-17,12.875000,12.875000,12.625000,12.875000,2.532758,228500
1984-04-18,12.875000,12.875000,12.625000,12.875000,2.532758,199700
1984-04-19,12.875000,12.875000,12.750000,12.875000,2.532758,185300
1984-04-23,12.875000,13.000000,12.750000,12.750000,2.508168,197900
1984-04-24,12.750000,12.875000,12.500000,12.625000,2.483576,211200
1984-04-25,12.625000,12.750000,12.125000,12.250000,2.409806,442200
1984-04-26,12.250000,12.500000,11.625000,12.250000,2.409806,219700
1984-04-27,12.250000,12.375000,12.125000,12.250000,2.409806,313800
1984-04-30,12.250000,12.375000,12.125000,12.375000,2.434397,412100
1984-05-01,12.375000,12.500000,12.250000,12.375000,2.434397,414000
1984-05-02,12.375000,12.500000,12.375000,12.375000,2.434397,199900
1984-05-03,12.500000,12.625000,12.375000,12.625000,2.483576,166600
1984-05-04,12.625000,12.750000,12.375000,12.625000,2.483576,238700
1984-05-07,12.750000,12.875000,12.500000,12.625000,2.483576,240300
1984-05-08,12.750000,12.750000,12.625000,12.750000,2.508168,451300
1984-05-09,12.750000,13.125000,12.750000,12.875000,2.532758,316500
1984-05-10,13.000000,13.375000,12.250000,13.250000,2.606527,488100
1984-05-11,13.250000,13.250000,13.125000,13.250000,2.606527,224700
1984-05-14,13.125000,13.125000,13.000000,13.125000,2.581937,136700
1984-05-15,13.000000,13.125000,12.875000,13.000000,2.557348,363300
1984-05-16,13.000000,13.375000,13.000000,13.375000,2.631116,236000
1984-05-17,13.250000,13.250000,12.875000,13.000000,2.557348,383300
1984-05-18,12.875000,13.000000,12.750000,13.000000,2.557348,113700
1984-05-21,13.000000,13.000000,12.750000,12.875000,2.532758,111000
1984-05-22,12.750000,12.875000,12.625000,12.625000,2.483576,163100
1984-05-23,12.625000,12.750000,12.625000,12.750000,2.508168,121000
1984-05-24,12.625000,12.750000,12.500000,12.500000,2.458986,170200
1984-05-25,12.500000,12.625000,12.500000,12.625000,2.483576,126600
1984-05-29,12.625000,12.625000,12.375000,12.500000,2.458986,366900
1984-05-30,12.500000,12.625000,12.375000,12.500000,2.458986,173000
1984-05-31,12.500000,12.625000,12.500000,12.625000,2.483576,116300
1984-06-01,12.625000,12.625000,12.500000,12.500000,2.458986,191800
1984-06-04,12.625000,12.625000,12.500000,12.625000,2.483576,138300
1984-06-05,12.625000,12.750000,12.500000,12.625000,2.483576,518600
1984-06-06,12.625000,12.750000,12.375000,12.750000,2.508168,83300
1984-06-07,12.625000,12.750000,12.625000,12.750000,2.508168,147900
1984-06-08,12.625000,12.750000,12.625000,12.750000,2.508168,503400
1984-06-11,12.625000,12.750000,12.500000,12.625000,2.483576,432900
1984-06-12,12.125000,12.125000,12.000000,12.125000,2.470334,396400
1984-06-13,12.000000,12.250000,11.875000,12.125000,2.470334,552100
1984-06-14,12.250000,12.250000,12.000000,12.125000,2.470334,495400
1984-06-15,11.000000,11.125000,9.250000,10.000000,2.037389,1871800
1984-06-18,10.000000,11.000000,9.875000,11.000000,2.241128,1873000
1984-06-19,11.000000,11.375000,11.000000,11.000000,2.241128,693900
1984-06-20,11.000000,11.500000,10.875000,11.375000,2.317530,608800
1984-06-21,11.500000,11.500000,11.125000,11.375000,2.317530,329500
1984-06-22,11.250000,11.375000,11.125000,11.250000,2.292063,286700
1984-06-25,11.250000,11.375000,11.000000,11.125000,2.266595,215400
1984-06-26,11.125000,11.125000,10.750000,11.000000,2.241128,631500
1984-06-27,10.875000,10.875000,10.125000,10.125000,2.062857,481800
1984-06-28,10.000000,10.750000,10.000000,10.500000,2.139259,747500
1984-06-29,10.625000,10.750000,10.500000,10.625000,2.164725,433200
1984-07-02,10.750000,10.750000,10.500000,10.625000,2.164725,391700
1984-07-03,10.750000,10.750000,10.500000,10.750000,2.190193,315600
1984-07-05,10.750000,10.875000,10.375000,10.875000,2.215660,312400
1984-07-06,10.875000,10.875000,10.750000,10.875000,2.215660,249800
1984-07-09,11.000000,11.125000,10.875000,11.125000,2.266595,365500
1984-07-10,11.000000,11.000000,10.750000,10.875000,2.215660,213400
1984-07-11,10.875000,10.875000,10.625000,10.750000,2.190193,215400
1984-07-12,10.750000,10.875000,10.250000,10.625000,2.164725,346800
1984-07-13,10.625000,10.750000,10.500000,10.625000,2.164725,274700
1984-07-16,10.625000,10.875000,10.500000,10.875000,2.215660,268700
1984-07-17,10.750000,10.875000,10.750000,10.750000,2.190193,289400
1984-07-18,10.875000,10.875000,10.750000,10.875000,2.215660,163300
1984-07-19,10.875000,10.875000,10.500000,10.625000,2.164725,222400
1984-07-20,10.750000,10.750000,10.375000,10.375000,2.113791,250200
1984-07-23,10.375000,10.625000,10.250000,10.500000,2.139259,383200
1984-07-24,10.500000,10.625000,10.375000,10.500000,2.139259,290500
1984-07-25,10.375000,10.625000,10.250000,10.625000,2.164725,394400
1984-07-26,10.625000,10.625000,10.375000,10.625000,2.164725,417500
1984-07-27,10.500000,10.625000,10.375000,10.500000,2.139259,361800
1984-07-30,10.625000,10.625000,10.375000,10.500000,2.139259,380500
1984-07-31,10.500000,10.500000,10.250000,10.250000,2.088326,364200
1984-08-01,10.375000,10.375000,10.250000,10.375000,2.113791,452300
1984-08-02,10.375000,10.500000,10.250000,10.500000,2.139259,538100
1984-08-03,10.375000,11.250000,10.125000,11.125000,2.266595,1508000
1984-08-06,11.250000,11.500000,10.625000,11.250000,2.292063,449800
1984-08-07,11.250000,11.500000,11.250000,11.375000,2.317530,256600
1984-08-08,11.375000,11.500000,11.250000,11.250000,2.292063,245500
1984-08-09,11.375000,11.875000,11.375000,11.750000,2.393933,382100
1984-08-10,12.000000,12.125000,11.875000,12.000000,2.444868,534500
1984-08-13,12.000000,12.000000,11.875000,12.000000,2.444868,254700
1984-08-14,12.000000,12.125000,12.000000,12.125000,2.470334,275100
1984-08-15,12.125000,12.125000,12.000000,12.000000,2.444868,204100
1984-08-16,12.125000,12.125000,12.000000,12.000000,2.444868,195300
1984-08-17,12.125000,12.250000,12.000000,12.125000,2.470334,143000
1984-08-20,12.125000,12.375000,12.000000,12.250000,2.495800,251900
1984-08-21,12.375000,12.875000,12.250000,12.750000,2.597671,473000
1984-08-22,12.750000,12.875000,12.375000,12.625000,2.572202,372800
1984-08-23,12.500000,12.625000,12.250000,12.375000,2.521268,266100
1984-08-24,12.375000,12.500000,12.250000,12.375000,2.521268,130400
1984-08-27,12.250000,12.375000,12.000000,12.125000,2.470334,384900
1984-08-28,12.125000,12.375000,12.125000,12.375000,2.521268,167000
1984-08-29,12.250000,12.375000,12.250000,12.375000,2.521268,217100
1984-08-30,12.250000,12.500000,12.250000,12.500000,2.546735,127800
1984-08-31,12.500000,12.500000,12.375000,12.500000,2.546735,129100
1984-09-04,12.500000,12.500000,12.375000,12.500000,2.546735,239900
1984-09-05,12.625000,12.625000,12.500000,12.625000,2.572202,298300
1984-09-06,12.000000,12.625000,10.750000,11.250000,2.292063,1650000
1984-09-07,11.250000,11.500000,11.000000,11.500000,2.342998,4539000
1984-09-10,10.875000,11.000000,10.750000,10.875000,2.302764,574900
1984-09-11,10.875000,11.000000,10.750000,10.750000,2.276296,373600
1984-09-12,10.750000,11.000000,10.750000,11.000000,2.329233,235000
1984-09-13,11.000000,11.125000,10.875000,11.125000,2.355704,263300
1984-09-14,11.000000,11.250000,11.000000,11.125000,2.355704,271500
1984-09-17,11.250000,11.375000,11.125000,11.375000,2.408639,271100
1984-09-18,11.375000,11.750000,11.250000,11.625000,2.461577,307300
1984-09-19,11.750000,11.875000,11.625000,11.875000,2.514513,296400
1984-09-20,11.875000,12.000000,11.875000,12.000000,2.540982,350300
1984-09-21,12.000000,12.125000,11.500000,11.750000,2.488045,368000
1984-09-24,11.750000,12.125000,11.750000,11.875000,2.514513,290300
1984-09-25,11.875000,12.000000,11.875000,11.875000,2.514513,209200
1984-09-26,11.875000,12.875000,10.875000,12.000000,2.540982,557800
1984-09-27,12.000000,12.125000,11.875000,12.125000,2.567451,370700
1984-09-28,12.000000,12.250000,12.000000,12.250000,2.593919,311200
1984-10-01,12.250000,12.375000,12.000000,12.125000,2.567451,634300
1984-10-02,12.000000,12.125000,11.875000,11.875000,2.514513,343400
1984-10-03,11.875000,12.125000,11.750000,12.125000,2.567451,228400
1984-10-04,12.000000,12.250000,12.000000,12.125000,2.567451,170900
1984-10-05,12.125000,12.250000,12.000000,12.250000,2.593919,195500
1984-10-08,12.125000,12.250000,12.125000,12.250000,2.593919,190800
1984-10-09,12.250000,12.500000,12.125000,12.375000,2.620387,392900
1984-10-10,12.375000,12.625000,12.250000,12.250000,2.593919,285200
1984-10-11,12.375000,12.500000,11.375000,12.500000,2.646856,310700
1984-10-12,12.500000,12.750000,12.375000,12.750000,2.699795,451500
1984-10-15,12.750000,12.875000,12.625000,12.750000,2.699795,477500
1984-10-16,12.750000,12.875000,12.625000,12.750000,2.699795,789800
1984-10-17,12.750000,12.875000,12.625000,12.875000,2.726262,234400
1984-10-18,12.875000,13.125000,12.750000,13.125000,2.779200,789500
1984-10-19,13.375000,13.750000,13.125000,13.125000,2.779200,578900
1984-10-22,13.250000,13.250000,13.000000,13.250000,2.805669,256000
1984-10-23,13.250000,13.375000,13.125000,13.250000,2.805669,432800
1984-10-24,13.250000,13.250000,13.125000,13.125000,2.779200,289700
1984-10-25,13.125000,13.250000,13.000000,13.000000,2.752731,348400
1984-10-26,13.125000,13.125000,12.875000,13.000000,2.752731,367500
1984-10-29,13.000000,13.000000,12.375000,12.875000,2.726262,215200
1984-10-30,12.875000,13.125000,12.750000,13.125000,2.779200,295300
1984-10-31,13.125000,13.125000,12.875000,13.000000,2.752731,268700
1984-11-01,13.000000,13.125000,12.875000,13.125000,2.779200,400600
1984-11-02,13.125000,13.125000,12.875000,12.875000,2.726262,281800
1984-11-05,13.000000,13.125000,12.750000,13.125000,2.779200,384600
1984-11-06,13.125000,13.375000,13.000000,13.375000,2.832136,365300
1984-11-07,13.375000,13.625000,13.250000,13.375000,2.832136,376400
1984-11-08,13.375000,13.625000,13.375000,13.500000,2.858605,424100
1984-11-09,13.500000,14.000000,13.500000,13.500000,2.858605,290200
1984-11-12,13.625000,13.625000,13.125000,13.375000,2.832136,353500
1984-11-13,13.250000,13.750000,13.125000,13.375000,2.832136,320200
1984-11-14,13.375000,13.375000,13.000000,13.250000,2.805669,532900
1984-11-15,13.250000,13.250000,13.000000,13.125000,2.779200,237100
1984-11-16,13.125000,13.125000,13.000000,13.000000,2.752731,209700
1984-11-19,13.000000,13.000000,12.875000,12.875000,2.726262,229700
1984-11-20,13.000000,13.000000,12.875000,13.000000,2.752731,228500
1984-11-21,13.000000,13.000000,12.875000,13.000000,2.752731,278600
1984-11-23,13.125000,13.500000,13.000000,13.375000,2.832136,214200
1984-11-26,13.375000,13.500000,13.375000,13.500000,2.858605,342400
1984-11-27,13.500000,13.625000,13.250000,13.500000,2.858605,971600
1984-11-28,13.625000,13.750000,13.500000,13.625000,2.885072,210300
1984-11-29,13.625000,13.750000,13.500000,13.750000,2.911543,209900
1984-11-30,13.750000,13.875000,13.625000,13.875000,2.938011,455200
1984-12-03,13.875000,14.000000,13.750000,14.000000,2.964478,305000
1984-12-04,14.000000,14.000000,13.750000,14.000000,2.964478,1603000
1984-12-05,13.375000,13.375000,13.125000,13.250000,2.897777,357100
1984-12-06,13.250000,13.250000,13.000000,13.000000,2.843101,2188000
1984-12-07,13.125000,13.125000,13.000000,13.125000,2.870436,1534000
1984-12-10,13.125000,13.125000,13.000000,13.000000,2.843101,2060000
1984-12-11,13.125000,13.375000,13.000000,13.375000,2.925113,354300
1984-12-12,13.250000,13.375000,13.125000,13.250000,2.897777,253200
1984-12-13,13.250000,13.500000,13.125000,13.375000,2.925113,225200
1984-12-14,13.250000,13.375000,13.125000,13.125000,2.870436,174700
1984-12-17,13.375000,13.625000,13.250000,13.500000,2.952451,518100
1984-12-18,13.750000,14.125000,13.750000,14.125000,3.089139,537100
1984-12-19,14.000000,14.125000,13.750000,13.875000,3.034463,401100
1984-12-20,13.875000,13.875000,13.750000,13.875000,3.034463,233300
1984-12-21,13.750000,13.875000,13.500000,13.750000,3.007127,319500
1984-12-24,13.750000,13.875000,13.625000,13.875000,3.034463,98300
1984-12-26,13.875000,13.875000,13.625000,13.875000,3.034463,123600
1984-12-27,13.875000,13.875000,13.625000,13.750000,3.007127,169300
1984-12-28,13.750000,13.750000,13.500000,13.500000,2.952451,178200
1984-12-31,13.625000,13.750000,13.375000,13.750000,3.007127,321400
1985-01-02,13.750000,14.000000,13.625000,14.000000,3.061801,258900
1985-01-03,14.000000,14.000000,13.750000,13.875000,3.034463,310300
1985-01-04,13.875000,13.875000,13.750000,13.750000,3.007127,304100
1985-01-07,13.625000,13.625000,12.750000,13.125000,2.870436,798200
1985-01-08,13.125000,13.500000,13.000000,13.375000,2.925113,387200
1985-01-09,13.375000,13.750000,13.375000,13.625000,2.979786,310000
1985-01-10,13.750000,13.875000,13.625000,13.875000,3.034463,260200
1985-01-11,13.875000,13.875000,13.750000,13.875000,3.034463,279200
1985-01-14,13.875000,13.875000,13.250000,13.375000,2.925113,2279000
1985-01-15,13.250000,13.375000,13.000000,13.375000,2.925113,600400
1985-01-16,13.250000,13.375000,13.125000,13.250000,2.897777,474600
1985-01-17,13.375000,13.375000,13.250000,13.375000,2.925113,391600
1985-01-18,13.375000,13.500000,13.250000,13.500000,2.952451,344100
1985-01-21,13.375000,13.625000,13.250000,13.625000,2.979786,417400
1985-01-22,13.750000,13.750000,13.375000,13.625000,2.979786,497800
1985-01-23,13.625000,13.625000,13.500000,13.625000,2.979786,362300
1985-01-24,13.625000,13.625000,13.500000,13.500000,2.952451,408800
1985-01-25,13.625000,13.875000,13.500000,13.625000,2.979786,405900
1985-01-28,13.625000,13.625000,13.125000,13.500000,2.952451,365200
1985-01-29,13.625000,13.750000,13.500000,13.750000,3.007127,308800
1985-01-30,13.750000,13.875000,13.375000,13.750000,3.007127,402900
1985-01-31,13.875000,13.875000,13.625000,13.750000,3.007127,247700
1985-02-01,13.750000,13.875000,13.625000,13.875000,3.034463,263400
1985-02-04,13.875000,13.875000,13.750000,13.875000,3.034463,287100
1985-02-05,13.875000,14.000000,13.750000,13.875000,3.034463,282900
1985-02-06,13.875000,14.000000,13.750000,13.750000,3.007127,831000
1985-02-07,14.000000,14.125000,13.875000,14.000000,3.061801,394400
1985-02-08,14.000000,14.125000,14.000000,14.125000,3.089139,296700
1985-02-11,14.125000,14.125000,14.000000,14.125000,3.089139,229500
1985-02-12,14.125000,14.250000,14.000000,14.250000,3.116477,235000
1985-02-13,14.250000,14.375000,14.125000,14.375000,3.143813,712700
1985-02-14,14.375000,14.625000,14.375000,14.500000,3.171152,466100
1985-02-15,14.500000,14.625000,14.375000,14.500000,3.171152,392100
1985-02-19,14.375000,14.500000,14.250000,14.500000,3.171152,303000
1985-02-20,14.500000,14.500000,14.250000,14.375000,3.143813,231800
1985-02-21,14.500000,14.500000,14.375000,14.500000,3.171152,607600
1985-02-22,14.500000,14.625000,14.375000,14.500000,3.171152,274100
1985-02-25,14.375000,14.500000,14.250000,14.500000,3.171152,276100
1985-02-26,14.250000,14.500000,14.250000,14.500000,3.171152,312000
1985-02-27,14.500000,14.500000,14.250000,14.375000,3.143813,282900
1985-02-28,14.375000,14.375000,14.250000,14.375000,3.143813,775200
1985-03-01,14.375000,14.500000,14.250000,14.500000,3.171152,290200
1985-03-04,14.500000,14.625000,14.375000,14.500000,3.171152,537600
1985-03-05,13.500000,14.500000,13.000000,13.000000,2.933118,1424300
1985-03-06,13.000000,13.375000,13.000000,13.375000,3.017727,5500000
1985-03-07,13.375000,13.375000,13.000000,13.125000,2.961320,2018000
1985-03-08,13.000000,13.250000,13.000000,13.125000,2.961320,1733000
1985-03-11,13.125000,13.250000,13.000000,13.000000,2.933118,1219000
1985-03-12,13.000000,13.375000,13.000000,13.250000,2.989524,348700
1985-03-13,13.250000,13.375000,13.000000,13.000000,2.933118,318400
1985-03-14,13.125000,13.125000,13.000000,13.000000,2.933118,226100
1985-03-15,13.000000,13.250000,13.000000,13.125000,2.961320,433700
1985-03-18,13.125000,13.250000,13.000000,13.250000,2.989524,259600
1985-03-19,13.250000,13.375000,13.125000,13.250000,2.989524,406300
1985-03-20,13.375000,13.375000,13.125000,13.250000,2.989524,353700
1985-03-21,13.250000,13.375000,13.125000,13.250000,2.989524,188900
1985-03-22,13.375000,13.500000,13.250000,13.500000,3.045929,196000
1985-03-25,13.500000,13.500000,13.375000,13.500000,3.045929,246900
1985-03-26,13.375000,13.500000,13.375000,13.500000,3.045929,165100
1985-03-27,13.375000,13.625000,13.375000,13.625000,3.074131,318400
1985-03-28,13.500000,13.625000,13.125000,13.500000,3.045929,319100
1985-03-29,13.625000,13.625000,13.500000,13.625000,3.074131,305200
1985-04-01,13.750000,13.750000,13.625000,13.625000,3.074131,242600
1985-04-02,13.750000,14.000000,13.625000,13.875000,3.130538,358400
1985-04-03,14.000000,14.000000,13.750000,13.750000,3.102336,202100
1985-04-04,14.000000,14.000000,13.750000,14.000000,3.158743,207900
1985-04-08,13.875000,14.000000,13.750000,14.000000,3.158743,247300
1985-04-09,14.000000,14.000000,13.750000,13.875000,3.130538,551200
1985-04-10,13.875000,14.125000,13.875000,14.125000,3.186945,201700
1985-04-11,14.000000,14.250000,14.000000,14.125000,3.186945,293100
1985-04-12,14.125000,14.250000,13.875000,14.000000,3.158743,464200
1985-04-15,14.000000,14.000000,13.750000,13.875000,3.130538,569200
1985-04-16,14.000000,14.000000,13.750000,13.875000,3.130538,296600
1985-04-17,13.875000,14.125000,13.875000,14.000000,3.158743,254900
1985-04-18,14.125000,14.125000,13.875000,14.000000,3.158743,437800
1985-04-19,14.000000,14.125000,13.875000,14.125000,3.186945,200200
1985-04-22,14.125000,14.125000,13.875000,14.125000,3.186945,358500
1985-04-23,14.000000,14.125000,13.875000,14.125000,3.186945,793800
1985-04-24,14.125000,14.125000,13.750000,14.000000,3.158743,758900
1985-04-25,14.000000,14.000000,13.875000,14.000000,3.158743,283600
1985-04-26,13.750000,13.875000,13.125000,13.250000,2.989524,766300
1985-04-29,13.125000,13.250000,12.125000,13.000000,2.933118,1078000
1985-04-30,13.000000,13.375000,12.875000,12.875000,2.904915,622600
1985-05-01,13.000000,13.250000,12.875000,13.125000,2.961320,896200
1985-05-02,13.125000,13.250000,13.000000,13.125000,2.961320,763400
1985-05-03,13.250000,13.375000,13.125000,13.375000,3.017727,374300
1985-05-06,13.250000,13.625000,13.250000,13.625000,3.074131,303900
1985-05-07,13.625000,13.750000,13.375000,13.750000,3.102336,272500
1985-05-08,13.750000,13.750000,13.500000,13.750000,3.102336,808400
1985-05-09,13.750000,13.750000,13.500000,13.625000,3.074131,649500
1985-05-10,13.625000,13.875000,13.625000,13.875000,3.130538,437300
1985-05-13,13.875000,13.875000,13.750000,13.750000,3.102336,441900
1985-05-14,13.875000,13.875000,13.750000,13.750000,3.102336,288400
1985-05-15,13.875000,14.000000,13.750000,13.750000,3.102336,797000
1985-05-16,13.875000,14.000000,13.750000,14.000000,3.158743,825400
1985-05-17,13.875000,14.125000,13.875000,14.000000,3.158743,956800
1985-05-20,14.125000,14.750000,14.125000,14.500000,3.271553,1626000
1985-05-21,14.500000,14.625000,14.250000,14.250000,3.215147,755700
1985-05-22,14.125000,14.250000,14.000000,14.125000,3.186945,1111000
1985-05-23,14.125000,14.125000,14.000000,14.125000,3.186945,801400
1985-05-24,14.000000,14.125000,13.875000,14.000000,3.158743,384400
1985-05-28,14.000000,14.125000,13.875000,14.125000,3.186945,280300
1985-05-29,14.000000,14.125000,13.875000,14.000000,3.158743,380200
1985-05-30,14.125000,14.375000,14.000000,14.250000,3.215147,945600
1985-05-31,14.375000,14.375000,14.250000,14.250000,3.215147,3255000
1985-06-03,14.500000,14.500000,14.375000,14.500000,3.271553,3675000
1985-06-04,13.875000,14.000000,13.750000,13.875000,3.229657,1534000
1985-06-05,13.875000,14.125000,13.875000,14.125000,3.287848,680500
1985-06-06,14.000000,14.125000,13.875000,14.000000,3.258752,779700
1985-06-07,14.125000,14.125000,13.750000,13.875000,3.229657,905200
1985-06-10,14.000000,14.125000,13.875000,14.000000,3.258752,338400
1985-06-11,14.125000,14.250000,14.000000,14.250000,3.316944,350700
1985-06-12,14.250000,14.250000,14.125000,14.125000,3.287848,1009000
1985-06-13,14.250000,14.375000,14.125000,14.250000,3.316944,862500
1985-06-14,14.250000,14.375000,14.000000,14.375000,3.346039,523800
1985-06-17,14.375000,14.500000,14.250000,14.375000,3.346039,443800
1985-06-18,14.500000,14.875000,14.375000,14.875000,3.462424,776600
1985-06-19,14.875000,15.000000,14.750000,14.875000,3.462424,1297000
1985-06-20,14.875000,15.250000,14.750000,15.000000,3.491519,859000
1985-06-21,14.750000,14.750000,14.250000,14.375000,3.346039,200
1985-06-24,14.125000,14.250000,13.875000,14.125000,3.287848,787400
1985-06-25,14.125000,14.625000,14.125000,14.375000,3.346039,741700
1985-06-26,14.250000,14.375000,13.875000,14.375000,3.346039,435300
1985-06-27,14.375000,14.375000,14.125000,14.250000,3.316944,608400
1985-06-28,13.750000,14.375000,13.750000,14.375000,3.346039,467900
1985-07-01,14.375000,14.750000,14.250000,14.375000,3.346039,528000
1985-07-02,14.375000,14.500000,14.125000,14.375000,3.346039,381100
1985-07-03,14.375000,14.625000,14.250000,14.625000,3.404231,362200
1985-07-05,14.625000,14.750000,14.500000,14.500000,3.375137,214600
1985-07-08,14.625000,14.875000,14.500000,14.750000,3.433327,351600
1985-07-09,14.750000,15.000000,14.625000,14.750000,3.433327,443700
1985-07-10,14.750000,15.000000,14.625000,14.750000,3.433327,475100
1985-07-11,15.000000,15.000000,14.750000,15.000000,3.491519,795100
1985-07-12,15.000000,15.000000,14.750000,15.000000,3.491519,767100
1985-07-15,15.000000,15.000000,14.875000,14.875000,3.462424,379900
1985-07-16,15.000000,15.250000,14.750000,14.875000,3.462424,503500
1985-07-17,15.000000,15.125000,14.875000,15.000000,3.491519,465100
1985-07-18,15.000000,15.000000,14.750000,14.750000,3.433327,851800
1985-07-19,14.875000,14.875000,14.625000,14.750000,3.433327,799200
1985-07-22,14.625000,14.875000,14.625000,14.750000,3.433327,431800
1985-07-23,14.875000,15.000000,14.500000,14.750000,3.433327,559000
1985-07-24,14.625000,15.625000,14.500000,14.500000,3.375137,302000
1985-07-25,14.500000,14.750000,14.500000,14.500000,3.375137,317000
1985-07-26,14.500000,14.500000,14.125000,14.125000,3.287848,995000
1985-07-29,14.125000,14.250000,13.750000,14.000000,3.258752,920000
1985-07-30,13.875000,14.000000,13.750000,14.000000,3.258752,904000
1985-07-31,14.000000,14.000000,11.125000,11.875000,2.764121,3901000
1985-08-01,11.750000,12.000000,11.625000,11.625000,2.705927,3215000
1985-08-02,11.625000,11.750000,11.000000,11.125000,2.589544,3009000
1985-08-05,11.125000,12.250000,11.125000,12.000000,2.793216,2026000
1985-08-06,12.000000,12.000000,11.625000,11.750000,2.735023,1080000
1985-08-07,11.750000,12.000000,11.625000,11.875000,2.764121,1004000
1985-08-08,11.875000,12.250000,11.750000,12.125000,2.822313,599100
1985-08-09,12.125000,12.500000,12.000000,12.375000,2.880503,1291000
1985-08-12,12.500000,12.500000,12.125000,12.125000,2.822313,1265000
1985-08-13,11.000000,11.125000,10.500000,11.000000,2.560448,3459000
1985-08-14,11.000000,11.000000,10.125000,10.250000,2.385872,2676000
1985-08-15,10.250000,10.750000,10.250000,10.625000,2.473160,1687000
1985-08-16,10.250000,10.625000,8.125000,9.125000,2.124008,5300000
1985-08-19,9.000000,9.250000,8.750000,9.250000,2.153104,3166000
1985-08-20,9.250000,10.125000,8.750000,10.000000,2.327679,1996000
1985-08-21,10.000000,10.500000,9.875000,10.500000,2.444064,1653000
1985-08-22,10.500000,10.500000,10.000000,10.000000,2.327679,962000
1985-08-23,10.000000,10.125000,9.875000,10.000000,2.327679,725300
1985-08-26,9.875000,10.000000,8.875000,9.000000,2.094913,1486000
1985-08-27,8.750000,9.875000,8.375000,8.875000,2.065817,2190000
1985-08-28,8.875000,9.500000,8.750000,9.000000,2.094913,1276000
1985-08-29,8.875000,9.500000,8.625000,9.375000,2.182199,1671000
1985-08-30,9.500000,9.750000,8.750000,9.625000,2.240392,1520000
1985-09-03,9.750000,9.875000,9.500000,9.625000,2.240392,783100
1985-09-04,9.625000,9.875000,9.500000,9.625000,2.240392,631000
1985-09-05,9.625000,9.750000,9.375000,9.375000,2.182199,501300
1985-09-06,9.500000,10.000000,9.500000,10.000000,2.327679,797100
1985-09-09,9.875000,9.875000,9.500000,9.750000,2.269488,465100
1985-09-10,9.625000,9.750000,9.250000,9.375000,2.182199,587300
1985-09-11,9.375000,9.500000,9.250000,9.375000,2.182199,423700
1985-09-12,9.250000,9.375000,8.750000,8.750000,2.036719,1209000
1985-09-13,9.000000,9.875000,9.000000,9.250000,2.153104,617000
1985-09-16,9.125000,9.250000,9.000000,9.125000,2.124008,309100
1985-09-17,9.125000,9.250000,8.875000,9.125000,2.124008,719900
1985-09-18,9.125000,9.375000,9.000000,9.250000,2.153104,442700
1985-09-19,9.250000,9.500000,9.250000,9.375000,2.182199,481400
1985-09-20,9.375000,9.500000,9.250000,9.250000,2.153104,706200
1985-09-23,9.375000,9.500000,9.125000,9.250000,2.153104,378100
1985-09-24,9.125000,9.375000,9.125000,9.250000,2.153104,549700
1985-09-25,9.250000,9.250000,9.125000,9.125000,2.124008,348200
1985-09-26,9.250000,9.375000,9.125000,9.375000,2.182199,296600
1985-09-30,9.125000,9.250000,9.000000,9.125000,2.124008,422400
1985-10-01,9.125000,9.875000,8.875000,9.000000,2.094913,398800
1985-10-02,9.000000,9.125000,8.750000,8.750000,2.036719,268200
1985-10-03,8.750000,9.000000,8.750000,8.750000,2.036719,337600
1985-10-04,8.750000,8.875000,8.750000,8.750000,2.036719,315100
1985-10-07,8.750000,8.875000,8.625000,8.750000,2.036719,465000
1985-10-08,8.625000,8.875000,8.500000,8.625000,2.007624,362100
1985-10-09,8.500000,8.750000,8.500000,8.625000,2.007624,305900
1985-10-10,8.500000,10.000000,8.500000,10.000000,2.327679,2486000
1985-10-11,10.000000,10.000000,9.625000,9.750000,2.269488,754500
1985-10-14,9.625000,9.750000,9.250000,9.500000,2.211296,265000
1985-10-15,9.500000,9.500000,9.125000,9.500000,2.211296,596500
1985-10-16,9.375000,9.625000,9.375000,9.500000,2.211296,377300
1985-10-17,9.500000,9.625000,9.375000,9.625000,2.240392,476700
1985-10-18,9.500000,9.625000,8.500000,9.500000,2.211296,398000
1985-10-21,9.500000,9.625000,9.500000,9.500000,2.211296,233900
1985-10-22,9.500000,9.750000,9.500000,9.750000,2.269488,710000
1985-10-23,9.625000,9.750000,9.250000,9.500000,2.211296,540100
1985-10-24,9.375000,9.500000,9.250000,9.250000,2.153104,369100
1985-10-25,9.250000,9.500000,9.125000,9.500000,2.211296,402900
1985-10-28,9.375000,9.625000,9.250000,9.375000,2.182199,364800
1985-10-29,9.375000,9.500000,8.500000,9.375000,2.182199,221600
1985-10-30,9.250000,9.375000,9.250000,9.375000,2.182199,311000
1985-10-31,9.250000,9.375000,9.000000,9.125000,2.124008,371200
1985-11-01,9.125000,9.250000,8.875000,9.000000,2.094913,438400
1985-11-04,9.000000,9.000000,8.625000,8.875000,2.065817,470500
1985-11-05,8.875000,9.125000,8.750000,9.000000,2.094913,509500
1985-11-06,8.875000,9.500000,8.875000,9.500000,2.211296,771400
1985-11-07,9.500000,9.500000,9.250000,9.375000,2.182199,311000
1985-11-08,9.250000,9.375000,9.250000,9.375000,2.182199,413000
1985-11-11,9.250000,9.375000,9.125000,9.250000,2.153104,299500
1985-11-12,9.250000,9.375000,9.125000,9.375000,2.182199,442500
1985-11-13,9.250000,9.375000,9.125000,9.125000,2.124008,640300
1985-11-14,9.125000,9.750000,9.000000,9.750000,2.269488,1010000
1985-11-15,10.000000,10.375000,9.875000,10.125000,2.356776,2352000
1985-11-18,10.125000,10.250000,10.000000,10.125000,2.356776,782500
1985-11-19,10.125000,10.250000,9.875000,9.875000,2.298583,966200
1985-11-20,9.875000,10.000000,9.625000,9.750000,2.269488,514400
1985-11-21,9.875000,10.000000,9.625000,9.750000,2.269488,615000
1985-11-22,9.875000,10.000000,9.625000,9.750000,2.269488,545900
1985-11-25,9.750000,9.875000,9.625000,9.750000,2.269488,501300
1985-11-26,9.750000,9.750000,9.625000,9.750000,2.269488,349400
1985-11-27,9.750000,10.000000,9.625000,9.750000,2.269488,423900
1985-11-29,9.750000,9.875000,9.625000,9.750000,2.269488,347000
1985-12-02,9.625000,9.750000,9.500000,9.625000,2.240392,449600
1985-12-03,9.500000,9.625000,9.375000,9.625000,2.240392,624400
1985-12-04,9.500000,10.000000,9.500000,9.875000,2.298583,1651000
1985-12-05,10.000000,10.125000,9.875000,10.000000,2.327679,1725000
1985-12-06,10.000000,10.125000,10.000000,10.125000,2.356776,701700
1985-12-09,10.125000,10.500000,10.000000,10.375000,2.414968,807500
1985-12-10,10.375000,10.500000,10.250000,10.375000,2.414968,1170000
1985-12-11,10.375000,10.875000,10.375000,10.750000,2.502256,1290000
1985-12-12,10.625000,10.750000,10.375000,10.500000,2.444064,438800
1985-12-13,10.500000,10.500000,10.375000,10.500000,2.444064,451500
1985-12-16,10.500000,10.625000,10.375000,10.500000,2.444064,691400
1985-12-17,10.625000,10.625000,10.500000,10.500000,2.444064,851700
1985-12-18,10.625000,10.625000,10.375000,10.375000,2.414968,549500
1985-12-19,10.375000,10.500000,10.250000,10.375000,2.414968,929600
1985-12-20,10.500000,10.625000,10.250000,10.500000,2.444064,1040000
1985-12-23,10.375000,10.625000,10.375000,10.375000,2.414968,526300
1985-12-24,10.375000,10.625000,10.375000,10.500000,2.444064,1114000
1985-12-26,10.500000,10.750000,10.500000,10.750000,2.502256,481500
1985-12-27,10.750000,10.875000,10.625000,10.750000,2.502256,566500
1985-12-30,10.625000,10.750000,10.500000,10.625000,2.473160,564000
1985-12-31,10.625000,10.750000,10.625000,10.625000,2.473160,742500
1986-01-02,10.625000,11.000000,10.625000,10.875000,2.531351,534400
1986-01-03,10.750000,11.250000,10.750000,11.250000,2.618641,1090000
1986-01-06,11.250000,11.250000,11.000000,11.250000,2.618641,333000
1986-01-07,11.125000,11.625000,11.125000,11.500000,2.676833,1060000
1986-01-08,11.625000,11.625000,11.000000,11.000000,2.560448,799800
1986-01-09,10.875000,11.000000,10.750000,10.875000,2.531351,798700
1986-01-10,10.875000,11.000000,10.750000,10.875000,2.531351,234100
1986-01-13,10.750000,10.875000,10.500000,10.750000,2.502256,400300
1986-01-14,10.625000,11.250000,10.625000,11.125000,2.589544,778100
1986-01-15,11.125000,11.125000,11.000000,11.125000,2.589544,372500
1986-01-16,11.000000,11.375000,11.000000,11.000000,2.560448,461100
1986-01-17,11.125000,11.500000,11.125000,11.375000,2.647737,840400
1986-01-20,11.375000,11.375000,11.000000,11.250000,2.618641,294700
1986-01-21,11.250000,11.375000,11.000000,11.125000,2.589544,325300
1986-01-22,11.250000,11.375000,11.125000,11.125000,2.589544,350300
1986-01-23,11.125000,11.250000,11.125000,11.125000,2.589544,236800
1986-01-24,11.125000,11.250000,11.125000,11.125000,2.589544,318800
1986-01-27,11.250000,11.625000,11.250000,11.500000,2.676833,981200
1986-01-28,11.500000,12.250000,11.500000,12.250000,2.851408,1950000
1986-01-29,12.125000,12.250000,11.625000,11.750000,2.735023,724600
1986-01-30,11.625000,12.000000,11.625000,11.750000,2.735023,335900
1986-01-31,11.750000,11.875000,11.625000,11.875000,2.764121,595900
1986-02-03,11.750000,12.000000,11.625000,12.000000,2.793216,625100
1986-02-04,11.875000,12.000000,11.625000,11.750000,2.735023,454300
1986-02-05,11.750000,12.125000,11.750000,11.750000,2.735023,410200
1986-02-06,11.875000,12.000000,11.125000,12.000000,2.793216,577400
1986-02-07,11.875000,12.125000,11.750000,12.125000,2.822313,879400
1986-02-10,12.000000,12.250000,11.875000,12.250000,2.851408,780200
1986-02-11,12.125000,12.250000,12.000000,12.250000,2.851408,579900
1986-02-12,12.250000,12.250000,12.000000,12.125000,2.822313,583300
1986-02-13,12.125000,12.250000,12.000000,12.250000,2.851408,549800
1986-02-14,12.125000,12.250000,12.000000,12.250000,2.851408,594900
1986-02-18,12.125000,12.500000,12.000000,12.500000,2.909600,1060000
1986-02-19,12.375000,12.500000,12.125000,12.250000,2.851408,470800
1986-02-20,12.000000,12.125000,11.875000,12.125000,2.822313,635300
1986-02-21,12.125000,12.125000,12.000000,12.125000,2.822313,367900
1986-02-24,12.000000,12.125000,11.875000,12.000000,2.793216,381300
1986-02-25,12.000000,12.000000,11.875000,11.875000,2.764121,354900
1986-02-26,11.875000,12.000000,11.750000,12.000000,2.793216,804900
1986-02-27,11.875000,12.250000,11.875000,12.250000,2.851408,714300
1986-02-28,12.375000,12.375000,11.875000,12.000000,2.793216,826000
1986-03-03,12.000000,12.000000,11.625000,11.875000,2.764121,497100
1986-03-04,12.000000,12.125000,11.875000,11.875000,2.764121,684100
1986-03-05,11.875000,12.000000,11.250000,11.875000,2.764121,1170000
1986-03-06,12.000000,12.000000,11.750000,11.750000,2.735023,742400
1986-03-07,11.750000,12.000000,11.750000,11.750000,2.735023,412700
1986-03-10,11.875000,11.875000,11.750000,11.750000,2.735023,325100
1986-03-11,11.750000,12.125000,11.750000,12.000000,2.793216,870000
1986-03-12,12.000000,12.750000,11.875000,12.000000,2.793216,1370000
1986-03-13,11.875000,12.125000,11.750000,12.000000,2.793216,794800
1986-03-14,11.875000,12.125000,11.875000,12.000000,2.793216,1487000
1986-03-17,12.000000,12.000000,11.875000,11.875000,2.764121,442700
1986-03-18,12.000000,12.000000,11.875000,12.000000,2.793216,838700
1986-03-19,12.000000,12.000000,11.875000,12.000000,2.793216,540500
1986-03-20,12.000000,12.250000,11.875000,12.000000,2.793216,1020000
1986-03-21,12.125000,12.625000,12.000000,12.500000,2.909600,2269000
1986-03-24,12.625000,13.125000,12.625000,13.000000,3.025983,2611000
1986-03-25,13.000000,13.375000,13.000000,13.000000,3.025983,1000000
1986-03-26,13.125000,13.625000,13.000000,13.500000,3.142368,1567000
1986-03-27,13.625000,13.750000,13.125000,13.250000,3.084176,1560000
1986-03-31,13.250000,13.375000,13.125000,13.125000,3.055078,755500
1986-04-01,13.375000,13.500000,13.125000,13.125000,3.055078,668300
1986-04-02,13.125000,13.375000,13.125000,13.250000,3.084176,973900
1986-04-03,13.250000,13.625000,13.250000,13.375000,3.113272,1220000
1986-04-04,13.375000,13.625000,13.250000,13.250000,3.084176,799700
1986-04-07,12.750000,13.750000,12.750000,12.875000,2.996888,461400
1986-04-08,13.125000,13.500000,13.125000,13.500000,3.142368,1140000
1986-04-09,13.375000,13.625000,13.250000,13.375000,3.113272,652600
1986-04-10,13.375000,13.500000,13.250000,13.500000,3.142368,610300
1986-04-11,13.375000,14.375000,13.250000,13.250000,3.084176,428900
1986-04-14,13.375000,13.375000,13.125000,13.125000,3.055078,331000
1986-04-15,13.250000,13.500000,13.125000,13.375000,3.113272,701200
1986-04-16,13.375000,13.625000,13.375000,13.375000,3.113272,493900
1986-04-17,13.375000,13.750000,13.375000,13.625000,3.171464,743500
1986-04-18,13.500000,13.750000,13.500000,13.500000,3.142368,500400
1986-04-21,13.500000,13.750000,13.500000,13.625000,3.171464,414900
1986-04-22,13.625000,13.750000,13.500000,13.625000,3.171464,1410000
1986-04-23,13.750000,13.750000,13.500000,13.500000,3.142368,666100
1986-04-24,13.500000,13.750000,13.500000,13.750000,3.200559,678100
1986-04-25,13.625000,13.875000,13.625000,13.625000,3.171464,594300
1986-04-28,13.625000,13.750000,13.375000,13.500000,3.142368,540700
1986-04-29,13.250000,13.250000,12.500000,13.000000,3.025983,1803000
1986-04-30,13.000000,13.125000,12.250000,12.500000,2.909600,1190000
1986-05-01,12.375000,12.875000,12.375000,12.625000,2.938697,682600
1986-05-02,12.625000,12.875000,12.625000,12.875000,2.996888,512200
1986-05-05,12.875000,13.250000,12.750000,13.125000,3.055078,592300
1986-05-06,13.375000,13.500000,13.125000,13.125000,3.055078,635300
1986-05-07,13.125000,13.375000,13.000000,13.125000,3.055078,451300
1986-05-08,13.125000,13.375000,13.125000,13.125000,3.055078,449400
1986-05-09,13.125000,13.125000,12.875000,12.875000,2.996888,614700
1986-05-12,12.875000,13.000000,12.750000,12.750000,2.967791,248400
1986-05-13,12.625000,12.875000,12.500000,12.625000,2.938697,683300
1986-05-14,12.625000,12.750000,12.500000,12.625000,2.938697,333100
1986-05-15,12.625000,12.875000,12.625000,12.625000,2.938697,342800
1986-05-16,12.625000,12.750000,12.625000,12.750000,2.967791,289700
1986-05-19,12.625000,12.750000,12.500000,12.500000,2.909600,407600
1986-05-20,12.500000,12.625000,12.375000,12.625000,2.938697,442800
1986-05-21,12.500000,12.625000,12.125000,12.250000,2.851408,290100
1986-05-22,12.250000,12.625000,12.250000,12.625000,2.938697,675000
1986-05-23,12.500000,12.750000,12.500000,12.625000,2.938697,331000
1986-05-27,12.625000,12.875000,12.500000,12.750000,2.967791,452700
1986-05-28,12.750000,13.000000,12.750000,12.875000,2.996888,833100
1986-05-29,12.750000,13.125000,12.750000,13.000000,3.025983,545700
1986-05-30,13.000000,13.250000,13.000000,13.250000,3.084176,799800
1986-06-02,13.000000,13.250000,13.000000,13.125000,3.055078,419900
1986-06-03,13.125000,13.250000,13.125000,13.250000,3.084176,577500
1986-06-04,13.250000,13.375000,13.000000,13.000000,3.025983,483200
1986-06-05,13.125000,13.250000,13.000000,13.125000,3.055078,346800
1986-06-06,13.125000,13.250000,13.000000,13.125000,3.055078,291000
1986-06-09,13.125000,13.250000,12.875000,12.875000,2.996888,395500
1986-06-10,12.875000,12.875000,12.625000,12.750000,2.967791,310200
1986-06-11,12.750000,12.750000,12.625000,12.750000,2.967791,226400
1986-06-12,12.625000,13.000000,12.625000,12.875000,2.996888,433900
1986-06-13,12.750000,13.000000,12.750000,12.875000,2.996888,365300
1986-06-16,12.750000,12.875000,12.750000,12.875000,2.996888,355700
1986-06-17,12.750000,13.000000,12.750000,12.750000,2.967791,276900
1986-06-18,12.625000,12.875000,12.500000,12.750000,2.967791,502100
1986-06-19,13.000000,13.000000,12.750000,12.750000,2.967791,507300
1986-06-20,12.750000,13.000000,12.750000,13.000000,3.025983,636100
1986-06-23,12.875000,13.000000,12.750000,12.750000,2.967791,241400
1986-06-24,12.750000,12.875000,12.750000,12.750000,2.967791,494200
1986-06-25,12.750000,13.000000,12.750000,13.000000,3.025983,1100000
1986-06-26,12.875000,13.000000,12.750000,12.875000,2.996888,306300
1986-06-27,12.750000,13.000000,12.750000,12.875000,2.996888,683500
1986-06-30,12.875000,13.000000,12.875000,13.000000,3.025983,426400
1986-07-01,13.000000,13.125000,12.875000,13.000000,3.025983,562300
1986-07-02,12.875000,13.000000,12.875000,13.000000,3.025983,407600
1986-07-03,13.000000,13.000000,12.875000,13.000000,3.025983,278100
1986-07-07,12.875000,13.000000,12.750000,12.875000,2.996888,810600
1986-07-08,12.750000,12.750000,12.750000,12.750000,2.967791,664400
1986-07-09,12.625000,12.750000,12.375000,12.625000,2.938697,502900
1986-07-10,12.625000,12.625000,12.250000,12.500000,2.909600,423700
1986-07-11,12.500000,12.875000,12.500000,12.625000,2.938697,883300
1986-07-14,12.750000,12.875000,12.625000,12.625000,2.938697,348200
1986-07-15,12.625000,12.875000,12.625000,12.625000,2.938697,546200
1986-07-16,12.625000,12.750000,12.500000,12.625000,2.938697,400300
1986-07-17,12.625000,12.750000,12.500000,12.500000,2.909600,457000
1986-07-18,12.500000,12.750000,12.500000,12.500000,2.909600,557900
1986-07-21,12.500000,12.625000,12.500000,12.500000,2.909600,275900
1986-07-22,12.625000,13.125000,12.625000,12.875000,2.996888,1250000
1986-07-23,13.000000,13.125000,12.875000,13.125000,3.055078,615200
1986-07-24,13.125000,13.500000,13.000000,13.125000,3.055078,1293000
1986-07-25,13.125000,13.500000,13.125000,13.375000,3.113272,462100
1986-07-28,13.250000,13.375000,12.875000,13.125000,3.055078,730300
1986-07-29,13.125000,13.250000,13.000000,13.125000,3.055078,518900
1986-07-30,13.000000,13.000000,12.625000,13.000000,3.025983,339200
1986-07-31,13.000000,13.000000,12.750000,13.000000,3.025983,196600
1986-08-01,13.000000,13.125000,12.875000,13.000000,3.025983,317600
1986-08-04,12.875000,13.000000,12.750000,12.875000,2.996888,359400
1986-08-05,12.875000,13.000000,12.750000,13.000000,3.025983,336200
1986-08-06,12.875000,13.000000,12.875000,13.000000,3.025983,366200
1986-08-07,12.875000,13.000000,12.875000,13.000000,3.025983,184200
1986-08-08,13.000000,13.000000,12.875000,12.875000,2.996888,426000
1986-08-11,12.875000,13.000000,12.875000,12.875000,2.996888,407800
1986-08-12,13.000000,13.500000,12.875000,13.375000,3.113272,1180000
1986-08-13,13.500000,14.125000,13.500000,13.875000,3.229657,2202000
1986-08-14,13.875000,14.000000,13.750000,13.750000,3.200559,705700
1986-08-15,13.750000,13.875000,13.625000,13.750000,3.200559,1314000
1986-08-18,13.875000,14.500000,13.750000,14.375000,3.346039,2500000
1986-08-19,14.500000,14.625000,14.250000,14.625000,3.404231,981500
1986-08-20,14.625000,15.000000,14.500000,14.875000,3.462424,2210000
1986-08-21,14.875000,15.000000,14.000000,14.750000,3.433327,1140000
1986-08-22,14.625000,14.750000,14.375000,14.750000,3.433327,684000
1986-08-25,14.625000,14.625000,14.375000,14.375000,3.346039,354600
1986-08-26,14.375000,14.750000,14.250000,14.250000,3.316944,615000
1986-08-27,14.250000,14.625000,14.125000,14.125000,3.287848,338300
1986-08-28,14.125000,14.625000,14.125000,14.250000,3.316944,498500
1986-08-29,14.250000,14.500000,14.250000,14.250000,3.316944,678000
1986-09-02,14.375000,14.500000,14.125000,14.125000,3.287848,644300
1986-09-03,14.125000,14.250000,13.875000,14.250000,3.316944,355000
1986-09-04,14.125000,14.500000,14.125000,14.500000,3.375137,552300
1986-09-05,14.375000,14.625000,14.250000,14.250000,3.316944,405000
1986-09-08,14.125000,14.375000,14.125000,14.250000,3.316944,487600
1986-09-09,14.250000,14.500000,14.125000,14.375000,3.346039,540000
1986-09-10,14.375000,14.500000,14.125000,14.250000,3.316944,309900
1986-09-11,14.250000,14.250000,13.250000,13.500000,3.142368,932700
1986-09-12,13.500000,13.750000,13.000000,13.250000,3.084176,668100
1986-09-15,13.375000,13.375000,13.250000,13.375000,3.113272,383300
1986-09-16,13.250000,13.375000,13.125000,13.375000,3.113272,281900
1986-09-17,13.250000,13.500000,12.250000,12.250000,2.851408,866800
1986-09-18,12.125000,12.875000,12.000000,12.500000,2.909600,867900
1986-09-19,12.625000,12.625000,12.250000,12.625000,2.938697,692100
1986-09-22,12.750000,13.000000,12.625000,13.000000,3.025983,379000
1986-09-23,13.000000,13.000000,12.625000,12.625000,2.938697,218300
1986-09-24,12.625000,13.125000,12.625000,13.000000,3.025983,429200
1986-09-25,13.000000,13.250000,12.875000,12.875000,2.996888,240300
1986-09-26,12.750000,13.125000,12.750000,12.875000,2.996888,268700
1986-09-29,12.750000,12.875000,12.625000,12.750000,2.967791,227600
1986-09-30,12.875000,13.000000,12.750000,13.000000,3.025983,316800
1986-10-01,13.000000,13.000000,12.750000,12.875000,2.996888,247200
1986-10-02,12.875000,12.875000,12.625000,12.875000,2.996888,375500
1986-10-03,12.750000,12.750000,12.500000,12.625000,2.938697,129600
1986-10-06,12.625000,12.750000,12.375000,12.625000,2.938697,279100
1986-10-07,12.500000,12.625000,12.250000,12.375000,2.880503,377000
1986-10-08,12.375000,12.625000,12.375000,12.500000,2.909600,372600
1986-10-09,12.500000,12.875000,12.375000,12.625000,2.938697,320500
1986-10-10,12.500000,12.750000,12.500000,12.625000,2.938697,261600
1986-10-13,12.500000,12.625000,12.375000,12.625000,2.938697,326100
1986-10-14,12.500000,12.750000,12.375000,12.500000,2.909600,308200
1986-10-15,12.500000,12.750000,12.250000,12.625000,2.938697,371800
1986-10-16,13.000000,13.125000,12.625000,12.625000,2.938697,799100
1986-10-17,12.750000,13.000000,12.500000,12.875000,2.996888,286100
1986-10-20,12.750000,12.875000,12.500000,12.500000,2.909600,270600
1986-10-21,12.500000,12.750000,12.375000,12.500000,2.909600,397300
1986-10-22,12.375000,12.625000,12.375000,12.500000,2.909600,308300
1986-10-23,12.625000,12.875000,12.500000,12.875000,2.996888,666000
1986-10-24,12.750000,13.000000,12.750000,12.875000,2.996888,340600
1986-10-27,12.875000,13.000000,12.625000,12.750000,2.967791,295900
1986-10-28,12.750000,13.125000,12.750000,12.875000,2.996888,571800
1986-10-29,12.875000,13.250000,12.750000,13.250000,3.084176,401500
1986-10-30,13.500000,13.625000,13.125000,13.250000,3.084176,414900
1986-10-31,13.375000,13.625000,13.125000,13.625000,3.171464,657900
1986-11-03,13.500000,13.875000,13.375000,13.875000,3.229657,455000
1986-11-04,13.750000,14.125000,13.500000,13.750000,3.200559,814100
1986-11-05,13.625000,14.000000,13.500000,13.875000,3.229657,733100
1986-11-06,13.875000,14.125000,13.625000,13.750000,3.200559,511200
1986-11-07,13.625000,13.875000,13.500000,13.875000,3.229657,219500
1986-11-10,13.625000,13.625000,13.375000,13.625000,3.171464,160200
1986-11-11,13.500000,13.875000,13.375000,13.750000,3.200559,305800
1986-11-12,13.750000,13.875000,13.625000,13.625000,3.171464,313800
1986-11-13,13.750000,13.875000,13.500000,13.750000,3.200559,388900
1986-11-14,13.625000,13.750000,13.625000,13.750000,3.200559,215100
1986-11-17,13.500000,13.875000,13.500000,13.625000,3.171464,496200
1986-11-18,13.750000,14.000000,13.625000,13.625000,3.171464,542300
1986-11-19,13.750000,13.750000,13.500000,13.750000,3.200559,278900
1986-11-20,13.625000,13.750000,13.500000,13.750000,3.200559,303600
1986-11-21,13.625000,13.750000,13.625000,13.750000,3.200559,339500
1986-11-24,13.625000,13.875000,13.625000,13.875000,3.229657,255100
1986-11-25,13.625000,13.750000,13.500000,13.750000,3.200559,487700
1986-11-26,13.625000,13.750000,13.500000,13.750000,3.200559,244200
1986-11-28,13.500000,13.875000,13.500000,13.875000,3.229657,253500
1986-12-01,13.750000,13.750000,13.500000,13.750000,3.200559,379100
1986-12-02,13.875000,13.875000,13.625000,13.625000,3.171464,541700
1986-12-03,13.750000,13.875000,13.625000,13.750000,3.200559,881000
1986-12-04,13.625000,14.000000,13.625000,13.875000,3.229657,528300
1986-12-05,13.875000,14.000000,13.750000,13.875000,3.229657,460800
1986-12-08,13.875000,14.000000,13.125000,14.000000,3.258752,555500
1986-12-09,14.000000,14.000000,13.750000,13.750000,3.200559,391500
1986-12-10,13.750000,13.875000,13.625000,13.625000,3.171464,319800
1986-12-11,13.625000,14.000000,13.500000,13.750000,3.200559,696600
1986-12-12,13.750000,13.875000,13.750000,13.750000,3.200559,375400
1986-12-15,13.625000,13.875000,13.625000,13.875000,3.229657,351900
1986-12-16,13.875000,14.000000,13.750000,14.000000,3.258752,378800
1986-12-17,13.875000,13.875000,13.625000,13.625000,3.171464,448800
1986-12-18,13.625000,13.875000,13.625000,13.625000,3.171464,354100
1986-12-19,13.625000,13.875000,13.500000,13.875000,3.229657,976000
1986-12-22,13.750000,14.000000,13.625000,13.875000,3.229657,698000
1986-12-23,13.875000,14.000000,13.625000,13.875000,3.229657,688700
1986-12-24,13.750000,13.875000,13.625000,13.750000,3.200559,198100
1986-12-26,13.750000,13.750000,13.625000,13.625000,3.171464,143700
1986-12-29,13.625000,13.750000,13.250000,13.500000,3.142368,271300
1986-12-30,13.375000,13.500000,13.250000,13.375000,3.113272,426900
1986-12-31,13.375000,13.500000,13.000000,13.125000,3.055078,361100
1987-01-02,13.125000,13.750000,13.125000,13.750000,3.200559,430000
1987-01-05,13.875000,14.000000,13.750000,14.000000,3.258752,846100
1987-01-06,14.000000,14.000000,13.625000,13.625000,3.171464,647800
1987-01-07,13.625000,13.875000,13.625000,13.875000,3.229657,397100
1987-01-08,13.875000,14.000000,13.250000,13.875000,3.229657,677000
1987-01-09,13.750000,14.000000,13.750000,13.875000,3.229657,453300
1987-01-12,13.750000,14.000000,13.750000,13.875000,3.229657,455900
1987-01-13,13.750000,14.375000,13.750000,14.125000,3.287848,1440000
1987-01-14,14.250000,14.875000,14.250000,14.625000,3.404231,1250000
1987-01-15,14.750000,15.000000,14.625000,14.625000,3.404231,1230000
1987-01-16,14.750000,14.875000,14.375000,14.625000,3.404231,586400
1987-01-19,14.500000,14.625000,14.250000,14.375000,3.346039,337400
1987-01-20,14.375000,14.875000,14.375000,14.750000,3.433327,1000000
1987-01-21,14.875000,15.000000,14.750000,14.875000,3.462424,568800
1987-01-22,14.875000,15.250000,14.875000,15.125000,3.520616,1330000
1987-01-23,15.125000,15.375000,15.000000,15.125000,3.520616,1440000
1987-01-26,15.125000,15.250000,14.750000,15.000000,3.491519,1450000
1987-01-27,14.875000,15.250000,14.875000,15.125000,3.520616,1010000
1987-01-28,15.125000,16.125000,15.125000,15.875000,3.695194,2200000
1987-01-29,16.000000,16.250000,15.750000,15.875000,3.695194,1320000
1987-01-30,15.750000,16.000000,15.750000,15.875000,3.695194,585300
1987-02-02,15.750000,16.000000,15.625000,15.750000,3.666098,1180000
1987-02-03,15.750000,16.000000,15.625000,15.750000,3.666098,665500
1987-02-04,15.750000,16.000000,15.750000,16.000000,3.724288,1510000
1987-02-05,16.000000,16.500000,15.875000,16.000000,3.724288,856300
1987-02-06,15.875000,16.000000,15.875000,15.875000,3.695194,381900
1987-02-09,16.000000,16.000000,15.500000,15.750000,3.666098,379500
1987-02-10,15.500000,15.500000,15.125000,15.375000,3.578807,738100
1987-02-11,15.375000,15.625000,15.250000,15.625000,3.637000,665200
1987-02-12,15.625000,15.750000,15.500000,15.625000,3.637000,604300
1987-02-13,15.500000,15.875000,15.500000,15.750000,3.666098,371800
1987-02-17,15.625000,15.875000,15.500000,15.750000,3.666098,534700
1987-02-18,15.750000,16.000000,15.625000,15.875000,3.695194,1010000
1987-02-19,15.875000,16.000000,15.875000,15.875000,3.695194,469900
1987-02-20,16.000000,16.000000,15.875000,16.000000,3.724288,665200
1987-02-23,15.875000,16.000000,15.750000,15.875000,3.695194,377000
1987-02-24,15.875000,16.125000,15.875000,16.125000,3.753385,1090000
1987-02-25,16.000000,16.125000,15.250000,15.375000,3.578807,1080000
1987-02-26,14.750000,15.125000,14.625000,14.625000,3.404231,3000000
1987-02-27,14.625000,14.750000,14.125000,14.250000,3.316944,1790000
1987-03-02,14.375000,15.000000,14.250000,15.000000,3.491519,1480000
1987-03-03,14.875000,15.000000,14.750000,15.000000,3.491519,1300000
1987-03-04,15.000000,15.000000,14.500000,14.875000,3.462424,1060000
1987-03-05,14.875000,15.000000,14.625000,14.625000,3.404231,768700
1987-03-06,14.500000,14.875000,14.375000,14.500000,3.375137,394200
1987-03-09,14.375000,14.500000,14.250000,14.500000,3.375137,209300
1987-03-10,14.500000,14.625000,14.375000,14.625000,3.404231,595600
1987-03-11,14.500000,14.625000,14.000000,14.250000,3.316944,1780000
1987-03-12,14.125000,14.250000,13.750000,13.875000,3.229657,684100
1987-03-13,13.875000,14.000000,13.750000,13.875000,3.229657,443200
1987-03-16,13.875000,13.875000,13.375000,13.625000,3.171464,340900
1987-03-17,13.500000,14.000000,13.500000,14.000000,3.258752,1580000
1987-03-18,14.125000,14.375000,13.875000,14.125000,3.287848,408800
1987-03-19,14.125000,14.125000,13.875000,14.125000,3.287848,324700
1987-03-20,14.125000,14.125000,13.750000,14.000000,3.258752,945300
1987-03-23,13.875000,13.875000,13.500000,13.875000,3.229657,423100
1987-03-24,13.750000,14.000000,13.375000,14.000000,3.258752,1140000
1987-03-25,14.000000,14.375000,13.750000,13.750000,3.200559,1700000
1987-03-26,13.875000,14.000000,13.500000,13.500000,3.142368,594100
1987-03-27,13.500000,13.625000,13.375000,13.500000,3.142368,514200
1987-03-30,13.250000,13.625000,13.000000,13.375000,3.113272,319000
1987-03-31,13.500000,13.750000,13.500000,13.625000,3.171464,452300
1987-04-01,13.500000,13.750000,13.500000,13.500000,3.142368,329700
1987-04-02,13.500000,14.625000,13.500000,13.875000,3.229657,1200000
1987-04-03,13.750000,13.750000,13.625000,13.625000,3.171464,1370000
1987-04-06,13.375000,13.375000,12.500000,12.750000,2.967791,1230000
1987-04-07,12.625000,12.750000,12.375000,12.625000,2.938697,890900
1987-04-08,12.625000,12.625000,12.250000,12.375000,2.880503,726900
1987-04-09,12.125000,12.250000,11.875000,12.125000,2.822313,496700
1987-04-10,12.000000,12.125000,11.875000,12.125000,2.822313,317000
1987-04-13,12.125000,12.625000,12.125000,12.625000,2.938697,643600
1987-04-14,12.500000,12.500000,11.500000,12.125000,2.822313,420000
1987-04-15,12.250000,12.250000,11.625000,11.875000,2.764121,400700
1987-04-16,12.000000,12.250000,11.875000,12.000000,2.793216,288100
1987-04-20,12.000000,12.000000,11.375000,11.375000,2.647737,462100
1987-04-21,11.250000,11.875000,10.750000,11.875000,2.764121,1130000
1987-04-22,11.875000,12.125000,11.500000,11.625000,2.705927,713700
1987-04-23,11.500000,11.750000,11.500000,11.750000,2.735023,334400
1987-04-24,11.625000,11.875000,11.375000,11.500000,2.676833,417200
1987-04-27,11.500000,11.500000,10.875000,11.250000,2.618641,465800
1987-04-28,11.375000,11.625000,10.000000,10.125000,2.356776,1270000
1987-04-29,10.875000,11.250000,10.625000,11.000000,2.560448,1040000
1987-04-30,11.000000,11.625000,11.000000,11.500000,2.676833,678600
1987-05-01,11.625000,11.625000,10.875000,11.000000,2.560448,890100
1987-05-04,11.000000,11.000000,10.750000,10.875000,2.531351,565900
1987-05-05,11.000000,11.750000,10.875000,11.625000,2.705927,441000
1987-05-06,11.625000,11.625000,11.000000,11.125000,2.589544,406000
1987-05-07,11.000000,11.250000,10.875000,11.125000,2.589544,613900
1987-05-08,11.125000,11.250000,10.875000,11.125000,2.589544,355000
1987-05-11,11.125000,11.375000,11.125000,11.125000,2.589544,278600
1987-05-12,11.125000,11.375000,11.125000,11.250000,2.618641,170000
1987-05-13,11.375000,11.375000,11.000000,11.125000,2.589544,377700
1987-05-14,11.125000,11.375000,11.000000,11.375000,2.647737,490500
1987-05-15,11.250000,11.750000,11.125000,11.375000,2.647737,500100
1987-05-18,11.250000,11.375000,11.000000,11.250000,2.618641,338800
1987-05-19,11.375000,11.375000,10.875000,11.000000,2.560448,1300000
1987-05-20,11.000000,11.000000,10.750000,10.750000,2.502256,466200
1987-05-21,10.875000,11.125000,10.875000,11.000000,2.560448,201100
1987-05-22,11.125000,11.125000,10.875000,11.000000,2.560448,527500
1987-05-26,11.000000,11.125000,10.750000,11.000000,2.560448,370700
1987-05-27,11.000000,11.000000,10.375000,10.500000,2.444064,1230000
1987-05-28,10.375000,10.625000,10.000000,10.625000,2.473160,1180000
1987-05-29,10.625000,10.750000,10.375000,10.500000,2.444064,600900
1987-06-01,10.625000,11.250000,10.500000,11.125000,2.589544,3510000
1987-06-02,11.250000,11.500000,11.125000,11.250000,2.618641,1720000
1987-06-03,11.375000,11.625000,11.375000,11.625000,2.705927,514300
1987-06-04,11.500000,11.625000,11.375000,11.625000,2.705927,288100
1987-06-05,11.500000,11.625000,11.375000,11.375000,2.647737,371700
1987-06-08,11.375000,11.500000,11.250000,11.500000,2.676833,190100
1987-06-09,11.375000,11.500000,11.250000,11.250000,2.618641,203800
1987-06-10,11.375000,11.375000,11.000000,11.000000,2.560448,297800
1987-06-11,11.000000,11.250000,10.125000,11.125000,2.589544,352600
1987-06-12,11.250000,11.375000,11.250000,11.250000,2.618641,308600
1987-06-15,11.250000,11.375000,11.125000,11.375000,2.647737,405100
1987-06-16,11.250000,11.375000,11.125000,11.375000,2.647737,248000
1987-06-17,11.250000,11.375000,11.250000,11.250000,2.618641,221200
1987-06-18,11.375000,11.375000,11.125000,11.250000,2.618641,285800
1987-06-19,11.250000,11.750000,10.875000,11.125000,2.589544,753900
1987-06-22,11.125000,11.125000,10.875000,11.000000,2.560448,302500
1987-06-23,11.000000,11.125000,10.750000,10.875000,2.531351,658000
1987-06-24,10.750000,10.875000,10.625000,10.875000,2.531351,324400
1987-06-25,10.875000,11.250000,10.875000,11.250000,2.618641,473000
1987-06-26,11.250000,11.250000,11.000000,11.125000,2.589544,251500
1987-06-29,11.125000,11.125000,10.750000,10.750000,2.502256,325400
1987-06-30,10.875000,10.875000,10.500000,10.625000,2.473160,334200
1987-07-01,10.625000,10.750000,10.500000,10.625000,2.473160,307500
1987-07-02,10.750000,10.750000,10.375000,10.375000,2.414968,278200
1987-07-06,10.500000,10.500000,10.125000,10.250000,2.385872,383800
1987-07-07,10.250000,11.000000,10.125000,10.875000,2.531351,435300
1987-07-08,11.000000,11.125000,10.750000,10.875000,2.531351,419000
1987-07-09,10.875000,11.000000,10.750000,10.875000,2.531351,654200
1987-07-10,10.875000,11.000000,10.875000,10.875000,2.531351,160200
1987-07-13,10.750000,10.875000,10.375000,10.500000,2.444064,471200
1987-07-14,10.500000,10.625000,10.500000,10.625000,2.473160,432500
1987-07-15,10.500000,10.625000,10.375000,10.625000,2.473160,983100
1987-07-16,10.625000,10.625000,10.500000,10.500000,2.444064,255800
1987-07-17,10.500000,10.625000,10.250000,10.500000,2.444064,708900
1987-07-20,10.250000,10.500000,10.125000,10.250000,2.385872,621500
1987-07-21,10.125000,10.500000,10.000000,10.000000,2.327679,726800
1987-07-22,10.000000,10.000000,9.750000,10.000000,2.327679,1130000
1987-07-23,9.875000,10.000000,9.750000,9.875000,2.298583,407500
1987-07-24,9.875000,10.000000,9.750000,9.875000,2.298583,1080000
1987-07-27,9.875000,10.000000,9.750000,9.750000,2.269488,264500
1987-07-28,9.875000,10.000000,9.750000,10.000000,2.327679,1110000
1987-07-29,9.875000,10.125000,9.875000,10.125000,2.356776,635600
1987-07-30,10.000000,10.125000,9.875000,10.125000,2.356776,603100
1987-07-31,10.125000,10.125000,9.875000,10.000000,2.327679,295800
1987-08-03,9.875000,10.125000,9.750000,9.875000,2.298583,1210000
1987-08-04,9.875000,9.875000,9.750000,9.875000,2.298583,1170000
1987-08-05,9.875000,10.125000,9.750000,10.000000,2.327679,732300
1987-08-06,10.000000,10.000000,9.750000,9.750000,2.269488,538900
1987-08-07,9.750000,9.875000,9.375000,9.500000,2.211296,2590000
1987-08-10,9.500000,9.500000,9.250000,9.500000,2.211296,1090000
1987-08-11,9.500000,9.875000,9.375000,9.875000,2.298583,1270000
1987-08-12,9.875000,10.250000,9.750000,10.250000,2.385872,1190000
1987-08-13,10.250000,10.375000,10.250000,10.375000,2.414968,476300
1987-08-14,10.250000,10.375000,10.250000,10.375000,2.414968,535800
1987-08-17,10.375000,10.500000,10.250000,10.500000,2.444064,378800
1987-08-18,10.500000,10.500000,10.250000,10.375000,2.414968,331300
1987-08-19,10.250000,10.375000,10.250000,10.250000,2.385872,613200
1987-08-20,10.250000,10.375000,10.250000,10.375000,2.414968,692200
1987-08-21,10.375000,10.375000,10.250000,10.375000,2.414968,266800
1987-08-24,10.250000,10.375000,10.125000,10.250000,2.385872,265200
1987-08-25,10.125000,10.375000,10.125000,10.375000,2.414968,492900
1987-08-26,10.375000,10.375000,10.125000,10.250000,2.385872,187400
1987-08-27,10.125000,10.250000,10.125000,10.250000,2.385872,565300
1987-08-28,10.125000,10.250000,9.875000,10.000000,2.327679,534400
1987-08-31,9.875000,10.125000,9.875000,10.125000,2.356776,540600
1987-09-01,10.000000,10.125000,9.750000,9.875000,2.298583,532700
1987-09-02,9.875000,10.000000,9.750000,9.875000,2.298583,390500
1987-09-03,9.875000,10.000000,9.250000,10.000000,2.327679,174200
1987-09-04,9.875000,10.000000,9.750000,9.875000,2.298583,314100
1987-09-08,9.875000,9.875000,9.750000,9.750000,2.269488,343000
1987-09-09,9.750000,9.875000,9.625000,9.625000,2.240392,326200
1987-09-10,9.625000,9.875000,9.625000,9.875000,2.298583,302100
1987-09-11,9.750000,10.125000,9.625000,10.000000,2.327679,586800
1987-09-14,10.000000,10.125000,10.000000,10.125000,2.356776,341000
1987-09-15,10.125000,10.125000,9.875000,9.875000,2.298583,362100
1987-09-16,10.000000,10.000000,9.875000,10.000000,2.327679,262800
1987-09-17,9.875000,10.000000,9.875000,10.000000,2.327679,399100
1987-09-18,9.875000,10.125000,9.875000,10.125000,2.356776,757600
1987-09-21,9.875000,10.000000,9.750000,9.875000,2.298583,244400
1987-09-22,9.875000,10.250000,9.750000,10.250000,2.385872,506800
1987-09-23,10.125000,10.375000,10.125000,10.375000,2.414968,470200
1987-09-24,10.250000,10.375000,10.125000,10.375000,2.414968,753400
1987-09-25,10.500000,10.625000,10.375000,10.500000,2.444064,542300
1987-09-28,10.500000,10.500000,10.250000,10.500000,2.444064,359200
1987-09-29,10.500000,10.625000,10.375000,10.500000,2.444064,543700
1987-09-30,10.375000,10.500000,10.375000,10.500000,2.444064,427400
1987-10-01,10.625000,10.750000,10.375000,10.750000,2.502256,489100
1987-10-02,10.750000,11.375000,10.625000,11.250000,2.618641,531100
1987-10-05,11.250000,11.625000,10.875000,11.375000,2.647737,899200
1987-10-06,11.500000,11.500000,10.875000,10.875000,2.531351,602400
1987-10-07,10.875000,10.875000,10.625000,10.750000,2.502256,332100
1987-10-08,10.750000,10.875000,10.625000,10.750000,2.502256,478000
1987-10-09,10.625000,10.750000,10.500000,10.625000,2.473160,275600
1987-10-12,10.500000,10.625000,10.250000,10.500000,2.444064,273900
1987-10-13,10.625000,10.875000,10.500000,10.875000,2.531351,278600
1987-10-14,10.750000,10.750000,10.375000,10.625000,2.473160,404000
1987-10-15,10.500000,10.500000,10.250000,10.375000,2.414968,370700
1987-10-16,10.375000,10.375000,10.125000,10.250000,2.385872,1220000
1987-10-19,9.625000,9.750000,8.750000,8.750000,2.036719,3210000
1987-10-20,9.375000,9.375000,8.125000,8.625000,2.007624,1010000
1987-10-21,8.750000,9.375000,8.750000,9.250000,2.153104,860600
1987-10-22,9.125000,9.125000,8.625000,9.000000,2.094913,604900
1987-10-23,8.750000,9.250000,8.750000,9.125000,2.124008,579700
1987-10-26,8.750000,9.000000,8.500000,8.500000,1.978528,396700
1987-10-27,8.875000,9.000000,8.500000,8.625000,2.007624,373000
1987-10-28,8.500000,8.750000,8.500000,8.500000,1.978528,546900
1987-10-29,8.500000,8.875000,8.500000,8.875000,2.065817,658800
1987-10-30,9.000000,9.250000,8.750000,9.250000,2.153104,723900
1987-11-02,9.250000,9.375000,9.000000,9.125000,2.124008,268100
1987-11-03,9.000000,9.125000,8.750000,9.000000,2.094913,526600
1987-11-04,8.750000,9.000000,8.750000,9.000000,2.094913,414100
1987-11-05,8.625000,9.000000,8.625000,9.000000,2.094913,356900
1987-11-06,9.000000,9.000000,8.625000,8.750000,2.036719,351900
1987-11-09,8.625000,8.750000,8.500000,8.500000,1.978528,1390000
1987-11-10,8.500000,8.500000,8.375000,8.375000,1.949432,329800
1987-11-11,8.500000,8.500000,8.250000,8.375000,1.949432,492300
1987-11-12,8.500000,8.500000,8.250000,8.375000,1.949432,769600
1987-11-13,8.250000,8.625000,8.250000,8.500000,1.978528,320300
1987-11-16,8.500000,8.625000,8.375000,8.500000,1.978528,257700
1987-11-17,8.500000,8.500000,8.250000,8.375000,1.949432,568300
1987-11-18,8.375000,8.375000,8.125000,8.125000,1.891240,572200
1987-11-19,8.250000,8.250000,8.125000,8.125000,1.891240,513700
1987-11-20,8.125000,8.375000,8.000000,8.125000,1.891240,805400
1987-11-23,8.250000,8.500000,8.125000,8.250000,1.920336,444200
1987-11-24,8.250000,8.375000,8.125000,8.250000,1.920336,469600
1987-11-25,8.125000,8.250000,8.125000,8.125000,1.891240,318200
1987-11-27,8.250000,8.250000,8.125000,8.125000,1.891240,115300
1987-11-30,8.000000,8.125000,7.875000,8.000000,1.862144,458500
1987-12-01,7.875000,8.000000,7.750000,7.875000,1.833049,262400
1987-12-02,7.875000,8.375000,7.875000,8.250000,1.920336,386800
1987-12-03,8.375000,8.375000,8.125000,8.250000,1.920336,502500
1987-12-04,8.125000,8.375000,8.125000,8.375000,1.949432,403600
1987-12-07,8.125000,8.250000,8.125000,8.250000,1.920336,462300
1987-12-08,8.250000,8.375000,8.000000,8.250000,1.920336,290300
1987-12-09,8.125000,8.375000,8.125000,8.375000,1.949432,348100
1987-12-10,8.250000,8.375000,8.125000,8.125000,1.891240,365100
1987-12-11,8.125000,8.250000,8.000000,8.250000,1.920336,236600
1987-12-14,8.125000,8.750000,8.000000,8.750000,2.036719,737400
1987-12-15,8.625000,8.750000,8.250000,8.500000,1.978528,689600
1987-12-16,8.500000,8.500000,8.250000,8.500000,1.978528,480000
1987-12-17,8.500000,8.625000,8.375000,8.375000,1.949432,694200
1987-12-18,8.625000,8.625000,8.375000,8.500000,1.978528,672800
1987-12-21,8.500000,8.750000,8.500000,8.625000,2.007624,437500
1987-12-22,8.625000,8.875000,8.625000,8.875000,2.065817,510900
1987-12-23,8.875000,9.000000,8.625000,8.875000,2.065817,455700
1987-12-24,9.000000,9.000000,8.750000,8.750000,2.036719,133100
1987-12-28,8.625000,8.750000,8.375000,8.625000,2.007624,480800
1987-12-29,8.375000,8.625000,8.250000,8.500000,1.978528,437800
1987-12-30,8.375000,8.500000,8.250000,8.375000,1.949432,469000
1987-12-31,8.250000,8.375000,8.125000,8.250000,1.920336,674800
1988-01-04,8.500000,8.875000,8.500000,8.875000,2.065817,302600
1988-01-05,9.000000,9.250000,8.750000,8.875000,2.065817,264400
1988-01-06,8.875000,8.875000,8.625000,8.750000,2.036719,262000
1988-01-07,8.750000,9.125000,8.625000,9.125000,2.124008,266100
1988-01-08,9.125000,9.125000,8.625000,8.625000,2.007624,344300
1988-01-11,8.625000,8.875000,8.625000,8.875000,2.065817,204100
1988-01-12,9.000000,9.000000,8.750000,8.875000,2.065817,171000
1988-01-13,8.875000,9.250000,8.750000,9.125000,2.124008,275600
1988-01-14,9.125000,9.250000,9.000000,9.250000,2.153104,344300
1988-01-15,9.375000,9.875000,9.250000,9.625000,2.240392,232500
1988-01-18,9.500000,9.625000,9.500000,9.500000,2.211296,264400
1988-01-19,9.500000,9.625000,9.375000,9.625000,2.240392,129200
1988-01-20,9.500000,9.750000,8.375000,9.500000,2.211296,173700
1988-01-21,9.500000,9.500000,9.125000,9.250000,2.153104,232700
1988-01-22,9.375000,9.750000,9.375000,9.750000,2.269488,282700
1988-01-25,9.750000,9.875000,9.625000,9.750000,2.269488,223000
1988-01-26,9.750000,9.875000,9.625000,9.625000,2.240392,184700
1988-01-27,9.625000,9.750000,9.500000,9.625000,2.240392,462900
1988-01-28,9.625000,9.875000,9.625000,9.875000,2.298583,317700
1988-01-29,9.750000,10.000000,9.625000,10.000000,2.327679,331300
1988-02-01,10.000000,10.000000,9.625000,9.750000,2.269488,320100
1988-02-02,9.750000,9.875000,9.750000,9.750000,2.269488,236500
1988-02-03,9.875000,9.875000,9.625000,9.750000,2.269488,338700
1988-02-04,9.750000,9.875000,9.750000,9.750000,2.269488,177500
1988-02-05,9.875000,9.875000,9.625000,9.625000,2.240392,287100
1988-02-08,9.625000,9.750000,9.625000,9.750000,2.269488,125700
1988-02-09,9.625000,9.750000,9.500000,9.500000,2.211296,245800
1988-02-10,9.500000,9.500000,9.250000,9.250000,2.153104,146800
1988-02-11,9.250000,9.375000,9.125000,9.250000,2.153104,120900
1988-02-12,9.375000,9.375000,9.250000,9.375000,2.182199,125600
1988-02-16,9.375000,9.500000,9.250000,9.500000,2.211296,176400
1988-02-17,9.375000,9.375000,9.250000,9.250000,2.153104,159100
1988-02-18,9.250000,9.500000,9.250000,9.375000,2.182199,299000
1988-02-19,9.250000,9.500000,9.250000,9.500000,2.211296,367500
1988-02-22,9.375000,9.625000,9.375000,9.625000,2.240392,291700
1988-02-23,9.500000,9.750000,9.500000,9.625000,2.240392,102400
1988-02-24,9.750000,9.750000,9.625000,9.750000,2.269488,127400
1988-02-25,9.750000,9.750000,9.500000,9.500000,2.211296,156700
1988-02-26,9.500000,9.625000,9.250000,9.500000,2.211296,444600
1988-02-29,9.375000,9.625000,9.250000,9.625000,2.240392,511900
1988-03-01,9.500000,9.625000,9.250000,9.500000,2.211296,413200
1988-03-02,9.500000,9.500000,9.250000,9.375000,2.182199,453600
1988-03-03,9.250000,9.500000,9.250000,9.500000,2.211296,111200
1988-03-04,9.375000,9.625000,9.375000,9.625000,2.240392,498900
1988-03-07,9.500000,9.750000,9.500000,9.625000,2.240392,250000
1988-03-08,9.625000,9.625000,9.500000,9.500000,2.211296,121800
1988-03-09,9.625000,9.625000,8.625000,9.375000,2.182199,993700
1988-03-10,9.375000,9.375000,9.125000,9.250000,2.153104,452900
1988-03-11,9.125000,9.500000,9.125000,9.500000,2.211296,246600
1988-03-14,9.375000,9.500000,9.250000,9.375000,2.182199,398700
1988-03-15,9.375000,9.500000,9.375000,9.500000,2.211296,176400
1988-03-16,9.375000,9.625000,9.375000,9.500000,2.211296,436700
1988-03-17,9.500000,9.875000,9.375000,9.875000,2.298583,682600
1988-03-18,10.000000,10.125000,9.875000,10.125000,2.356776,861800
1988-03-21,10.125000,10.125000,9.875000,10.000000,2.327679,140600
1988-03-22,9.875000,10.000000,9.750000,9.875000,2.298583,268700
1988-03-23,9.875000,9.875000,9.500000,9.750000,2.269488,287100
1988-03-24,9.625000,9.750000,9.375000,9.500000,2.211296,218900
1988-03-25,9.500000,9.500000,9.250000,9.375000,2.182199,265600
1988-03-28,9.375000,9.500000,9.250000,9.500000,2.211296,253400
1988-03-29,9.500000,9.500000,9.375000,9.500000,2.211296,307600
1988-03-30,9.625000,9.750000,9.500000,9.625000,2.240392,746400
1988-03-31,9.750000,9.750000,9.625000,9.750000,2.269488,318700
1988-04-04,9.625000,9.750000,9.500000,9.750000,2.269488,274900
1988-04-05,9.750000,9.875000,9.625000,9.875000,2.298583,531100
1988-04-06,9.875000,10.250000,9.750000,10.250000,2.385872,618900
1988-04-07,10.000000,10.125000,9.875000,10.000000,2.327679,579700
1988-04-08,9.875000,10.125000,9.875000,10.000000,2.327679,629800
1988-04-11,10.000000,10.125000,10.000000,10.125000,2.356776,178900
1988-04-12,10.125000,10.375000,10.000000,10.125000,2.356776,1349200
1988-04-13,10.000000,10.000000,9.750000,9.875000,2.298583,500100
1988-04-14,9.750000,9.750000,9.250000,9.375000,2.182199,507500
1988-04-15,9.375000,9.500000,9.250000,9.375000,2.182199,342200
1988-04-18,9.500000,9.500000,9.250000,9.375000,2.182199,210100
1988-04-19,9.250000,9.500000,9.250000,9.375000,2.182199,321100
1988-04-20,9.250000,9.500000,9.250000,9.375000,2.182199,170900
1988-04-21,9.375000,9.625000,9.250000,9.375000,2.182199,407100
1988-04-22,9.375000,9.500000,9.250000,9.250000,2.153104,566100
1988-04-25,9.375000,9.625000,9.125000,9.250000,2.153104,1474800
1988-04-26,9.250000,9.375000,9.125000,9.375000,2.182199,596600
1988-04-27,9.250000,9.375000,9.125000,9.250000,2.153104,1020000
1988-04-28,9.250000,9.250000,9.125000,9.250000,2.153104,377600
1988-04-29,9.125000,9.250000,9.000000,9.125000,2.124008,575500
1988-05-02,9.000000,9.125000,8.875000,9.125000,2.124008,249200
1988-05-03,9.125000,9.125000,8.625000,8.875000,2.065817,870600
1988-05-04,8.875000,9.000000,8.750000,9.000000,2.094913,1085100
1988-05-05,8.750000,9.000000,8.750000,8.875000,2.065817,1918500
1988-05-06,8.750000,8.875000,8.750000,8.875000,2.065817,317400
1988-05-09,8.750000,8.875000,8.750000,8.750000,2.036719,171100
1988-05-10,8.875000,9.000000,8.750000,8.875000,2.065817,194400
1988-05-11,8.875000,9.000000,8.750000,9.000000,2.094913,214000
1988-05-12,9.000000,9.250000,9.000000,9.250000,2.153104,861200
1988-05-13,9.375000,9.500000,9.250000,9.375000,2.182199,396700
1988-05-16,9.375000,9.750000,9.375000,9.750000,2.269488,505500
1988-05-17,9.750000,9.750000,9.500000,9.500000,2.211296,289400
1988-05-18,9.500000,9.625000,9.500000,9.500000,2.211296,406900
1988-05-19,9.375000,9.500000,9.250000,9.375000,2.182199,341100
1988-05-20,9.250000,9.625000,9.250000,9.625000,2.240392,358500
1988-05-23,9.500000,9.625000,9.375000,9.625000,2.240392,212600
1988-05-24,9.625000,9.625000,9.375000,9.500000,2.211296,710800
1988-05-25,9.500000,9.500000,9.375000,9.375000,2.182199,249600
1988-05-26,9.500000,9.750000,9.375000,9.750000,2.269488,400600
1988-05-27,9.750000,9.750000,9.500000,9.750000,2.269488,135200
1988-05-31,9.750000,9.875000,9.750000,9.875000,2.298583,441100
1988-06-01,9.750000,10.000000,9.750000,10.000000,2.327679,477300
1988-06-02,9.875000,10.250000,9.875000,10.250000,2.385872,289800
1988-06-03,10.250000,10.250000,10.000000,10.125000,2.356776,242800
1988-06-06,10.000000,10.125000,10.000000,10.125000,2.356776,484100
1988-06-07,10.000000,10.375000,10.000000,10.000000,2.327679,262500
1988-06-08,10.000000,10.500000,10.000000,10.375000,2.414968,362400
1988-06-09,10.250000,10.375000,10.250000,10.250000,2.385872,210500
1988-06-10,10.250000,10.375000,10.125000,10.375000,2.414968,280800
1988-06-13,10.250000,10.500000,10.250000,10.500000,2.444064,225600
1988-06-14,10.625000,10.875000,10.500000,10.750000,2.502256,663700
1988-06-15,10.625000,10.875000,10.500000,10.875000,2.531351,537900
1988-06-16,10.750000,10.875000,10.625000,10.750000,2.502256,279200
1988-06-17,10.625000,10.875000,10.625000,10.750000,2.502256,686200
1988-06-20,10.625000,10.750000,10.500000,10.750000,2.502256,587300
1988-06-21,10.625000,10.875000,10.625000,10.875000,2.531351,534200
1988-06-22,11.000000,11.125000,10.875000,11.000000,2.560448,703400
1988-06-23,11.000000,11.250000,11.000000,11.125000,2.589544,435600
1988-06-24,11.125000,13.250000,11.125000,13.250000,3.084176,9286200
1988-06-27,13.375000,14.125000,13.000000,13.625000,3.171464,4960500
1988-06-28,13.500000,13.875000,13.375000,13.625000,3.171464,1604100
1988-06-29,13.625000,13.750000,13.500000,13.750000,3.200559,958100
1988-06-30,13.750000,13.750000,13.625000,13.750000,3.200559,491300
1988-07-01,13.625000,13.750000,13.375000,13.500000,3.142368,680800
1988-07-05,13.500000,13.750000,13.500000,13.625000,3.171464,844700
1988-07-06,13.625000,13.750000,13.500000,13.625000,3.171464,832700
1988-07-07,13.500000,13.625000,13.250000,13.375000,3.113272,516100
1988-07-08,13.375000,13.375000,13.250000,13.375000,3.113272,335200
1988-07-11,13.375000,13.500000,13.250000,13.375000,3.113272,270400
1988-07-12,13.375000,13.500000,13.250000,13.375000,3.113272,287600
1988-07-13,13.375000,13.500000,13.250000,13.500000,3.142368,537500
1988-07-14,13.500000,13.625000,13.500000,13.500000,3.142368,206600
1988-07-15,13.500000,13.625000,13.375000,13.500000,3.142368,219200
1988-07-18,13.375000,13.500000,13.375000,13.500000,3.142368,207400
1988-07-19,13.375000,13.500000,13.250000,13.375000,3.113272,179900
1988-07-20,13.375000,13.500000,13.250000,13.500000,3.142368,225300
1988-07-21,13.500000,13.750000,13.375000,13.375000,3.113272,378900
1988-07-22,13.375000,13.500000,13.125000,13.250000,3.084176,427100
1988-07-25,13.250000,13.250000,12.750000,12.875000,2.996888,519300
1988-07-26,13.000000,13.375000,13.000000,13.125000,3.055078,521300
1988-07-27,13.250000,13.375000,13.000000,13.000000,3.025983,503100
1988-07-28,13.000000,13.125000,12.875000,13.125000,3.055078,316400
1988-07-29,13.125000,13.500000,13.125000,13.375000,3.113272,557100
1988-08-01,13.375000,13.500000,13.375000,13.500000,3.142368,203200
1988-08-02,13.375000,13.500000,13.125000,13.250000,3.084176,289700
1988-08-03,13.250000,13.375000,13.125000,13.250000,3.084176,487500
1988-08-04,13.375000,13.375000,13.000000,13.250000,3.084176,378000
1988-08-05,13.000000,13.250000,13.000000,13.125000,3.055078,293500
1988-08-08,13.125000,13.375000,13.125000,13.125000,3.055078,215500
1988-08-09,13.250000,13.250000,13.000000,13.125000,3.055078,621600
1988-08-10,13.000000,13.125000,13.000000,13.000000,3.025983,364400
1988-08-11,13.125000,13.125000,13.000000,13.125000,3.055078,1486500
1988-08-12,13.000000,13.000000,12.875000,13.000000,3.025983,297700
1988-08-15,13.000000,13.000000,12.875000,12.875000,2.996888,190900
1988-08-16,12.750000,13.000000,12.750000,13.000000,3.025983,145200
1988-08-17,12.875000,13.000000,12.875000,13.000000,3.025983,196200
1988-08-18,12.875000,12.875000,12.750000,12.750000,2.967791,268700
1988-08-19,12.750000,12.875000,12.625000,12.750000,2.967791,134300
1988-08-22,12.750000,12.875000,12.750000,12.875000,2.996888,255400
1988-08-23,12.750000,12.875000,12.750000,12.875000,2.996888,359500
1988-08-24,12.750000,12.875000,12.625000,12.875000,2.996888,437100
1988-08-25,12.750000,12.875000,12.625000,12.875000,2.996888,611100
1988-08-26,13.000000,13.250000,13.000000,13.250000,3.084176,608600
1988-08-29,13.250000,13.375000,13.000000,13.250000,3.084176,279100
1988-08-30,13.250000,13.625000,13.125000,13.625000,3.171464,2050100
1988-08-31,13.625000,13.750000,13.500000,13.625000,3.171464,748000
1988-09-01,13.750000,13.750000,13.500000,13.625000,3.171464,444100
1988-09-02,13.625000,13.750000,13.500000,13.750000,3.200559,259600
1988-09-06,13.625000,13.625000,13.500000,13.625000,3.171464,117600
1988-09-07,13.750000,13.750000,13.500000,13.750000,3.200559,232900
1988-09-08,13.625000,13.875000,12.625000,13.875000,3.229657,276300
1988-09-09,13.750000,13.875000,13.625000,13.750000,3.200559,584800
1988-09-12,13.875000,14.000000,13.750000,14.000000,3.258752,494000
1988-09-13,13.875000,14.000000,13.875000,14.000000,3.258752,642100
1988-09-14,14.000000,14.000000,13.750000,13.875000,3.229657,375200
1988-09-15,13.875000,13.875000,13.750000,13.750000,3.200559,228200
1988-09-16,13.750000,13.875000,13.750000,13.875000,3.229657,718000
1988-09-19,13.875000,13.875000,13.750000,13.875000,3.229657,214000
1988-09-20,13.750000,13.875000,13.750000,13.875000,3.229657,498300
1988-09-21,13.875000,14.000000,13.875000,13.875000,3.229657,1179900
1988-09-22,14.000000,14.250000,13.875000,14.250000,3.316944,1297300
1988-09-23,14.125000,14.625000,14.125000,14.500000,3.375137,1251700
1988-09-26,14.500000,14.500000,14.250000,14.375000,3.346039,123300
1988-09-27,14.375000,14.375000,14.125000,14.375000,3.346039,583900
1988-09-28,14.375000,14.375000,14.250000,14.250000,3.316944,231400
1988-09-29,14.375000,14.500000,14.250000,14.500000,3.375137,642600
1988-09-30,14.500000,15.125000,14.375000,15.000000,3.491519,3271400
1988-10-03,15.000000,15.250000,15.000000,15.125000,3.520616,1805100
1988-10-04,15.125000,15.250000,15.000000,15.125000,3.520616,1203000
1988-10-05,15.125000,15.375000,15.000000,15.250000,3.549713,921100
1988-10-06,15.375000,15.625000,15.375000,15.500000,3.607906,1114600
1988-10-07,15.500000,15.750000,15.500000,15.750000,3.666098,1384700
1988-10-10,15.625000,15.750000,15.250000,15.375000,3.578807,568300
1988-10-11,15.250000,15.375000,15.125000,15.250000,3.549713,270200
1988-10-12,15.125000,15.250000,15.000000,15.125000,3.520616,584600
1988-10-13,15.250000,15.375000,15.125000,15.375000,3.578807,611700
1988-10-14,15.375000,15.625000,15.375000,15.500000,3.607906,448700
1988-10-17,15.500000,15.625000,15.375000,15.500000,3.607906,468600
1988-10-18,15.500000,15.500000,15.375000,15.375000,3.578807,170200
1988-10-19,15.500000,15.750000,15.375000,15.750000,3.666098,2185000
1988-10-20,15.625000,15.750000,15.625000,15.750000,3.666098,243600
1988-10-21,15.750000,16.000000,15.625000,16.000000,3.724288,372600
1988-10-24,15.875000,16.000000,15.750000,15.750000,3.666098,144800
1988-10-25,15.750000,15.875000,15.625000,15.875000,3.695194,262700
1988-10-26,15.750000,15.750000,15.625000,15.750000,3.666098,158900
1988-10-27,15.625000,15.625000,15.250000,15.375000,3.578807,324000
1988-10-28,15.500000,15.500000,15.375000,15.500000,3.607906,231300
1988-10-31,15.375000,15.500000,15.250000,15.500000,3.607906,309500
1988-11-01,15.500000,15.625000,15.375000,15.625000,3.637000,291100
1988-11-02,15.625000,15.875000,15.375000,15.875000,3.695194,530800
1988-11-03,15.625000,15.625000,15.500000,15.500000,3.653938,341200
1988-11-04,15.500000,15.750000,15.375000,15.500000,3.653938,251600
1988-11-07,15.500000,15.625000,15.375000,15.375000,3.624470,167700
1988-11-08,15.375000,15.625000,15.375000,15.375000,3.624470,202500
1988-11-09,15.375000,15.500000,15.250000,15.375000,3.624470,197800
1988-11-10,15.375000,15.625000,15.375000,15.625000,3.683406,346400
1988-11-11,15.500000,15.625000,15.375000,15.500000,3.653938,294400
1988-11-14,15.375000,15.500000,15.375000,15.375000,3.624470,215400
1988-11-15,15.375000,15.625000,15.375000,15.500000,3.653938,482000
1988-11-16,15.375000,15.625000,15.375000,15.500000,3.653938,340500
1988-11-17,15.500000,15.500000,15.375000,15.375000,3.624470,227800
1988-11-18,15.500000,15.625000,15.500000,15.625000,3.683406,362600
1988-11-21,15.500000,15.500000,15.375000,15.500000,3.653938,135600
1988-11-22,15.375000,15.625000,15.375000,15.625000,3.683406,1747800
1988-11-23,15.625000,15.750000,15.625000,15.625000,3.683406,190000
1988-11-25,15.750000,15.750000,15.625000,15.750000,3.712874,273600
1988-11-28,15.625000,15.875000,15.625000,15.750000,3.712874,255600
1988-11-29,15.750000,15.875000,15.750000,15.875000,3.742341,231200
1988-11-30,15.875000,16.000000,15.750000,15.875000,3.742341,476600
1988-12-01,15.875000,16.000000,15.750000,16.000000,3.771807,194400
1988-12-02,15.875000,16.000000,15.875000,15.875000,3.742341,404600
1988-12-05,16.000000,16.000000,15.875000,16.000000,3.771807,210800
1988-12-06,15.875000,16.000000,15.875000,16.000000,3.771807,348300
1988-12-07,16.000000,16.000000,15.875000,16.000000,3.771807,589300
1988-12-08,16.000000,16.000000,15.875000,15.875000,3.742341,234700
1988-12-09,15.250000,15.375000,15.125000,15.250000,3.595003,845700
1988-12-12,15.250000,15.375000,15.250000,15.250000,3.595003,295700
1988-12-13,15.250000,15.250000,14.875000,15.125000,3.565536,378700
1988-12-14,15.000000,15.250000,15.000000,15.250000,3.595003,361700
1988-12-15,15.125000,15.250000,15.125000,15.250000,3.595003,150100
1988-12-16,15.250000,15.500000,15.125000,15.500000,3.653938,505000
1988-12-19,15.375000,15.625000,15.375000,15.500000,3.653938,516800
1988-12-20,15.500000,16.000000,15.500000,15.875000,3.742341,585500
1988-12-21,15.875000,16.000000,15.750000,16.000000,3.771807,439700
1988-12-22,16.000000,16.125000,15.875000,16.000000,3.771807,492800
1988-12-23,16.125000,16.125000,16.000000,16.000000,3.771807,552300
1988-12-27,16.125000,16.125000,15.875000,16.000000,3.771807,263900
1988-12-28,16.000000,16.125000,15.875000,16.000000,3.771807,221600
1988-12-29,16.000000,16.000000,15.875000,16.000000,3.771807,249000
1988-12-30,16.125000,16.125000,15.625000,16.000000,3.771807,391200
1989-01-03,15.875000,15.875000,15.625000,15.750000,3.712874,277300
1989-01-04,15.875000,15.875000,15.625000,15.750000,3.712874,473300
1989-01-05,15.750000,15.875000,15.625000,15.750000,3.712874,620500
1989-01-06,15.750000,15.875000,15.625000,15.750000,3.712874,251500
1989-01-09,15.625000,15.750000,15.625000,15.625000,3.683406,152200
1989-01-10,15.750000,15.750000,15.500000,15.625000,3.683406,197700
1989-01-11,15.625000,15.625000,15.500000,15.625000,3.683406,246900
1989-01-12,15.500000,15.750000,15.500000,15.625000,3.683406,367300
1989-01-13,15.625000,15.750000,15.500000,15.750000,3.712874,315300
1989-01-16,15.750000,15.750000,15.500000,15.500000,3.653938,84600
1989-01-17,15.625000,15.750000,15.500000,15.625000,3.683406,119600
1989-01-18,15.625000,15.750000,15.500000,15.750000,3.712874,301200
1989-01-19,15.625000,15.875000,15.625000,15.875000,3.742341,465400
1989-01-20,15.875000,16.000000,15.750000,16.000000,3.771807,627700
1989-01-23,16.000000,16.000000,15.875000,15.875000,3.742341,188000
1989-01-24,15.875000,16.125000,15.750000,16.000000,3.771807,354700
1989-01-25,16.000000,16.000000,15.750000,15.875000,3.742341,433200
1989-01-26,15.875000,15.875000,15.750000,15.875000,3.742341,427900
1989-01-27,16.000000,16.000000,15.875000,16.000000,3.771807,471100
1989-01-30,16.000000,16.500000,16.000000,16.500000,3.889674,442300
1989-01-31,16.500000,16.500000,16.250000,16.375000,3.860209,530900
1989-02-01,16.375000,16.625000,16.250000,16.500000,3.889674,401200
1989-02-02,16.500000,16.625000,16.375000,16.375000,3.860209,248900
1989-02-03,16.500000,16.625000,16.375000,16.500000,3.889674,305300
1989-02-06,16.250000,16.375000,16.125000,16.250000,3.877745,203500
1989-02-07,16.125000,16.375000,16.125000,16.375000,3.907573,421400
1989-02-08,16.375000,16.625000,16.250000,16.375000,3.907573,615800
1989-02-09,16.500000,16.500000,16.375000,16.375000,3.907573,249000
1989-02-10,16.375000,16.500000,16.250000,16.375000,3.907573,383900
1989-02-13,16.375000,16.375000,16.250000,16.250000,3.877745,138800
1989-02-14,16.375000,16.375000,15.875000,16.000000,3.818089,340800
1989-02-15,16.000000,16.375000,16.000000,16.250000,3.877745,231800
1989-02-16,16.250000,16.375000,16.125000,16.250000,3.877745,229400
1989-02-17,16.250000,16.375000,16.125000,16.375000,3.907573,355700
1989-02-21,16.250000,16.500000,16.250000,16.375000,3.907573,347400
1989-02-22,16.375000,16.500000,16.250000,16.375000,3.907573,342000
1989-02-23,16.375000,16.500000,16.250000,16.500000,3.937400,394700
1989-02-24,16.500000,16.500000,16.125000,16.125000,3.847915,527800
1989-02-27,16.125000,16.375000,16.125000,16.375000,3.907573,192100
1989-02-28,16.375000,16.500000,16.250000,16.500000,3.937400,339300
1989-03-01,16.500000,16.625000,16.500000,16.500000,3.937400,403600
1989-03-02,16.625000,16.750000,16.500000,16.625000,3.967230,199100
1989-03-03,16.625000,16.875000,16.625000,16.875000,4.026886,266300
1989-03-06,16.875000,16.875000,16.750000,16.875000,4.026886,172200
1989-03-07,16.750000,16.875000,16.750000,16.875000,4.026886,373900
1989-03-08,16.875000,17.125000,16.750000,17.000000,4.056716,309500
1989-03-09,17.000000,17.000000,16.875000,17.000000,4.056716,250000
1989-03-10,16.875000,17.000000,16.875000,17.000000,4.056716,325200
1989-03-13,17.000000,17.125000,17.000000,17.125000,4.086545,199100
1989-03-14,17.000000,17.125000,16.875000,17.000000,4.056716,142200
1989-03-15,16.875000,17.000000,16.875000,17.000000,4.056716,154700
1989-03-16,16.875000,17.125000,16.875000,17.000000,4.056716,416800
1989-03-17,16.750000,16.875000,16.750000,16.750000,3.997057,355500
1989-03-20,16.750000,16.750000,16.500000,16.750000,3.997057,188600
1989-03-21,16.625000,16.625000,16.375000,16.375000,3.907573,150100
1989-03-22,16.375000,16.625000,16.375000,16.625000,3.967230,549700
1989-03-23,16.625000,16.625000,16.500000,16.500000,3.937400,294000
1989-03-27,16.625000,16.625000,16.500000,16.625000,3.967230,188200
1989-03-28,16.500000,16.625000,16.500000,16.625000,3.967230,138500
1989-03-29,16.500000,16.625000,16.375000,16.375000,3.907573,236300
1989-03-30,16.375000,16.750000,16.375000,16.750000,3.997057,336800
1989-03-31,16.750000,17.125000,16.750000,17.125000,4.086545,364100
1989-04-03,17.125000,17.250000,16.875000,17.125000,4.086545,510100
1989-04-04,17.125000,17.125000,17.000000,17.125000,4.086545,277100
1989-04-05,17.125000,17.375000,17.125000,17.375000,4.146203,459800
1989-04-06,17.250000,17.375000,17.250000,17.375000,4.146203,134400
1989-04-07,17.250000,17.375000,17.125000,17.375000,4.146203,390300
1989-04-10,17.250000,17.375000,17.250000,17.250000,4.116375,149300
1989-04-11,17.250000,17.375000,17.125000,17.250000,4.116375,83600
1989-04-12,17.250000,17.250000,17.125000,17.125000,4.086545,117200
1989-04-13,17.125000,17.250000,17.125000,17.125000,4.086545,311200
1989-04-14,17.250000,17.500000,17.250000,17.500000,4.176031,302900
1989-04-17,17.375000,17.625000,17.375000,17.625000,4.205860,449600
1989-04-18,17.750000,18.000000,17.625000,17.875000,4.265521,488300
1989-04-19,17.750000,17.750000,17.625000,17.750000,4.235690,301100
1989-04-20,17.750000,17.750000,17.375000,17.500000,4.176031,237900
1989-04-21,17.500000,17.625000,17.500000,17.625000,4.205860,207700
1989-04-24,17.625000,17.750000,17.500000,17.750000,4.235690,94300
1989-04-25,17.750000,17.750000,17.500000,17.750000,4.235690,481700
1989-04-26,17.625000,17.750000,17.625000,17.625000,4.205860,174900
1989-04-27,17.625000,17.750000,17.500000,17.625000,4.205860,172500
1989-04-28,17.750000,17.875000,17.750000,17.750000,4.235690,94600
1989-05-01,17.875000,17.875000,17.750000,17.875000,4.265521,191000
1989-05-02,17.875000,18.000000,17.625000,17.625000,4.205860,176400
1989-05-03,17.625000,17.875000,17.625000,17.875000,4.265521,384300
1989-05-04,17.875000,17.875000,17.750000,17.875000,4.265521,242700
1989-05-05,17.750000,18.000000,17.750000,17.875000,4.265521,350600
1989-05-08,17.625000,17.750000,17.625000,17.750000,4.283618,457700
1989-05-09,17.625000,17.750000,17.625000,17.625000,4.253449,344100
1989-05-10,17.750000,17.750000,17.625000,17.625000,4.253449,319300
1989-05-11,17.625000,17.750000,17.500000,17.750000,4.283618,245300
1989-05-12,17.875000,18.000000,17.625000,18.000000,4.343954,791300
1989-05-15,18.000000,18.000000,17.875000,17.875000,4.313785,64000
1989-05-16,17.875000,18.000000,17.875000,18.000000,4.343954,156300
1989-05-17,18.000000,18.375000,18.000000,18.375000,4.434451,169100
1989-05-18,18.250000,18.375000,18.250000,18.250000,4.404283,174300
1989-05-19,18.375000,18.500000,18.250000,18.375000,4.434451,382100
1989-05-22,18.375000,18.375000,18.125000,18.250000,4.404283,165600
1989-05-23,18.250000,18.375000,18.125000,18.125000,4.374118,146700
1989-05-24,18.000000,18.125000,18.000000,18.000000,4.343954,377900
1989-05-25,18.000000,18.125000,18.000000,18.000000,4.343954,99900
1989-05-26,18.000000,18.125000,18.000000,18.125000,4.374118,168700
1989-05-30,18.125000,18.125000,18.000000,18.000000,4.343954,379300
1989-05-31,18.125000,18.125000,18.000000,18.000000,4.343954,229000
1989-06-01,18.000000,18.125000,18.000000,18.125000,4.374118,221900
1989-06-02,18.125000,18.625000,18.125000,18.625000,4.494780,261500
1989-06-05,18.500000,18.625000,18.500000,18.500000,4.464615,150200
1989-06-06,18.500000,19.000000,18.500000,18.875000,4.555117,1139600
1989-06-07,18.750000,19.375000,18.750000,19.375000,4.675781,400900
1989-06-08,19.250000,19.375000,19.125000,19.250000,4.645616,406300
1989-06-09,19.125000,19.250000,18.875000,19.000000,4.585282,224100
1989-06-12,18.875000,19.000000,18.750000,19.000000,4.585282,131800
1989-06-13,18.875000,18.875000,18.625000,18.875000,4.555117,228900
1989-06-14,18.750000,18.875000,18.625000,18.625000,4.494780,109800
1989-06-15,18.750000,18.875000,18.500000,18.625000,4.494780,334100
1989-06-16,18.500000,18.625000,18.375000,18.625000,4.494780,502600
1989-06-19,18.750000,18.750000,18.500000,18.625000,4.494780,291300
1989-06-20,18.625000,18.750000,18.625000,18.625000,4.494780,465200
1989-06-21,18.625000,19.000000,18.625000,18.750000,4.524949,460600
1989-06-22,18.750000,19.375000,18.750000,19.375000,4.675781,764300
1989-06-23,19.375000,19.625000,19.250000,19.500000,4.705947,268900
1989-06-26,19.500000,19.500000,19.250000,19.375000,4.675781,517100
1989-06-27,19.375000,19.500000,19.125000,19.125000,4.615446,1151900
1989-06-28,19.250000,19.250000,18.875000,19.125000,4.615446,891900
1989-06-29,19.125000,19.375000,19.000000,19.125000,4.615446,416600
1989-06-30,19.250000,19.250000,18.875000,19.250000,4.645616,352000
1989-07-03,19.125000,19.250000,19.125000,19.125000,4.615446,33100
1989-07-05,19.375000,19.875000,19.375000,19.750000,4.766280,728000
1989-07-06,19.875000,19.875000,19.750000,19.875000,4.796447,135600
1989-07-07,19.875000,20.000000,19.875000,19.875000,4.796447,123400
1989-07-10,19.875000,20.000000,19.750000,20.000000,4.826612,156100
1989-07-11,20.000000,20.250000,20.000000,20.000000,4.826612,454900
1989-07-12,20.000000,20.250000,20.000000,20.000000,4.826612,578400
1989-07-13,20.125000,20.500000,20.125000,20.375000,4.917109,787000
1989-07-14,20.375000,20.500000,20.125000,20.250000,4.886943,425100
1989-07-17,20.375000,20.500000,20.250000,20.500000,4.947277,501800
1989-07-18,20.375000,20.375000,20.250000,20.250000,4.886943,163000
1989-07-19,20.250000,20.375000,20.125000,20.250000,4.886943,598100
1989-07-20,20.125000,20.250000,19.750000,19.750000,4.766280,473200
1989-07-21,19.750000,20.000000,19.625000,20.000000,4.826612,215400
1989-07-24,19.875000,20.000000,19.875000,19.875000,4.796447,117800
1989-07-25,20.000000,20.375000,20.000000,20.375000,4.917109,629100
1989-07-26,20.375000,20.875000,20.250000,20.750000,5.007610,272300
1989-07-27,20.875000,20.875000,20.625000,20.875000,5.037776,518800
1989-07-28,20.875000,21.125000,20.750000,21.000000,5.067944,331000
1989-07-31,20.875000,20.875000,20.000000,20.000000,4.826612,365000
1989-08-01,20.875000,21.375000,20.750000,21.375000,5.158440,894800
1989-08-02,21.250000,21.750000,21.250000,21.750000,5.248940,326600
1989-08-03,21.750000,21.875000,21.625000,21.750000,5.248940,271700
1989-08-04,21.750000,21.750000,21.500000,21.625000,5.218773,492500
1989-08-07,21.250000,21.500000,21.250000,21.500000,5.249292,464200
1989-08-08,21.375000,21.375000,21.125000,21.250000,5.188256,537800
1989-08-09,21.250000,21.375000,21.125000,21.250000,5.188256,183000
1989-08-10,21.125000,21.250000,21.000000,21.125000,5.157732,292800
1989-08-11,21.375000,21.375000,21.125000,21.125000,5.157732,255900
1989-08-14,21.000000,21.375000,21.000000,21.125000,5.157732,208800
1989-08-15,21.125000,21.375000,21.125000,21.250000,5.188256,227200
1989-08-16,21.250000,21.375000,21.125000,21.250000,5.188256,239800
1989-08-17,21.250000,21.375000,21.125000,21.125000,5.157732,154600
1989-08-18,21.125000,21.250000,21.000000,21.250000,5.188256,107300
1989-08-21,21.125000,21.375000,21.125000,21.250000,5.188256,263200
1989-08-22,21.125000,21.250000,20.875000,21.000000,5.127218,275900
1989-08-23,21.125000,21.375000,21.000000,21.375000,5.218771,190000
1989-08-24,21.375000,21.625000,21.250000,21.625000,5.279811,307800
1989-08-25,21.500000,21.625000,21.500000,21.625000,5.279811,238400
1989-08-28,21.500000,21.500000,21.375000,21.375000,5.218771,143700
1989-08-29,21.500000,21.500000,21.000000,21.000000,5.127218,303800
1989-08-30,21.000000,21.250000,21.000000,21.250000,5.188256,349100
1989-08-31,21.125000,21.750000,21.000000,21.750000,5.310329,256000
1989-09-01,21.250000,21.625000,21.250000,21.625000,5.279811,364600
1989-09-05,21.500000,21.875000,21.500000,21.750000,5.310329,160900
1989-09-06,21.750000,21.875000,21.625000,21.625000,5.279811,237900
1989-09-07,21.500000,21.625000,21.250000,21.375000,5.218771,160700
1989-09-08,21.250000,21.500000,21.125000,21.500000,5.249292,161100
1989-09-11,21.375000,21.500000,21.375000,21.500000,5.249292,85400
1989-09-12,21.500000,21.750000,21.500000,21.625000,5.279811,279600
1989-09-13,21.625000,21.875000,21.625000,21.625000,5.279811,201400
1989-09-14,21.625000,21.625000,21.375000,21.500000,5.249292,67000
1989-09-15,21.375000,21.375000,21.125000,21.250000,5.188256,685700
1989-09-18,21.125000,21.625000,21.125000,21.625000,5.279811,312300
1989-09-19,21.750000,21.750000,21.625000,21.625000,5.279811,106200
1989-09-20,21.500000,21.750000,21.500000,21.500000,5.249292,551200
1989-09-21,21.625000,21.750000,21.500000,21.500000,5.249292,782600
1989-09-22,21.625000,21.875000,21.625000,21.875000,5.340850,888000
1989-09-25,21.750000,21.875000,21.625000,21.875000,5.340850,439800
1989-09-26,21.875000,22.125000,21.875000,21.875000,5.340850,730400
1989-09-27,21.875000,22.250000,21.875000,22.000000,5.371370,784900
1989-09-28,22.000000,22.250000,22.000000,22.125000,5.401886,577700
1989-09-29,22.000000,23.000000,22.000000,22.625000,5.523965,819800
1989-10-02,22.625000,22.625000,22.375000,22.500000,5.493449,189100
1989-10-03,22.375000,22.375000,22.125000,22.250000,5.432408,599500
1989-10-04,22.375000,22.375000,22.000000,22.250000,5.432408,637200
1989-10-05,22.125000,22.125000,21.750000,21.875000,5.340850,969100
1989-10-06,22.000000,22.125000,21.875000,22.125000,5.401886,832100
1989-10-09,22.125000,22.250000,22.000000,22.125000,5.401886,242300
1989-10-10,22.000000,22.125000,22.000000,22.125000,5.401886,189300
1989-10-11,22.000000,22.000000,21.625000,21.875000,5.340850,477900
1989-10-12,21.875000,22.000000,21.625000,22.000000,5.371370,272900
1989-10-13,21.875000,21.875000,20.500000,21.000000,5.127218,362000
1989-10-16,20.250000,21.250000,20.125000,21.125000,5.157732,670000
1989-10-17,21.000000,21.125000,20.625000,21.125000,5.157732,191700
1989-10-18,21.125000,21.375000,20.875000,21.375000,5.218771,205700
1989-10-19,21.375000,21.625000,21.375000,21.500000,5.249292,521800
1989-10-20,21.500000,21.750000,21.500000,21.500000,5.249292,521800
1989-10-23,21.500000,21.625000,21.500000,21.500000,5.249292,229500
1989-10-24,21.500000,21.625000,21.250000,21.375000,5.218771,438900
1989-10-25,21.375000,21.500000,21.250000,21.375000,5.218771,105900
1989-10-26,21.375000,21.375000,21.000000,21.125000,5.157732,614800
1989-10-27,21.125000,21.250000,21.000000,21.000000,5.127218,241200
1989-10-30,21.000000,21.125000,20.750000,20.875000,5.096699,436400
1989-10-31,21.000000,21.250000,20.875000,21.250000,5.188256,439100
1989-11-01,21.250000,21.375000,21.000000,21.250000,5.188256,977600
1989-11-02,21.250000,21.375000,21.125000,21.375000,5.218771,476400
1989-11-03,21.250000,21.375000,21.250000,21.250000,5.188256,74000
1989-11-06,21.000000,21.125000,20.875000,21.000000,5.188254,154300
1989-11-07,20.875000,21.375000,20.875000,21.250000,5.250022,309400
1989-11-08,21.250000,21.500000,21.125000,21.500000,5.311783,289500
1989-11-09,21.500000,21.500000,21.375000,21.500000,5.311783,327000
1989-11-10,21.375000,21.500000,21.250000,21.500000,5.311783,85700
1989-11-13,21.625000,21.625000,21.375000,21.375000,5.280899,128900
1989-11-14,21.500000,21.500000,21.250000,21.250000,5.250022,105100
1989-11-15,21.250000,21.500000,21.250000,21.500000,5.311783,321800
1989-11-16,21.500000,21.625000,21.375000,21.625000,5.342667,198900
1989-11-17,21.500000,21.750000,21.500000,21.750000,5.373548,180600
1989-11-20,21.750000,21.875000,21.625000,21.875000,5.404433,262500
1989-11-21,21.750000,22.125000,21.750000,22.000000,5.435314,371500
1989-11-22,22.000000,22.250000,22.000000,22.250000,5.497079,186100
1989-11-24,22.125000,22.250000,22.125000,22.125000,5.466194,135600
1989-11-27,22.125000,22.375000,22.000000,22.125000,5.466194,260100
1989-11-28,22.250000,22.250000,22.125000,22.250000,5.497079,207900
1989-11-29,22.125000,22.250000,22.125000,22.250000,5.497079,410800
1989-11-30,22.250000,22.250000,22.125000,22.250000,5.497079,256900
1989-12-01,22.250000,22.500000,22.125000,22.375000,5.527960,671800
1989-12-04,22.500000,22.500000,22.375000,22.375000,5.527960,283700
1989-12-05,22.375000,22.375000,22.125000,22.125000,5.466194,229500
1989-12-06,22.125000,22.500000,22.125000,22.500000,5.558846,319800
1989-12-07,22.500000,22.500000,22.250000,22.375000,5.527960,407800
1989-12-08,22.375000,22.500000,22.375000,22.500000,5.558846,222900
1989-12-11,22.375000,22.625000,22.375000,22.500000,5.558846,140200
1989-12-12,22.750000,22.875000,22.625000,22.875000,5.651490,256700
1989-12-13,22.875000,22.875000,22.625000,22.750000,5.620611,837500
1989-12-14,22.750000,22.750000,22.375000,22.625000,5.589727,171400
1989-12-15,22.625000,22.750000,22.500000,22.750000,5.620611,929100
1989-12-18,22.750000,22.875000,22.500000,22.625000,5.589727,324600
1989-12-19,22.500000,22.750000,22.500000,22.625000,5.589727,406100
1989-12-20,22.625000,22.750000,22.375000,22.500000,5.558846,394300
1989-12-21,22.625000,22.625000,22.500000,22.625000,5.589727,784200
1989-12-22,22.625000,22.625000,22.500000,22.500000,5.558846,97800
1989-12-26,22.500000,22.625000,22.500000,22.500000,5.558846,30600
1989-12-27,22.625000,22.750000,22.500000,22.750000,5.620611,157700
1989-12-28,22.625000,22.875000,22.625000,22.875000,5.651490,587200
1989-12-29,22.875000,23.250000,22.750000,23.250000,5.744140,354700
1990-01-02,23.125000,23.625000,23.000000,23.625000,5.836788,496000
1990-01-03,23.625000,23.625000,23.000000,23.000000,5.682375,331000
1990-01-04,23.250000,23.250000,22.875000,23.000000,5.682375,520300
1990-01-05,22.875000,23.000000,22.500000,22.625000,5.589727,722800
1990-01-08,22.500000,22.500000,22.375000,22.500000,5.558846,118300
1990-01-09,22.500000,22.500000,22.125000,22.125000,5.466194,508200
1990-01-10,22.125000,22.375000,22.125000,22.250000,5.497079,145800
1990-01-11,22.375000,22.500000,22.375000,22.375000,5.527960,159600
1990-01-12,22.250000,22.375000,22.000000,22.125000,5.466194,263500
1990-01-15,22.000000,22.125000,21.875000,22.000000,5.435314,325500
1990-01-16,21.875000,22.250000,21.875000,22.250000,5.497079,221100
1990-01-17,22.250000,22.375000,22.000000,22.125000,5.466194,106800
1990-01-18,22.000000,22.375000,22.000000,22.375000,5.527960,220800
1990-01-19,22.250000,22.500000,22.250000,22.375000,5.527960,434500
1990-01-22,22.375000,22.875000,22.000000,22.000000,5.435314,368000
1990-01-23,22.000000,22.000000,21.750000,21.875000,5.404433,476500
1990-01-24,21.500000,21.625000,21.250000,21.500000,5.311783,242000
1990-01-25,21.625000,21.625000,21.375000,21.375000,5.280899,525600
1990-01-26,21.375000,21.875000,21.375000,21.625000,5.342667,339700
1990-01-29,21.750000,21.750000,21.250000,21.250000,5.250022,498500
1990-01-30,21.250000,21.375000,21.125000,21.250000,5.250022,173900
1990-01-31,21.250000,21.750000,21.250000,21.625000,5.342667,674000
1990-02-01,21.625000,21.875000,21.625000,21.875000,5.404433,390300
1990-02-02,21.750000,21.875000,21.750000,21.750000,5.373548,753400
1990-02-05,21.500000,21.500000,21.125000,21.250000,5.311067,662000
1990-02-06,21.250000,21.375000,21.125000,21.125000,5.279824,689100
1990-02-07,21.125000,21.250000,20.750000,21.125000,5.279824,311400
1990-02-08,21.000000,21.125000,20.875000,21.000000,5.248583,483200
1990-02-09,21.000000,21.000000,20.625000,21.000000,5.248583,479600
1990-02-12,20.875000,21.000000,20.750000,20.750000,5.186102,194500
1990-02-13,20.750000,20.875000,20.500000,20.875000,5.217344,435600
1990-02-14,20.875000,21.000000,20.625000,20.875000,5.217344,806100
1990-02-15,20.875000,21.000000,20.750000,20.875000,5.217344,209500
1990-02-16,20.875000,20.875000,20.500000,20.625000,5.154856,549700
1990-02-20,20.625000,20.625000,20.250000,20.500000,5.123621,496600
1990-02-21,20.375000,20.500000,20.250000,20.250000,5.061133,286600
1990-02-22,20.250000,20.250000,19.750000,19.875000,4.967410,1695400
1990-02-23,19.875000,20.000000,19.625000,19.750000,4.936167,769900
1990-02-26,19.500000,20.125000,19.500000,20.125000,5.029890,633200
1990-02-27,20.125000,20.750000,20.000000,20.625000,5.154856,1035300
1990-02-28,20.625000,21.000000,20.625000,20.750000,5.186102,413300
1990-03-01,20.875000,21.000000,20.625000,20.750000,5.186102,345300
1990-03-02,20.875000,20.875000,20.750000,20.750000,5.186102,252700
1990-03-05,20.750000,20.750000,20.625000,20.625000,5.154856,155400
1990-03-06,20.625000,20.875000,20.625000,20.875000,5.217344,312300
1990-03-07,20.875000,20.875000,20.625000,20.875000,5.217344,185800
1990-03-08,20.750000,20.750000,20.625000,20.750000,5.186102,250800
1990-03-09,20.625000,20.750000,20.625000,20.750000,5.186102,173400
1990-03-12,20.625000,20.750000,20.500000,20.750000,5.186102,218400
1990-03-13,20.625000,20.750000,20.250000,20.500000,5.123621,238600
1990-03-14,20.375000,20.500000,20.125000,20.250000,5.061133,640900
1990-03-15,20.250000,20.500000,20.125000,20.500000,5.123621,497400
1990-03-16,20.625000,20.750000,20.375000,20.625000,5.154856,436200
1990-03-19,20.500000,20.625000,20.500000,20.500000,5.123621,205500
1990-03-20,20.500000,20.625000,20.375000,20.500000,5.123621,549500
1990-03-21,20.625000,20.625000,20.375000,20.375000,5.092376,186200
1990-03-22,20.250000,20.375000,20.000000,20.125000,5.029890,192900
1990-03-23,20.000000,20.125000,20.000000,20.000000,4.998650,270300
1990-03-26,20.000000,20.250000,20.000000,20.000000,4.998650,197600
1990-03-27,20.000000,20.125000,20.000000,20.125000,5.029890,539800
1990-03-28,20.000000,20.375000,20.000000,20.375000,5.092376,464600
1990-03-29,20.250000,20.625000,20.250000,20.500000,5.123621,269300
1990-03-30,20.500000,20.875000,20.375000,20.750000,5.186102,857500
1990-04-02,20.500000,20.750000,20.375000,20.750000,5.186102,303500
1990-04-03,20.625000,20.875000,20.500000,20.625000,5.154856,1063200
1990-04-04,20.750000,20.750000,20.500000,20.500000,5.123621,368600
1990-04-05,20.625000,20.625000,20.500000,20.625000,5.154856,249400
1990-04-06,20.500000,20.625000,20.375000,20.625000,5.154856,274500
1990-04-09,20.500000,20.625000,20.375000,20.500000,5.123621,305900
1990-04-10,20.500000,20.625000,20.250000,20.375000,5.092376,307900
1990-04-11,20.375000,20.500000,20.250000,20.375000,5.092376,436800
1990-04-12,20.375000,20.750000,20.375000,20.625000,5.154856,345600
1990-04-16,20.750000,21.125000,20.625000,21.000000,5.248583,442400
1990-04-17,20.875000,20.875000,20.750000,20.750000,5.186102,326400
1990-04-18,20.875000,20.875000,20.375000,20.500000,5.123621,399200
1990-04-19,20.500000,20.500000,20.125000,20.375000,5.092376,267800
1990-04-20,20.250000,20.375000,20.000000,20.000000,4.998650,694100
1990-04-23,20.125000,20.125000,19.875000,20.000000,4.998650,322900
1990-04-24,19.875000,20.000000,19.500000,19.625000,4.904927,534900
1990-04-25,19.750000,19.875000,19.625000,19.750000,4.936167,224300
1990-04-26,19.750000,19.750000,19.500000,19.625000,4.904927,215800
1990-04-27,19.750000,19.750000,19.125000,19.125000,4.779959,262700
1990-04-30,19.125000,19.250000,18.750000,19.125000,4.779959,435000
1990-05-01,19.125000,19.375000,19.000000,19.125000,4.779959,373100
1990-05-02,19.125000,19.125000,18.750000,19.000000,4.748720,603000
1990-05-03,19.000000,19.250000,19.000000,19.125000,4.779959,309100
1990-05-04,19.250000,19.375000,19.125000,19.250000,4.811201,611400
1990-05-07,19.375000,19.625000,19.375000,19.500000,4.937813,594100
1990-05-08,19.500000,19.750000,19.500000,19.750000,5.001117,488400
1990-05-09,19.625000,19.750000,19.500000,19.750000,5.001117,271500
1990-05-10,19.750000,20.000000,19.750000,20.000000,5.064422,683100
1990-05-11,20.125000,20.375000,20.125000,20.375000,5.159378,422700
1990-05-14,20.375000,20.625000,20.250000,20.375000,5.159378,217200
1990-05-15,20.375000,20.500000,20.375000,20.375000,5.159378,109600
1990-05-16,20.375000,20.375000,20.000000,20.125000,5.096073,109600
1990-05-17,20.250000,20.250000,19.875000,20.000000,5.064422,95100
1990-05-18,19.875000,20.125000,19.500000,20.000000,5.064422,351100
1990-05-21,19.875000,19.875000,19.625000,19.875000,5.032773,237400
1990-05-22,19.875000,20.000000,19.750000,19.875000,5.032773,398400
1990-05-23,19.875000,20.000000,19.500000,19.750000,5.001117,536500
1990-05-24,19.625000,19.875000,19.625000,19.750000,5.001117,359500
1990-05-25,19.625000,19.750000,19.625000,19.625000,4.969465,109600
1990-05-29,19.625000,20.000000,19.625000,19.750000,5.001117,446300
1990-05-30,19.750000,19.875000,19.625000,19.625000,4.969465,308500
1990-05-31,19.625000,20.000000,19.625000,20.000000,5.064422,225200
1990-06-01,20.000000,20.375000,19.750000,20.375000,5.159378,359000
1990-06-04,20.375000,20.625000,20.125000,20.500000,5.191034,259600
1990-06-05,20.750000,20.875000,20.625000,20.750000,5.254339,186600
1990-06-06,20.750000,20.750000,20.500000,20.625000,5.222683,113900
1990-06-07,20.750000,20.750000,20.375000,20.500000,5.191034,98000
1990-06-08,20.375000,20.500000,20.000000,20.125000,5.096073,233700
1990-06-11,20.125000,20.125000,19.750000,19.875000,5.032773,721900
1990-06-12,19.875000,20.000000,19.750000,20.000000,5.064422,639200
1990-06-13,19.875000,20.000000,19.750000,19.875000,5.032773,371400
1990-06-14,19.750000,19.875000,19.625000,19.625000,4.969465,249700
1990-06-15,19.500000,19.625000,19.500000,19.625000,4.969465,480800
1990-06-18,19.625000,19.625000,19.125000,19.125000,4.842855,367700
1990-06-19,19.125000,19.500000,19.125000,19.375000,4.906162,225200
1990-06-20,19.375000,19.500000,19.375000,19.375000,4.906162,145600
1990-06-21,19.500000,19.625000,19.250000,19.500000,4.937813,378100
1990-06-22,19.500000,19.500000,19.125000,19.125000,4.842855,276300
1990-06-25,19.250000,19.250000,18.875000,19.000000,4.811203,235400
1990-06-26,19.250000,19.250000,19.000000,19.000000,4.811203,286100
1990-06-27,19.000000,19.625000,19.000000,19.625000,4.969465,707500
1990-06-28,19.625000,19.750000,19.625000,19.625000,4.969465,1201500
1990-06-29,19.625000,19.875000,19.500000,19.875000,5.032773,167300
1990-07-02,19.875000,19.875000,19.750000,19.875000,5.032773,513600
1990-07-03,19.875000,20.125000,19.875000,20.000000,5.064422,1964900
1990-07-05,20.000000,20.000000,19.750000,19.875000,5.032773,253100
1990-07-06,19.875000,19.875000,19.750000,19.875000,5.032773,199400
1990-07-09,19.875000,20.000000,19.875000,19.875000,5.032773,373000
1990-07-10,19.875000,20.000000,19.875000,20.000000,5.064422,176600
1990-07-11,20.000000,20.000000,19.875000,20.000000,5.064422,276100
1990-07-12,19.875000,20.125000,19.875000,20.125000,5.096073,149700
1990-07-13,20.000000,20.125000,19.750000,19.750000,5.001117,415900
1990-07-16,19.875000,19.875000,19.625000,19.750000,5.001117,286400
1990-07-17,19.750000,19.750000,19.250000,19.500000,4.937813,1252900
1990-07-18,19.500000,19.625000,19.375000,19.625000,4.969465,76500
1990-07-19,19.500000,19.750000,19.500000,19.750000,5.001117,173300
1990-07-20,19.750000,19.875000,19.500000,19.500000,4.937813,364200
1990-07-23,19.375000,19.500000,19.000000,19.125000,4.842855,245200
1990-07-24,19.250000,19.375000,19.125000,19.250000,4.874506,290100
1990-07-25,19.500000,19.750000,19.500000,19.625000,4.969465,302900
1990-07-26,19.500000,19.750000,19.500000,19.625000,4.969465,186800
1990-07-27,19.625000,19.875000,19.500000,19.750000,5.001117,227500
1990-07-30,19.625000,19.625000,19.000000,19.500000,4.937813,1427200
1990-07-31,19.500000,19.625000,19.375000,19.500000,4.937813,577100
1990-08-01,19.500000,19.500000,19.375000,19.500000,4.937813,563300
1990-08-02,19.375000,19.375000,19.125000,19.250000,4.874506,419000
1990-08-03,19.000000,19.000000,18.375000,18.750000,4.747895,1411200
1990-08-06,18.250000,18.625000,18.000000,18.250000,4.683735,537200
1990-08-07,18.375000,18.625000,18.250000,18.375000,4.715817,1301700
1990-08-08,18.375000,19.000000,18.375000,19.000000,4.876218,1295200
1990-08-09,19.000000,19.250000,19.000000,19.125000,4.908299,405500
1990-08-10,19.125000,19.500000,19.125000,19.250000,4.940378,724500
1990-08-13,19.125000,19.125000,18.875000,19.125000,4.908299,204300
1990-08-14,19.125000,19.500000,19.000000,19.375000,4.972460,273700
1990-08-15,19.375000,19.500000,19.250000,19.375000,4.972460,549600
1990-08-16,19.375000,19.375000,19.250000,19.250000,4.940378,598700
1990-08-17,19.125000,19.375000,18.875000,19.000000,4.876218,1514900
1990-08-20,19.125000,19.375000,19.125000,19.375000,4.972460,1195600
1990-08-21,19.250000,19.250000,19.000000,19.250000,4.940378,657800
1990-08-22,19.250000,19.375000,19.125000,19.250000,4.940378,1152100
1990-08-23,19.125000,19.125000,18.875000,18.875000,4.844139,486200
1990-08-24,18.875000,18.875000,18.500000,18.500000,4.747896,323100
1990-08-27,18.625000,18.875000,18.250000,18.250000,4.683735,394900
1990-08-28,18.375000,18.375000,18.250000,18.250000,4.683735,286600
1990-08-29,18.250000,18.500000,18.250000,18.500000,4.747896,215400
1990-08-30,18.375000,18.375000,18.250000,18.250000,4.683735,158200
1990-08-31,18.250000,18.375000,18.250000,18.375000,4.715817,104000
1990-09-04,18.250000,19.125000,18.250000,19.125000,4.908299,227200
1990-09-05,19.250000,19.250000,18.750000,19.000000,4.876218,506400
1990-09-06,19.000000,19.000000,18.875000,18.875000,4.844139,608900
1990-09-07,18.875000,19.125000,18.875000,18.875000,4.844139,116800
1990-09-10,19.000000,19.000000,18.625000,18.625000,4.779978,252200
1990-09-11,18.750000,18.750000,18.625000,18.625000,4.779978,84800
1990-09-12,18.750000,19.250000,18.625000,19.250000,4.940378,160500
1990-09-13,19.250000,19.250000,19.000000,19.000000,4.876218,243800
1990-09-14,18.875000,19.000000,18.750000,18.750000,4.812056,473900
1990-09-17,18.750000,19.125000,18.750000,19.000000,4.876218,186800
1990-09-18,19.000000,19.250000,19.000000,19.250000,4.940378,500000
1990-09-19,19.250000,19.500000,19.250000,19.250000,4.940378,313200
1990-09-20,19.125000,19.250000,19.125000,19.125000,4.908299,824900
1990-09-21,19.250000,19.250000,19.125000,19.250000,4.940378,1143500
1990-09-24,19.125000,19.250000,18.875000,18.875000,4.844139,632900
1990-09-25,19.000000,19.000000,18.875000,19.000000,4.876218,172300
1990-09-26,18.875000,19.000000,18.875000,18.875000,4.844139,134800
1990-09-27,19.000000,19.375000,19.000000,19.375000,4.972460,400700
1990-09-28,19.125000,19.250000,19.000000,19.250000,4.940378,182300
1990-10-01,19.125000,19.375000,19.000000,19.375000,4.972460,396400
1990-10-02,19.500000,19.500000,19.250000,19.375000,4.972460,307300
1990-10-03,19.375000,19.625000,19.375000,19.500000,5.004540,537100
1990-10-04,19.375000,19.875000,19.375000,19.875000,5.100783,179600
1990-10-05,19.750000,19.750000,19.250000,19.750000,5.068699,424800
1990-10-08,19.625000,19.875000,19.625000,19.875000,5.100783,62900
1990-10-09,19.875000,19.875000,19.625000,19.625000,5.036620,374500
1990-10-10,19.625000,19.625000,19.375000,19.500000,5.004540,437200
1990-10-11,19.625000,19.625000,19.375000,19.375000,4.972460,423200
1990-10-12,19.375000,19.750000,19.375000,19.625000,5.036620,167100
1990-10-15,19.625000,20.000000,19.625000,19.875000,5.100783,390500
1990-10-16,20.000000,20.000000,19.750000,19.750000,5.068699,425100
1990-10-17,19.750000,20.125000,19.750000,20.000000,5.132859,177400
1990-10-18,20.000000,20.375000,20.000000,20.250000,5.197022,212100
1990-10-19,20.375000,21.000000,20.375000,21.000000,5.389502,313600
1990-10-22,21.000000,21.000000,20.750000,20.875000,5.357422,157300
1990-10-23,20.875000,20.875000,20.250000,20.250000,5.197022,643700
1990-10-24,20.125000,20.125000,20.000000,20.125000,5.164938,137800
1990-10-25,20.125000,20.125000,19.875000,20.000000,5.132859,68500
1990-10-26,20.000000,20.000000,19.875000,20.000000,5.132859,302300
1990-10-29,20.125000,20.250000,20.000000,20.125000,5.164938,563100
1990-10-30,20.125000,20.750000,20.125000,20.625000,5.293260,311100
1990-10-31,20.750000,21.000000,20.625000,20.750000,5.325345,333400
1990-11-01,20.875000,21.125000,20.625000,21.125000,5.421582,383200
1990-11-02,21.000000,21.125000,20.875000,21.125000,5.421582,256200
1990-11-05,21.000000,21.125000,20.750000,20.875000,5.357422,172600
1990-11-06,20.750000,21.000000,20.750000,21.000000,5.389502,302400
1990-11-07,21.000000,21.125000,21.000000,21.000000,5.389502,204800
1990-11-08,21.125000,21.375000,21.000000,21.250000,5.453665,300600
1990-11-09,21.000000,21.375000,20.875000,21.250000,5.531761,880200
1990-11-12,21.250000,21.500000,21.250000,21.375000,5.564298,787800
1990-11-13,21.500000,22.000000,21.500000,22.000000,5.726998,442900
1990-11-14,21.875000,22.000000,21.750000,21.875000,5.694459,175300
1990-11-15,21.875000,22.000000,21.875000,22.000000,5.726998,158100
1990-11-16,22.000000,22.125000,21.875000,22.125000,5.759538,332200
1990-11-19,22.125000,22.125000,21.750000,22.000000,5.726998,171200
1990-11-20,22.000000,22.000000,21.875000,21.875000,5.694459,902800
1990-11-21,22.000000,22.000000,21.750000,22.000000,5.726998,459700
1990-11-23,22.000000,22.000000,21.625000,21.750000,5.661918,297800
1990-11-26,21.625000,21.625000,21.500000,21.625000,5.629378,166500
1990-11-27,21.750000,22.000000,21.625000,22.000000,5.726998,366400
1990-11-28,22.000000,22.125000,22.000000,22.125000,5.759538,165400
1990-11-29,22.125000,22.125000,22.000000,22.000000,5.726998,274000
1990-11-30,22.000000,22.250000,21.875000,22.125000,5.759538,420200
1990-12-03,22.125000,22.750000,22.125000,22.625000,5.889696,392700
1990-12-04,22.500000,22.750000,22.375000,22.750000,5.922237,215000
1990-12-05,22.750000,23.125000,22.625000,23.125000,6.019855,258800
1990-12-06,23.250000,23.375000,22.750000,22.750000,5.922237,402800
1990-12-07,22.875000,22.875000,22.250000,22.250000,5.792078,296100
1990-12-10,22.375000,22.625000,21.875000,22.625000,5.889696,145400
1990-12-11,22.625000,22.750000,22.500000,22.750000,5.922237,264300
1990-12-12,22.750000,23.000000,22.625000,23.000000,5.987316,156000
1990-12-13,22.875000,23.125000,22.875000,23.125000,6.019855,100000
1990-12-14,23.000000,23.000000,22.375000,22.750000,5.922237,163500
1990-12-17,22.750000,22.750000,22.375000,22.500000,5.857161,730800
1990-12-18,22.375000,22.750000,22.375000,22.750000,5.922237,243800
1990-12-19,22.750000,22.750000,22.625000,22.750000,5.922237,339300
1990-12-20,22.625000,23.000000,22.625000,22.875000,5.954775,361900
1990-12-21,22.625000,22.750000,22.500000,22.625000,5.889696,593800
1990-12-24,22.750000,22.875000,22.625000,22.750000,5.922237,209300
1990-12-26,22.875000,23.000000,22.750000,22.875000,5.954775,39200
1990-12-27,23.000000,23.000000,22.500000,22.500000,5.857161,423300
1990-12-28,22.625000,22.625000,22.375000,22.500000,5.857161,74800
1990-12-31,22.625000,22.625000,22.250000,22.375000,5.824616,242200
1991-01-02,22.375000,22.500000,22.250000,22.250000,5.792078,198600
1991-01-03,22.125000,22.250000,22.000000,22.000000,5.726998,550100
1991-01-04,22.125000,22.250000,22.000000,22.250000,5.792078,338500
1991-01-07,22.125000,22.250000,22.125000,22.125000,5.759538,268200
1991-01-08,22.125000,22.125000,21.875000,22.000000,5.726998,315800
1991-01-09,22.125000,22.375000,22.000000,22.000000,5.726998,524000
1991-01-10,22.125000,22.250000,22.000000,22.250000,5.792078,448900
1991-01-11,22.250000,22.250000,22.125000,22.250000,5.792078,82400
1991-01-14,22.125000,22.250000,22.000000,22.250000,5.792078,104600
1991-01-15,22.250000,22.625000,22.250000,22.625000,5.889696,338100
1991-01-16,22.625000,22.625000,22.250000,22.500000,5.857161,118500
1991-01-17,22.625000,22.875000,22.625000,22.750000,5.922237,498000
1991-01-18,22.750000,23.250000,22.625000,23.125000,6.019855,379900
1991-01-21,23.000000,23.125000,22.750000,23.125000,6.019855,150600
1991-01-22,23.125000,23.500000,23.000000,23.500000,6.117474,469800
1991-01-23,23.500000,23.500000,22.875000,23.000000,5.987316,432000
1991-01-24,23.000000,23.250000,22.875000,23.125000,6.019855,349500
1991-01-25,23.250000,23.500000,23.125000,23.500000,6.117474,337700
1991-01-28,23.500000,23.500000,23.250000,23.375000,6.084936,209900
1991-01-29,23.250000,23.375000,23.125000,23.125000,6.019855,276200
1991-01-30,23.250000,23.250000,22.875000,23.000000,5.987316,544600
1991-01-31,22.875000,23.000000,22.750000,23.000000,5.987316,204800
1991-02-01,22.750000,22.875000,22.500000,22.750000,5.922237,1093700
1991-02-04,22.375000,22.500000,22.375000,22.375000,5.902451,875500
1991-02-05,22.500000,22.625000,22.375000,22.625000,5.968399,863900
1991-02-06,22.500000,22.875000,22.500000,22.750000,6.001378,1121700
1991-02-07,22.875000,23.375000,22.750000,23.375000,6.166250,783600
1991-02-08,23.375000,23.875000,23.375000,23.875000,6.298144,398100
1991-02-11,23.875000,24.375000,23.875000,24.250000,6.397074,277600
1991-02-12,24.250000,24.250000,23.875000,23.875000,6.298144,281500
1991-02-13,24.000000,24.250000,23.625000,24.250000,6.397074,240100
1991-02-14,24.125000,24.250000,23.750000,24.000000,6.331122,252700
1991-02-15,23.750000,24.000000,23.500000,23.625000,6.232199,600400
1991-02-19,23.625000,23.750000,23.500000,23.625000,6.232199,249300
1991-02-20,23.625000,23.625000,23.500000,23.500000,6.199221,384000
1991-02-21,23.500000,23.625000,23.375000,23.500000,6.199221,340900
1991-02-22,23.625000,23.750000,23.500000,23.750000,6.265172,283200
1991-02-25,23.750000,24.000000,23.750000,23.875000,6.298144,285600
1991-02-26,23.875000,24.000000,23.750000,23.875000,6.298144,278200
1991-02-27,23.875000,24.000000,23.750000,23.750000,6.265172,289400
1991-02-28,23.750000,23.875000,23.375000,23.500000,6.199221,336000
1991-03-01,23.250000,23.625000,23.125000,23.625000,6.232199,347700
1991-03-04,23.625000,23.750000,23.375000,23.375000,6.166250,216500
1991-03-05,23.375000,23.875000,23.375000,23.750000,6.265172,308000
1991-03-06,23.875000,23.875000,23.375000,23.500000,6.199221,333500
1991-03-07,23.500000,23.750000,23.500000,23.750000,6.265172,291400
1991-03-08,23.875000,24.000000,23.625000,23.875000,6.298144,414800
1991-03-11,23.750000,23.875000,23.750000,23.875000,6.298144,163400
1991-03-12,23.875000,24.000000,23.750000,23.750000,6.265172,169800
1991-03-13,23.750000,24.000000,23.750000,24.000000,6.331122,296100
1991-03-14,23.875000,24.125000,23.875000,24.000000,6.331122,185000
1991-03-15,23.875000,24.000000,23.750000,24.000000,6.331122,389800
1991-03-18,24.000000,24.000000,23.750000,24.000000,6.331122,142700
1991-03-19,23.875000,23.875000,23.625000,23.625000,6.232199,131800
1991-03-20,23.625000,23.625000,23.375000,23.625000,6.232199,330700
1991-03-21,23.625000,23.750000,23.500000,23.625000,6.232199,165200
1991-03-22,23.750000,24.125000,23.625000,24.000000,6.331122,143600
1991-03-25,24.250000,24.500000,24.250000,24.500000,6.463020,429200
1991-03-26,24.500000,24.500000,24.375000,24.500000,6.463020,328500
1991-03-27,24.625000,24.625000,24.375000,24.500000,6.463020,384000
1991-03-28,24.500000,24.500000,24.375000,24.500000,6.463020,277900
1991-04-01,24.375000,24.375000,23.625000,23.875000,6.298144,499400
1991-04-02,24.000000,24.250000,24.000000,24.250000,6.397074,387000
1991-04-03,24.250000,24.375000,24.125000,24.375000,6.430045,385600
1991-04-04,24.375000,24.500000,24.125000,24.500000,6.463020,250400
1991-04-05,24.250000,24.375000,23.375000,23.750000,6.265172,317400
1991-04-08,23.875000,23.875000,23.625000,23.875000,6.298144,171500
1991-04-09,23.875000,23.875000,23.375000,23.500000,6.199221,236200
1991-04-10,23.500000,23.750000,23.375000,23.625000,6.232199,175600
1991-04-11,23.625000,24.375000,23.625000,24.250000,6.397074,743900
1991-04-12,24.375000,24.375000,24.250000,24.250000,6.397074,340400
1991-04-15,24.375000,24.375000,24.125000,24.250000,6.397074,245600
1991-04-16,24.125000,24.250000,24.000000,24.250000,6.397074,419000
1991-04-17,24.500000,24.625000,24.375000,24.375000,6.430045,350500
1991-04-18,24.500000,24.500000,24.250000,24.375000,6.430045,194600
1991-04-19,24.375000,24.375000,24.125000,24.250000,6.397074,315700
1991-04-22,24.250000,24.250000,23.500000,23.500000,6.199221,485700
1991-04-23,23.750000,24.125000,23.750000,24.000000,6.331122,453400
1991-04-24,24.250000,24.750000,24.250000,24.750000,6.528966,262100
1991-04-25,24.750000,24.875000,24.625000,24.750000,6.528966,332700
1991-04-26,24.875000,24.875000,24.375000,24.625000,6.495991,477000
1991-04-29,24.750000,24.875000,24.625000,24.875000,6.561944,433500
1991-04-30,24.875000,25.000000,24.750000,24.875000,6.561944,490200
1991-05-01,24.875000,25.000000,24.750000,24.875000,6.561944,207000
1991-05-02,25.000000,25.000000,24.875000,25.000000,6.594919,154400
1991-05-03,24.875000,25.000000,24.750000,25.000000,6.594919,380900
1991-05-06,24.500000,24.625000,24.250000,24.625000,6.574892,206900
1991-05-07,24.750000,25.000000,24.625000,24.750000,6.608268,490800
1991-05-08,24.875000,24.875000,24.625000,24.875000,6.641642,485300
1991-05-09,25.000000,25.000000,24.750000,24.875000,6.641642,225200
1991-05-10,24.875000,24.875000,24.125000,24.250000,6.474770,182400
1991-05-13,24.375000,24.500000,24.250000,24.500000,6.541519,84900
1991-05-14,24.375000,24.375000,24.250000,24.375000,6.508142,250700
1991-05-15,24.125000,24.250000,23.875000,24.250000,6.474770,700500
1991-05-16,24.250000,24.250000,24.125000,24.125000,6.441394,187300
1991-05-17,24.125000,24.375000,24.000000,24.375000,6.508142,277700
1991-05-20,24.375000,24.375000,24.250000,24.375000,6.508142,112200
1991-05-21,24.375000,24.750000,24.375000,24.750000,6.608268,214500
1991-05-22,24.750000,24.875000,24.625000,24.875000,6.641642,132000
1991-05-23,24.750000,24.875000,24.375000,24.375000,6.508142,204700
1991-05-24,24.375000,24.375000,24.250000,24.375000,6.508142,440700
1991-05-28,24.250000,24.250000,24.125000,24.125000,6.441394,1391400
1991-05-29,24.125000,24.125000,23.875000,24.000000,6.408018,392300
1991-05-30,24.000000,24.125000,23.875000,24.125000,6.441394,492700
1991-05-31,24.125000,24.250000,23.875000,24.000000,6.408018,383400
1991-06-03,24.000000,24.000000,23.875000,24.000000,6.408018,411000
1991-06-04,24.000000,24.000000,23.875000,24.000000,6.408018,163500
1991-06-05,24.000000,24.000000,23.875000,23.875000,6.374641,121800
1991-06-06,24.000000,24.125000,23.875000,24.000000,6.408018,180400
1991-06-07,23.875000,24.000000,23.875000,23.875000,6.374641,309400
1991-06-10,24.000000,24.000000,23.750000,23.750000,6.341268,225900
1991-06-11,23.875000,24.125000,23.750000,23.875000,6.374641,223500
1991-06-12,23.750000,23.875000,23.625000,23.625000,6.307893,274500
1991-06-13,23.625000,23.625000,23.500000,23.625000,6.307893,253100
1991-06-14,23.625000,23.750000,23.625000,23.750000,6.341268,252400
1991-06-17,23.750000,23.750000,23.625000,23.625000,6.307893,436400
1991-06-18,23.500000,23.625000,23.500000,23.500000,6.274516,354400
1991-06-19,23.500000,23.625000,23.125000,23.250000,6.207770,547200
1991-06-20,23.375000,23.500000,23.250000,23.500000,6.274516,209800
1991-06-21,23.500000,23.875000,23.500000,23.875000,6.374641,666400
1991-06-24,23.750000,23.875000,23.625000,23.750000,6.341268,213600
1991-06-25,23.750000,23.750000,23.500000,23.625000,6.307893,191900
1991-06-26,23.625000,23.625000,23.375000,23.375000,6.241144,235600
1991-06-27,23.500000,23.500000,23.375000,23.500000,6.274516,263400
1991-06-28,23.375000,23.500000,23.125000,23.250000,6.207770,178200
1991-07-01,23.375000,23.625000,23.250000,23.625000,6.307893,372100
1991-07-02,23.625000,23.625000,23.375000,23.500000,6.274516,225300
1991-07-03,23.375000,23.500000,23.250000,23.500000,6.274516,290700
1991-07-05,23.500000,23.500000,23.375000,23.375000,6.241144,58400
1991-07-08,23.375000,23.750000,23.375000,23.750000,6.341268,185700
1991-07-09,23.750000,23.750000,23.500000,23.500000,6.274516,168800
1991-07-10,23.625000,23.875000,23.500000,23.750000,6.341268,222100
1991-07-11,23.750000,23.875000,23.625000,23.625000,6.307893,135300
1991-07-12,23.750000,24.125000,23.625000,24.000000,6.408018,287800
1991-07-15,24.125000,24.125000,23.750000,23.750000,6.341268,221500
1991-07-16,23.750000,23.875000,23.750000,23.875000,6.374641,296000
1991-07-17,23.875000,24.000000,23.875000,23.875000,6.374641,187000
1991-07-18,24.000000,24.000000,23.875000,24.000000,6.408018,179900
1991-07-19,24.000000,24.125000,23.875000,24.125000,6.441394,435100
1991-07-22,24.000000,24.125000,23.875000,24.000000,6.408018,117400
1991-07-23,24.125000,24.125000,23.875000,23.875000,6.374641,243900
1991-07-24,24.000000,24.000000,23.875000,24.000000,6.408018,516500
1991-07-25,24.125000,24.250000,24.000000,24.125000,6.441394,162600
1991-07-26,24.250000,24.500000,24.125000,24.500000,6.541519,316400
1991-07-29,24.250000,24.375000,24.125000,24.375000,6.508142,167900
1991-07-30,24.375000,24.625000,24.250000,24.500000,6.541519,343300
1991-07-31,24.500000,24.625000,24.375000,24.500000,6.541519,224000
1991-08-01,24.500000,24.625000,24.250000,24.250000,6.474770,204100
1991-08-02,24.375000,24.500000,24.250000,24.500000,6.541519,330000
1991-08-05,24.125000,24.250000,24.000000,24.125000,6.521245,685100
1991-08-06,24.125000,24.250000,24.000000,24.250000,6.555034,719200
1991-08-07,24.125000,24.500000,24.000000,24.375000,6.588824,360500
1991-08-08,24.375000,24.500000,24.375000,24.500000,6.622612,293900
1991-08-09,24.500000,24.500000,24.125000,24.125000,6.521245,177000
1991-08-12,24.000000,24.250000,23.750000,24.250000,6.555034,428800
1991-08-13,24.125000,24.375000,24.000000,24.125000,6.521245,296000
1991-08-14,24.125000,24.375000,24.000000,24.375000,6.588824,620800
1991-08-15,24.375000,24.625000,24.250000,24.625000,6.656401,876100
1991-08-16,24.625000,24.625000,24.125000,24.125000,6.521245,375800
1991-08-19,23.625000,24.125000,23.500000,24.000000,6.487457,556100
1991-08-20,24.250000,24.250000,23.875000,24.000000,6.487457,360900
1991-08-21,24.250000,24.750000,24.125000,24.750000,6.690186,511700
1991-08-22,24.625000,24.750000,24.500000,24.625000,6.656401,199700
1991-08-23,24.750000,24.750000,24.375000,24.500000,6.622612,314000
1991-08-26,24.375000,24.500000,24.125000,24.250000,6.555034,315600
1991-08-27,24.375000,24.375000,24.125000,24.250000,6.555034,156100
1991-08-28,24.250000,24.375000,24.125000,24.375000,6.588824,981100
1991-08-29,24.375000,24.625000,24.250000,24.625000,6.656401,494200
1991-08-30,24.625000,24.625000,24.500000,24.625000,6.656401,183100
1991-09-03,24.500000,24.625000,24.375000,24.500000,6.622612,226900
1991-09-04,24.625000,24.875000,24.500000,24.750000,6.690186,346300
1991-09-05,24.750000,24.875000,24.500000,24.625000,6.656401,587800
1991-09-06,24.750000,24.750000,24.500000,24.625000,6.656401,851400
1991-09-09,24.625000,24.750000,24.500000,24.750000,6.690186,144100
1991-09-10,24.750000,24.875000,24.500000,24.875000,6.723978,251400
1991-09-11,24.875000,25.125000,24.750000,25.000000,6.757764,246000
1991-09-12,24.875000,25.000000,24.875000,24.875000,6.723978,267200
1991-09-13,24.875000,24.875000,24.750000,24.875000,6.723978,158600
1991-09-16,24.750000,25.125000,24.625000,25.000000,6.757764,445100
1991-09-17,24.875000,25.000000,24.875000,24.875000,6.723978,858800
1991-09-18,24.875000,25.125000,24.750000,24.875000,6.723978,648000
1991-09-19,25.000000,25.250000,24.875000,25.000000,6.757764,916400
1991-09-20,25.000000,25.250000,24.875000,25.125000,6.791553,588000
1991-09-23,25.125000,25.125000,25.000000,25.125000,6.791553,194500
1991-09-24,25.250000,25.250000,25.125000,25.250000,6.825350,289800
1991-09-25,25.125000,25.375000,25.125000,25.375000,6.859129,791800
1991-09-26,25.375000,25.375000,25.250000,25.375000,6.859129,597600
1991-09-27,25.375000,25.750000,25.375000,25.750000,6.960501,407600
1991-09-30,25.750000,26.125000,25.625000,26.000000,7.028072,239300
1991-10-01,26.000000,26.500000,26.000000,26.500000,7.163239,595200
1991-10-02,26.375000,26.375000,26.125000,26.250000,7.095653,369900
1991-10-03,26.125000,26.375000,26.125000,26.250000,7.095653,366000
1991-10-04,26.250000,26.250000,26.125000,26.125000,7.061869,203000
1991-10-07,26.125000,26.125000,26.000000,26.125000,7.061869,472400
1991-10-08,26.125000,26.250000,26.000000,26.125000,7.061869,263900
1991-10-09,26.000000,26.375000,26.000000,26.250000,7.095653,343900
1991-10-10,26.125000,26.250000,26.125000,26.125000,7.061869,172400
1991-10-11,26.250000,26.500000,26.125000,26.500000,7.163239,362500
1991-10-14,26.500000,26.500000,26.125000,26.500000,7.163239,472400
1991-10-15,26.375000,26.500000,26.125000,26.375000,7.129447,483200
1991-10-16,26.375000,26.750000,26.375000,26.625000,7.197022,548000
1991-10-17,26.500000,26.500000,26.250000,26.375000,7.129447,310800
1991-10-18,26.375000,26.875000,26.250000,26.875000,7.264598,847400
1991-10-21,26.750000,26.750000,26.500000,26.625000,7.197022,221400
1991-10-22,26.500000,26.875000,26.375000,26.375000,7.129447,812100
1991-10-23,26.375000,26.500000,26.125000,26.250000,7.095653,362200
1991-10-24,26.250000,26.875000,26.250000,26.875000,7.264598,506300
1991-10-25,26.875000,27.250000,26.875000,27.250000,7.365965,308500
1991-10-28,27.375000,27.500000,27.250000,27.500000,7.433542,284800
1991-10-29,27.500000,27.625000,27.250000,27.500000,7.433542,198800
1991-10-30,27.500000,27.750000,27.500000,27.750000,7.501124,165500
1991-10-31,27.625000,27.750000,27.500000,27.625000,7.467335,155600
1991-11-01,27.625000,28.000000,27.500000,27.875000,7.534910,930700
1991-11-04,27.375000,27.500000,27.250000,27.500000,7.528065,620800
1991-11-05,27.500000,27.875000,27.500000,27.875000,7.630725,994000
1991-11-06,27.875000,28.125000,27.750000,28.125000,7.699160,266800
1991-11-07,28.250000,28.875000,28.125000,28.750000,7.870253,479500
1991-11-08,28.750000,28.875000,28.625000,28.750000,7.870253,212600
1991-11-11,28.750000,28.750000,28.500000,28.500000,7.801816,169700
1991-11-12,28.625000,28.625000,28.375000,28.625000,7.836034,167300
1991-11-13,28.500000,28.750000,28.375000,28.750000,7.870253,211800
1991-11-14,28.750000,29.000000,28.625000,28.625000,7.836034,508100
1991-11-15,28.625000,28.625000,28.250000,28.250000,7.733379,286000
1991-11-18,28.375000,28.375000,27.750000,27.875000,7.630725,577600
1991-11-19,27.750000,27.750000,27.375000,27.625000,7.562285,376900
1991-11-20,27.875000,28.250000,27.750000,28.000000,7.664936,765600
1991-11-21,27.875000,28.125000,27.625000,27.625000,7.562285,356600
1991-11-22,27.500000,27.750000,27.375000,27.500000,7.528065,506100
1991-11-25,27.500000,27.750000,27.500000,27.625000,7.562285,373500
1991-11-26,27.750000,28.000000,27.500000,27.875000,7.630725,417000
1991-11-27,27.875000,28.000000,27.750000,27.875000,7.630725,527000
1991-11-29,27.750000,27.875000,27.750000,27.875000,7.630725,49900
1991-12-02,27.750000,28.750000,27.750000,28.750000,7.870253,541300
1991-12-03,28.625000,28.750000,28.125000,28.250000,7.733379,250800
1991-12-04,28.125000,28.125000,27.625000,27.750000,7.596504,431800
1991-12-05,27.750000,28.000000,27.750000,27.750000,7.596504,777600
1991-12-06,27.750000,28.250000,27.750000,28.250000,7.733379,360800
1991-12-09,28.000000,28.500000,28.000000,28.500000,7.801816,377400
1991-12-10,28.375000,28.500000,28.250000,28.375000,7.767595,433300
1991-12-11,28.250000,28.375000,28.125000,28.125000,7.699160,227400
1991-12-12,28.125000,28.375000,28.125000,28.375000,7.767595,290700
1991-12-13,28.250000,28.375000,28.000000,28.000000,7.664936,156700
1991-12-16,28.125000,28.750000,28.000000,28.375000,7.767595,373000
1991-12-17,28.375000,28.375000,27.875000,28.000000,7.664936,654800
1991-12-18,28.000000,28.250000,27.875000,28.250000,7.733379,598700
1991-12-19,28.250000,28.250000,27.875000,28.000000,7.664936,735700
1991-12-20,28.375000,28.875000,28.250000,28.875000,7.904468,630800
1991-12-23,28.875000,29.750000,28.750000,29.625000,8.109781,354800
1991-12-24,29.750000,29.875000,29.625000,29.750000,8.144000,302200
1991-12-26,29.750000,29.750000,29.375000,29.625000,8.109781,280700
1991-12-27,29.625000,29.625000,29.375000,29.625000,8.109781,216400
1991-12-30,29.625000,29.625000,29.250000,29.500000,8.075562,350300
1991-12-31,29.375000,29.750000,29.375000,29.625000,8.109781,217600
1992-01-02,29.500000,29.625000,28.875000,29.000000,7.938690,259900
1992-01-03,28.750000,29.250000,28.375000,29.250000,8.007121,420900
1992-01-06,29.250000,29.625000,29.250000,29.375000,8.041343,730700
1992-01-07,29.375000,29.500000,29.250000,29.500000,8.075562,152600
1992-01-08,29.375000,29.500000,29.250000,29.375000,8.041343,283600
1992-01-09,29.500000,29.500000,29.000000,29.125000,7.972906,206700
1992-01-10,29.125000,29.125000,28.500000,28.750000,7.870253,303600
1992-01-13,28.875000,29.250000,28.250000,28.375000,7.767595,400800
1992-01-14,28.500000,28.625000,28.250000,28.625000,7.836034,437800
1992-01-15,28.625000,28.625000,28.125000,28.375000,7.767595,378900
1992-01-16,28.125000,28.125000,27.500000,27.500000,7.528065,592200
1992-01-17,27.500000,27.750000,27.250000,27.750000,7.596504,1060700
1992-01-20,27.750000,27.750000,27.500000,27.500000,7.528065,550000
1992-01-21,27.500000,27.625000,27.500000,27.500000,7.528065,608800
1992-01-22,27.625000,27.750000,27.500000,27.750000,7.596504,562700
1992-01-23,27.750000,27.750000,27.500000,27.750000,7.596504,760600
1992-01-24,27.875000,28.125000,27.875000,28.000000,7.664936,464100
1992-01-27,28.125000,28.250000,27.875000,28.250000,7.733379,603800
1992-01-28,28.000000,28.125000,27.875000,28.000000,7.664936,257700
1992-01-29,28.000000,28.375000,27.750000,27.875000,7.630725,219100
1992-01-30,27.875000,28.250000,27.750000,28.000000,7.664936,273800
1992-01-31,28.125000,28.375000,27.875000,27.875000,7.630725,150200
1992-02-03,28.000000,28.125000,27.875000,27.875000,7.630725,87300
1992-02-04,28.000000,28.125000,27.875000,28.000000,7.664936,241700
1992-02-05,28.125000,28.125000,28.000000,28.125000,7.699160,199500
1992-02-06,28.125000,28.125000,27.875000,28.000000,7.664936,576200
1992-02-07,28.000000,28.000000,27.875000,28.000000,7.664936,1395100
1992-02-10,27.750000,27.750000,27.500000,27.625000,7.658010,736400
1992-02-11,27.625000,27.875000,27.625000,27.875000,7.727315,434900
1992-02-12,27.875000,27.875000,27.625000,27.625000,7.658010,306900
1992-02-13,27.625000,27.750000,27.375000,27.500000,7.623357,393800
1992-02-14,27.375000,27.625000,27.375000,27.500000,7.623357,76500
1992-02-18,27.750000,27.875000,27.625000,27.875000,7.727315,342100
1992-02-19,27.875000,27.875000,27.250000,27.500000,7.623357,572700
1992-02-20,27.500000,28.000000,27.500000,27.875000,7.727315,404200
1992-02-21,27.750000,27.875000,27.750000,27.875000,7.727315,519000
1992-02-24,27.750000,27.875000,27.750000,27.875000,7.727315,241700
1992-02-25,27.750000,28.000000,27.750000,27.875000,7.727315,639900
1992-02-26,27.875000,27.875000,27.625000,27.750000,7.692663,591900
1992-02-27,27.875000,27.875000,27.625000,27.750000,7.692663,296000
1992-02-28,27.875000,27.875000,27.750000,27.875000,7.727315,305500
1992-03-02,27.875000,27.875000,27.750000,27.750000,7.692663,242300
1992-03-03,27.875000,27.875000,27.625000,27.875000,7.727315,942300
1992-03-04,27.625000,27.875000,27.625000,27.750000,7.692663,197500
1992-03-05,27.625000,27.750000,27.625000,27.750000,7.692663,597900
1992-03-06,27.750000,27.750000,27.500000,27.625000,7.658010,298900
1992-03-09,27.750000,27.750000,27.625000,27.750000,7.692663,247400
1992-03-10,27.750000,28.250000,27.750000,28.125000,7.796617,216400
1992-03-11,28.000000,28.125000,27.875000,28.125000,7.796617,264100
1992-03-12,28.000000,28.125000,27.875000,28.125000,7.796617,266900
1992-03-13,28.125000,28.125000,27.875000,27.875000,7.727315,171800
1992-03-16,28.000000,28.125000,27.875000,28.000000,7.761962,141700
1992-03-17,28.125000,28.250000,28.000000,28.125000,7.796617,214600
1992-03-18,28.125000,28.125000,27.875000,28.000000,7.761962,286600
1992-03-19,28.125000,28.125000,27.875000,28.125000,7.796617,195300
1992-03-20,28.000000,28.125000,27.875000,28.125000,7.796617,390400
1992-03-23,28.125000,28.375000,28.000000,28.250000,7.831270,571200
1992-03-24,28.375000,28.500000,28.250000,28.375000,7.865917,235600
1992-03-25,28.375000,28.500000,28.250000,28.250000,7.831270,297500
1992-03-26,28.125000,28.250000,27.875000,28.000000,7.761962,638300
1992-03-27,28.000000,28.000000,27.500000,27.625000,7.658010,639900
1992-03-30,27.625000,27.625000,27.250000,27.375000,7.588712,611800
1992-03-31,27.375000,27.375000,27.125000,27.375000,7.588712,326500
1992-04-01,27.125000,27.125000,26.750000,26.875000,7.450102,634000
1992-04-02,26.875000,27.000000,26.625000,26.875000,7.450102,692300
1992-04-03,26.750000,26.875000,26.625000,26.750000,7.415448,314600
1992-04-06,26.750000,26.875000,26.625000,26.875000,7.450102,427600
1992-04-07,26.875000,26.875000,26.625000,26.625000,7.380801,314000
1992-04-08,26.625000,26.750000,26.375000,26.500000,7.346147,642900
1992-04-09,26.375000,26.375000,26.125000,26.125000,7.242192,626300
1992-04-10,26.375000,26.500000,26.250000,26.250000,7.276840,485800
1992-04-13,26.375000,26.500000,26.125000,26.500000,7.346147,594700
1992-04-14,26.500000,27.000000,26.500000,26.875000,7.450102,1194000
1992-04-15,27.000000,27.500000,27.000000,27.500000,7.623357,840600
1992-04-16,27.500000,28.000000,27.375000,28.000000,7.761962,698500
1992-04-20,27.875000,28.000000,27.375000,27.500000,7.623357,288100
1992-04-21,27.625000,27.750000,27.500000,27.750000,7.692663,356000
1992-04-22,27.625000,27.750000,27.375000,27.375000,7.588712,206500
1992-04-23,27.500000,27.625000,27.375000,27.500000,7.623357,278700
1992-04-24,27.625000,27.625000,27.250000,27.250000,7.554056,150300
1992-04-27,27.375000,27.375000,27.250000,27.375000,7.588712,266100
1992-04-28,27.375000,27.500000,27.250000,27.250000,7.554056,1155900
1992-04-29,27.250000,27.250000,26.625000,26.875000,7.450102,408100
1992-04-30,26.875000,26.875000,26.625000,26.750000,7.415448,706700
1992-05-01,26.875000,26.875000,26.750000,26.875000,7.450102,328300
1992-05-04,26.750000,26.875000,26.625000,26.750000,7.513297,744500
1992-05-05,26.875000,27.125000,26.750000,27.125000,7.618625,955900
1992-05-06,27.125000,27.125000,26.875000,27.000000,7.583516,233300
1992-05-07,27.000000,27.125000,26.875000,27.000000,7.583516,333800
1992-05-08,27.000000,27.250000,26.875000,27.250000,7.653732,323300
1992-05-11,27.250000,27.500000,27.250000,27.250000,7.653732,344800
1992-05-12,27.375000,27.375000,26.875000,27.000000,7.583516,467800
1992-05-13,27.000000,27.125000,26.875000,27.000000,7.583516,484100
1992-05-14,27.000000,27.125000,26.750000,26.875000,7.548407,659700
1992-05-15,26.750000,26.875000,26.625000,26.750000,7.513297,626800
1992-05-18,27.000000,27.250000,26.875000,27.125000,7.618625,262200
1992-05-19,27.125000,27.375000,27.000000,27.375000,7.688844,319500
1992-05-20,27.500000,27.625000,27.375000,27.375000,7.688844,300800
1992-05-21,27.250000,27.500000,27.000000,27.500000,7.723946,320300
1992-05-22,27.500000,27.500000,27.250000,27.500000,7.723946,94600
1992-05-26,27.500000,27.500000,27.375000,27.500000,7.723946,216300
1992-05-27,27.625000,27.750000,27.500000,27.625000,7.759060,164600
1992-05-28,27.750000,27.750000,27.250000,27.500000,7.723946,624900
1992-05-29,27.500000,27.500000,27.125000,27.375000,7.688844,195000
1992-06-01,27.375000,27.625000,27.250000,27.500000,7.723946,415000
1992-06-02,27.625000,27.625000,27.375000,27.500000,7.723946,238900
1992-06-03,27.625000,27.625000,27.125000,27.250000,7.653732,292800
1992-06-04,27.250000,27.375000,27.125000,27.125000,7.618625,347000
1992-06-05,27.250000,27.375000,27.125000,27.125000,7.618625,632200
1992-06-08,26.875000,27.250000,26.875000,27.000000,7.583516,719300
1992-06-09,27.125000,27.375000,27.000000,27.250000,7.653732,564700
1992-06-10,27.125000,27.625000,27.125000,27.625000,7.759060,573400
1992-06-11,27.750000,28.000000,27.625000,27.875000,7.829279,395000
1992-06-12,28.125000,28.375000,28.125000,28.250000,7.934605,354800
1992-06-15,28.250000,28.375000,28.125000,28.125000,7.899497,242300
1992-06-16,28.250000,28.500000,28.250000,28.375000,7.969716,339700
1992-06-17,28.250000,28.375000,28.125000,28.250000,7.934605,497500
1992-06-18,28.125000,28.125000,27.875000,28.000000,7.864383,387200
1992-06-19,28.000000,28.125000,27.875000,28.000000,7.864383,514800
1992-06-22,28.000000,28.000000,27.625000,27.875000,7.829279,365800
1992-06-23,27.875000,28.000000,27.750000,27.875000,7.829279,395600
1992-06-24,27.875000,28.000000,27.750000,27.875000,7.829279,244300
1992-06-25,27.875000,27.875000,27.625000,27.625000,7.759060,279600
1992-06-26,27.500000,27.750000,27.500000,27.750000,7.794168,1245400
1992-06-29,27.875000,28.125000,27.875000,27.875000,7.829279,425900
1992-06-30,28.000000,28.250000,27.875000,28.250000,7.934605,324400
1992-07-01,28.250000,28.875000,28.250000,28.875000,8.110151,806100
1992-07-02,28.875000,29.375000,28.875000,29.250000,8.215473,578000
1992-07-06,29.250000,29.375000,29.000000,29.250000,8.215473,301800
1992-07-07,29.500000,29.875000,29.500000,29.500000,8.285690,581100
1992-07-08,29.375000,29.875000,29.375000,29.875000,8.391021,441400
1992-07-09,29.875000,30.125000,29.875000,30.000000,8.426127,354400
1992-07-10,30.000000,30.000000,29.437500,29.875000,8.391021,322800
1992-07-13,29.750000,29.875000,29.500000,29.750000,8.355912,418300
1992-07-14,29.750000,30.000000,29.625000,29.875000,8.391021,290400
1992-07-15,29.875000,30.000000,29.750000,29.875000,8.391021,209000
1992-07-16,29.750000,30.000000,29.750000,30.000000,8.426127,259700
1992-07-17,30.000000,30.000000,29.875000,30.000000,8.426127,232500
1992-07-20,29.875000,30.000000,29.750000,29.875000,8.391021,202100
1992-07-21,30.000000,30.000000,29.750000,29.875000,8.391021,208900
1992-07-22,29.750000,29.875000,29.625000,29.750000,8.355912,351100
1992-07-23,29.875000,30.000000,29.750000,30.000000,8.426127,115200
1992-07-24,29.875000,30.250000,29.875000,30.250000,8.496346,73000
1992-07-27,30.250000,30.375000,30.125000,30.250000,8.496346,197900
1992-07-28,30.375000,30.750000,30.250000,30.750000,8.636780,124400
1992-07-29,30.750000,30.875000,30.625000,30.750000,8.636780,153000
1992-07-30,30.750000,30.875000,30.625000,30.625000,8.601673,395200
1992-07-31,30.750000,31.250000,30.625000,31.125000,8.742106,222600
1992-08-03,31.125000,31.125000,30.875000,31.000000,8.707003,176500
1992-08-04,31.000000,31.000000,30.750000,30.750000,8.636780,350700
1992-08-05,30.625000,31.000000,30.625000,30.875000,8.671890,392800
1992-08-06,30.875000,30.875000,30.750000,30.750000,8.636780,325400
1992-08-07,30.750000,31.000000,30.625000,30.875000,8.671890,224500
1992-08-10,30.375000,30.750000,30.375000,30.750000,8.735807,484600
1992-08-11,30.750000,30.875000,30.625000,30.750000,8.735807,400400
1992-08-12,30.750000,31.000000,30.750000,31.000000,8.806836,454700
1992-08-13,30.875000,31.250000,30.875000,31.125000,8.842343,1013400
1992-08-14,31.000000,31.125000,30.875000,30.875000,8.771319,723100
1992-08-17,31.000000,31.250000,30.875000,31.250000,8.877857,310000
1992-08-18,31.250000,31.500000,31.125000,31.125000,8.842343,203800
1992-08-19,31.125000,31.375000,31.125000,31.375000,8.913366,185600
1992-08-20,31.250000,31.375000,31.125000,31.250000,8.877857,121300
1992-08-21,31.375000,31.500000,31.250000,31.375000,8.913366,273000
1992-08-24,31.250000,31.375000,30.625000,30.750000,8.735807,251800
1992-08-25,30.750000,31.000000,30.750000,31.000000,8.806836,224400
1992-08-26,31.000000,31.375000,30.875000,31.375000,8.913366,135600
1992-08-27,31.250000,31.375000,30.875000,31.125000,8.842343,247300
1992-08-28,31.125000,31.250000,30.875000,31.125000,8.842343,214700
1992-08-31,31.000000,31.250000,30.750000,31.250000,8.877857,668800
1992-09-01,31.125000,31.500000,31.125000,31.500000,8.948882,389700
1992-09-02,31.625000,31.625000,31.375000,31.500000,8.948882,244000
1992-09-03,31.500000,31.500000,31.125000,31.250000,8.877857,193900
1992-09-04,31.250000,31.375000,31.125000,31.125000,8.842343,313100
1992-09-08,31.125000,31.125000,30.500000,30.625000,8.700302,1974900
1992-09-09,30.625000,30.750000,30.500000,30.500000,8.664786,441800
1992-09-10,30.500000,30.750000,30.250000,30.750000,8.735807,691500
1992-09-11,30.625000,30.750000,30.500000,30.625000,8.700302,136400
1992-09-14,30.750000,30.750000,30.250000,30.625000,8.700302,420100
1992-09-15,30.750000,30.750000,30.250000,30.375000,8.629276,310000
1992-09-16,30.250000,30.625000,30.250000,30.375000,8.629276,303100
1992-09-17,30.375000,30.500000,30.125000,30.250000,8.593764,217800
1992-09-18,30.250000,30.500000,30.125000,30.375000,8.629276,304100
1992-09-21,30.375000,30.500000,30.250000,30.375000,8.629276,322900
1992-09-22,30.375000,30.500000,30.250000,30.375000,8.629276,363200
1992-09-23,30.375000,30.750000,30.375000,30.750000,8.735807,526100
1992-09-24,30.750000,31.250000,30.625000,31.125000,8.842343,442200
1992-09-25,31.000000,31.125000,31.000000,31.125000,8.842343,113000
1992-09-28,31.125000,31.250000,31.000000,31.125000,8.842343,296800
1992-09-29,31.125000,31.500000,31.125000,31.500000,8.948882,437100
1992-09-30,31.375000,31.875000,31.375000,31.875000,9.055411,322100
1992-10-01,31.875000,31.875000,31.375000,31.625000,8.984390,540400
1992-10-02,31.625000,31.625000,31.250000,31.375000,8.913366,225800
1992-10-05,31.375000,31.375000,30.875000,31.250000,8.877857,334400
1992-10-06,31.375000,31.375000,30.875000,30.875000,8.771319,368000
1992-10-07,30.875000,31.000000,30.500000,30.500000,8.664786,243800
1992-10-08,30.625000,31.125000,30.625000,31.125000,8.842343,156700
1992-10-09,30.875000,31.125000,30.750000,30.875000,8.771319,144300
1992-10-12,31.000000,31.250000,31.000000,31.250000,8.877857,126900
1992-10-13,31.125000,31.375000,31.125000,31.250000,8.877857,178700
1992-10-14,31.375000,31.375000,31.000000,31.125000,8.842343,190400
1992-10-15,31.000000,31.375000,31.000000,31.125000,8.842343,168200
1992-10-16,31.250000,31.500000,31.250000,31.500000,8.948882,386300
1992-10-19,31.500000,31.875000,31.500000,31.750000,9.019902,213600
1992-10-20,31.875000,31.875000,31.500000,31.500000,8.948882,377300
1992-10-21,31.625000,31.750000,31.500000,31.625000,8.984390,259700
1992-10-22,31.500000,31.875000,31.500000,31.750000,9.019902,322100
1992-10-23,31.625000,31.875000,31.625000,31.875000,9.055411,79200
1992-10-26,31.875000,31.875000,31.625000,31.875000,9.055411,118000
1992-10-27,31.875000,31.875000,31.625000,31.750000,9.019902,227400
1992-10-28,31.625000,31.750000,31.625000,31.750000,9.019902,98100
1992-10-29,31.750000,32.250000,31.625000,32.250000,9.161947,352600
1992-10-30,32.250000,32.250000,32.000000,32.125000,9.126432,459500
1992-11-02,31.750000,31.750000,31.375000,31.375000,9.025748,898400
1992-11-03,31.500000,31.500000,31.125000,31.250000,8.989792,830600
1992-11-04,31.125000,31.125000,30.875000,30.875000,8.881912,209900
1992-11-05,30.875000,30.875000,30.625000,30.875000,8.881912,209200
1992-11-06,30.875000,31.000000,30.750000,31.000000,8.917876,101400
1992-11-09,31.000000,31.250000,30.875000,31.000000,8.917876,272400
1992-11-10,31.000000,31.000000,30.500000,30.500000,8.774035,229000
1992-11-11,30.500000,31.125000,30.500000,31.125000,8.953832,160600
1992-11-12,31.125000,31.375000,31.000000,31.375000,9.025748,95800
1992-11-13,31.375000,31.375000,31.125000,31.375000,9.025748,139800
1992-11-16,31.250000,31.375000,31.125000,31.250000,8.989792,74400
1992-11-17,31.250000,31.375000,31.000000,31.250000,8.989792,162300
1992-11-18,31.125000,31.625000,31.125000,31.500000,9.061712,143900
1992-11-19,31.500000,31.750000,31.500000,31.750000,9.133628,209100
1992-11-20,31.875000,32.125000,31.625000,32.125000,9.241502,195800
1992-11-23,32.125000,32.125000,31.750000,32.000000,9.205546,202400
1992-11-24,31.875000,32.125000,31.750000,32.000000,9.205546,206700
1992-11-25,32.000000,32.250000,32.000000,32.250000,9.277465,294000
1992-11-27,32.250000,32.250000,32.125000,32.250000,9.277465,89200
1992-11-30,32.250000,32.250000,32.000000,32.250000,9.277465,215400
1992-12-01,32.125000,32.250000,32.125000,32.250000,9.277465,327300
1992-12-02,32.375000,32.375000,32.000000,32.000000,9.205546,298100
1992-12-03,32.125000,32.125000,31.750000,31.750000,9.133628,142500
1992-12-04,31.750000,31.875000,31.625000,31.750000,9.133628,447700
1992-12-07,31.875000,31.875000,31.625000,31.750000,9.133628,239400
1992-12-08,31.750000,31.750000,31.625000,31.750000,9.133628,310700
1992-12-09,31.750000,31.750000,31.500000,31.625000,9.097668,204400
1992-12-10,31.625000,31.625000,31.500000,31.625000,9.097668,403000
1992-12-11,31.625000,32.250000,31.625000,32.250000,9.277465,266600
1992-12-14,32.125000,32.375000,32.000000,32.250000,9.277465,371200
1992-12-15,32.250000,32.250000,31.750000,31.875000,9.169584,274000
1992-12-16,32.000000,32.125000,31.875000,32.125000,9.241502,330100
1992-12-17,32.125000,32.625000,32.000000,32.375000,9.313423,304800
1992-12-18,32.500000,32.875000,32.375000,32.875000,9.457259,924900
1992-12-21,32.875000,33.125000,32.750000,33.000000,9.493217,242400
1992-12-22,32.875000,32.875000,32.625000,32.875000,9.457259,480300
1992-12-23,32.875000,33.000000,32.875000,32.875000,9.457259,284000
1992-12-24,32.750000,32.875000,32.625000,32.875000,9.457259,185500
1992-12-28,32.875000,33.000000,32.750000,32.875000,9.457259,156500
1992-12-29,32.875000,33.625000,32.875000,33.375000,9.601101,475000
1992-12-30,33.250000,33.250000,33.000000,33.125000,9.529179,166300
1992-12-31,33.000000,33.125000,32.875000,33.000000,9.493217,187800
1993-01-04,33.000000,33.125000,32.625000,33.000000,9.493217,420200
1993-01-05,33.000000,33.000000,32.875000,33.000000,9.493217,157100
1993-01-06,32.875000,33.000000,32.750000,33.000000,9.493217,511500
1993-01-07,33.000000,33.000000,32.500000,32.625000,9.385344,434900
1993-01-08,32.625000,32.625000,32.500000,32.500000,9.349380,159600
1993-01-11,32.625000,33.125000,32.625000,33.125000,9.529179,357000
1993-01-12,33.125000,33.375000,33.125000,33.250000,9.565138,342900
1993-01-13,33.125000,33.625000,33.125000,33.625000,9.673016,201000
1993-01-14,33.625000,34.125000,33.500000,34.125000,9.816847,472500
1993-01-15,34.125000,34.125000,33.625000,33.875000,9.744934,335300
1993-01-18,33.875000,34.000000,33.750000,34.000000,9.780894,178200
1993-01-19,34.000000,34.125000,33.750000,33.875000,9.744934,115100
1993-01-20,34.000000,34.000000,33.625000,33.625000,9.673016,354500
1993-01-21,33.750000,34.000000,33.625000,34.000000,9.780894,535600
1993-01-22,34.125000,34.375000,34.125000,34.250000,9.852815,234000
1993-01-25,34.125000,34.375000,34.125000,34.250000,9.852815,600500
1993-01-26,34.250000,34.250000,34.000000,34.125000,9.816847,250800
1993-01-27,34.125000,34.500000,34.125000,34.375000,9.888767,451200
1993-01-28,34.250000,34.500000,34.250000,34.375000,9.888767,105400
1993-01-29,34.375000,34.750000,34.250000,34.750000,9.996646,207400
1993-02-01,34.625000,34.750000,34.500000,34.750000,9.996646,513800
1993-02-02,34.625000,35.125000,34.500000,35.125000,10.104526,239600
1993-02-03,35.125000,35.625000,35.000000,35.625000,10.248364,412400
1993-02-04,35.750000,36.500000,35.750000,36.125000,10.392200,516600
1993-02-05,35.500000,35.500000,35.000000,35.250000,10.254023,791700
1993-02-08,35.375000,35.500000,34.875000,34.875000,10.144938,632000
1993-02-09,34.875000,35.000000,34.500000,34.875000,10.144938,119900
1993-02-10,34.750000,34.750000,34.250000,34.500000,10.035851,168400
1993-02-11,34.625000,34.750000,34.500000,34.750000,10.108578,134700
1993-02-12,34.750000,34.750000,34.375000,34.500000,10.035851,218600
1993-02-16,34.500000,34.875000,34.125000,34.125000,9.926764,645000
1993-02-17,34.125000,35.125000,34.125000,34.875000,10.144938,255500
1993-02-18,35.250000,35.500000,35.000000,35.375000,10.290392,214900
1993-02-19,35.375000,35.500000,34.875000,35.500000,10.326744,434500
1993-02-22,35.375000,36.250000,35.375000,36.125000,10.508561,202800
1993-02-23,36.000000,36.250000,35.750000,36.125000,10.508561,176500
1993-02-24,36.000000,36.125000,35.625000,35.750000,10.399471,166100
1993-02-25,35.750000,35.750000,35.375000,35.500000,10.326744,237500
1993-02-26,35.625000,36.250000,35.500000,36.125000,10.508561,180500
1993-03-01,36.125000,36.250000,35.500000,36.000000,10.472197,324200
1993-03-02,36.375000,36.375000,35.875000,36.000000,10.472197,218300
1993-03-03,36.000000,36.250000,35.875000,36.250000,10.544917,239800
1993-03-04,36.250000,36.375000,36.125000,36.125000,10.508561,335700
1993-03-05,36.125000,36.250000,35.500000,35.750000,10.399471,302300
1993-03-08,35.625000,35.750000,35.375000,35.625000,10.363107,265200
1993-03-09,35.500000,35.500000,35.000000,35.125000,10.217666,314200
1993-03-10,35.125000,35.375000,34.750000,35.375000,10.290392,416300
1993-03-11,35.125000,35.625000,35.125000,35.375000,10.290392,275200
1993-03-12,35.125000,35.250000,35.000000,35.000000,10.181297,283900
1993-03-15,35.125000,35.125000,34.875000,35.125000,10.217666,183300
1993-03-16,35.125000,35.500000,35.125000,35.375000,10.290392,77400
1993-03-17,35.250000,35.375000,35.000000,35.125000,10.217666,142200
1993-03-18,35.125000,35.125000,35.000000,35.000000,10.181297,160100
1993-03-19,35.125000,35.125000,34.875000,35.000000,10.181297,358200
1993-03-22,35.000000,35.125000,34.625000,34.625000,10.072213,252700
1993-03-23,34.625000,35.500000,34.625000,35.250000,10.254023,309200
1993-03-24,35.125000,35.750000,35.125000,35.625000,10.363107,570900
1993-03-25,35.500000,35.625000,35.375000,35.500000,10.326744,404100
1993-03-26,35.625000,35.875000,35.500000,35.875000,10.435830,208700
1993-03-29,35.875000,35.875000,35.750000,35.750000,10.399471,167700
1993-03-30,35.750000,35.875000,35.625000,35.750000,10.399471,403400
1993-03-31,35.625000,35.750000,35.250000,35.375000,10.290392,321800
1993-04-01,35.375000,35.500000,35.250000,35.500000,10.326744,197000
1993-04-02,35.500000,35.500000,35.125000,35.375000,10.290392,149100
1993-04-05,35.500000,35.500000,35.250000,35.375000,10.290392,163800
1993-04-06,35.500000,35.875000,35.500000,35.875000,10.435830,195800
1993-04-07,35.875000,36.125000,35.750000,36.000000,10.472197,183100
1993-04-08,36.125000,36.500000,36.000000,36.375000,10.581282,113900
1993-04-12,36.375000,37.125000,36.375000,37.000000,10.763083,286200
1993-04-13,36.750000,37.250000,36.750000,37.000000,10.763083,352200
1993-04-14,37.250000,37.500000,37.125000,37.375000,10.872171,168300
1993-04-15,37.125000,37.375000,37.000000,37.250000,10.835811,239300
1993-04-16,37.375000,38.250000,37.125000,38.000000,11.053982,461900
1993-04-19,38.000000,38.000000,37.125000,37.500000,10.908533,319900
1993-04-20,37.250000,37.375000,36.250000,36.250000,10.544917,418300
1993-04-21,36.250000,37.125000,36.250000,36.625000,10.654002,671200
1993-04-22,36.625000,36.750000,36.250000,36.500000,10.617640,272700
1993-04-23,36.500000,36.625000,36.250000,36.250000,10.544917,227100
1993-04-26,36.375000,36.375000,35.875000,36.250000,10.544917,778800
1993-04-27,36.250000,36.375000,35.875000,36.125000,10.508561,237600
1993-04-28,36.000000,36.000000,35.625000,35.875000,10.435830,249600
1993-04-29,35.750000,35.750000,35.125000,35.500000,10.326744,768800
1993-04-30,35.500000,35.625000,35.375000,35.500000,10.326744,170200
1993-05-03,35.000000,35.125000,34.500000,35.000000,10.297322,402600
1993-05-04,35.125000,35.375000,34.875000,35.375000,10.407660,204000
1993-05-05,35.375000,35.500000,34.875000,35.125000,10.334105,536100
1993-05-06,34.875000,34.875000,34.500000,34.875000,10.260548,413000
1993-05-07,34.875000,34.875000,34.375000,34.500000,10.150219,290300
1993-05-10,34.500000,34.625000,34.375000,34.500000,10.150219,276100
1993-05-11,34.500000,34.750000,34.500000,34.625000,10.186997,129800
1993-05-12,34.625000,34.625000,34.125000,34.375000,10.113444,139100
1993-05-13,34.375000,34.375000,33.375000,33.375000,9.819234,271200
1993-05-14,33.375000,33.750000,33.375000,33.500000,9.856009,255800
1993-05-17,33.625000,33.625000,33.250000,33.625000,9.892789,166600
1993-05-18,33.625000,34.000000,33.375000,33.500000,9.856009,418600
1993-05-19,33.500000,34.250000,33.250000,34.250000,10.076666,426200
1993-05-20,34.375000,34.625000,34.125000,34.500000,10.150219,274500
1993-05-21,34.375000,34.625000,34.250000,34.375000,10.113444,337400
1993-05-24,34.375000,34.625000,34.250000,34.500000,10.150219,258800
1993-05-25,34.625000,34.750000,34.375000,34.500000,10.150219,406800
1993-05-26,34.500000,34.875000,34.375000,34.875000,10.260548,677000
1993-05-27,34.750000,34.875000,34.500000,34.625000,10.186997,152400
1993-05-28,34.625000,34.750000,34.500000,34.625000,10.186997,195900
1993-06-01,34.625000,34.875000,34.500000,34.750000,10.223777,1034200
1993-06-02,34.875000,35.000000,34.625000,35.000000,10.297322,547000
1993-06-03,34.875000,35.000000,34.750000,35.000000,10.297322,201600
1993-06-04,35.000000,35.000000,34.750000,34.875000,10.260548,184000
1993-06-07,34.875000,34.875000,34.500000,34.750000,10.223777,149400
1993-06-08,34.750000,34.750000,34.500000,34.625000,10.186997,184100
1993-06-09,34.625000,34.625000,34.500000,34.625000,10.186997,130700
1993-06-10,34.625000,34.750000,34.375000,34.500000,10.150219,513200
1993-06-11,34.500000,34.750000,34.500000,34.625000,10.186997,164600
1993-06-14,34.625000,34.750000,34.375000,34.500000,10.150219,279400
1993-06-15,34.625000,34.625000,34.375000,34.500000,10.150219,120700
1993-06-16,34.500000,34.500000,34.375000,34.500000,10.150219,97700
1993-06-17,34.500000,34.625000,34.375000,34.500000,10.150219,178500
1993-06-18,34.375000,34.625000,34.125000,34.125000,10.039886,488000
1993-06-21,34.375000,34.625000,34.375000,34.625000,10.186997,376500
1993-06-22,34.625000,35.000000,34.625000,34.875000,10.260548,295600
1993-06-23,35.000000,35.250000,34.750000,35.250000,10.370879,380100
1993-06-24,35.250000,36.000000,35.250000,35.750000,10.517984,206600
1993-06-25,36.000000,36.000000,35.750000,35.875000,10.554759,185500
1993-06-28,35.875000,36.375000,35.875000,36.375000,10.701861,214400
1993-06-29,36.375000,36.500000,36.250000,36.500000,10.738638,151400
1993-06-30,36.625000,36.625000,36.250000,36.250000,10.665086,260200
1993-07-01,36.375000,36.625000,36.250000,36.500000,10.738638,443400
1993-07-02,36.500000,36.875000,36.375000,36.625000,10.775412,105400
1993-07-06,36.500000,36.750000,36.500000,36.500000,10.738638,105300
1993-07-07,36.625000,36.750000,36.500000,36.750000,10.812196,116900
1993-07-08,36.625000,37.125000,36.500000,37.125000,10.922520,141100
1993-07-09,37.000000,37.250000,36.750000,37.250000,10.959298,277000
1993-07-12,37.125000,37.625000,37.000000,37.625000,11.069623,130200
1993-07-13,37.625000,37.625000,37.375000,37.375000,10.996069,219600
1993-07-14,37.500000,37.625000,37.375000,37.500000,11.032849,289400
1993-07-15,37.500000,37.500000,37.125000,37.250000,10.959298,186900
1993-07-16,37.125000,37.375000,37.125000,37.125000,10.922520,208700
1993-07-19,37.125000,37.250000,37.000000,37.000000,10.885740,160700
1993-07-20,37.125000,37.125000,36.750000,36.750000,10.812196,123600
1993-07-21,36.875000,37.375000,36.875000,37.375000,10.996069,500400
1993-07-22,37.375000,37.500000,37.250000,37.375000,10.996069,148700
1993-07-23,37.500000,37.500000,37.375000,37.500000,11.032849,146900
1993-07-26,37.500000,37.500000,37.250000,37.375000,10.996069,272600
1993-07-27,37.250000,37.375000,37.125000,37.125000,10.922520,152300
1993-07-28,37.250000,37.250000,36.875000,37.000000,10.885740,164300
1993-07-29,37.000000,37.375000,36.875000,37.250000,10.959298,275400
1993-07-30,37.375000,37.375000,37.125000,37.125000,10.922520,215600
1993-08-02,37.250000,38.250000,37.125000,38.250000,11.253504,294800
1993-08-03,38.000000,38.125000,37.625000,38.000000,11.179953,283300
1993-08-04,38.000000,38.000000,37.875000,37.875000,11.143174,128100
1993-08-05,37.875000,38.500000,37.875000,38.375000,11.290286,154300
1993-08-06,38.375000,38.375000,38.000000,38.125000,11.216729,117200
1993-08-09,37.500000,38.000000,37.500000,37.875000,11.261331,480700
1993-08-10,37.875000,38.000000,37.750000,38.000000,11.298497,117500
1993-08-11,37.875000,38.250000,37.875000,38.250000,11.372830,372200
1993-08-12,38.375000,38.500000,38.250000,38.250000,11.372830,398600
1993-08-13,38.500000,38.500000,38.250000,38.375000,11.409995,101100
1993-08-16,38.375000,38.750000,38.375000,38.500000,11.447160,139700
1993-08-17,38.500000,38.750000,38.500000,38.500000,11.447160,157400
1993-08-18,38.500000,38.500000,38.125000,38.125000,11.335656,94500
1993-08-19,38.125000,38.500000,38.000000,38.500000,11.447160,130400
1993-08-20,38.500000,38.750000,38.250000,38.750000,11.521497,319600
1993-08-23,38.625000,38.750000,38.500000,38.625000,11.484325,134300
1993-08-24,38.625000,38.625000,38.500000,38.500000,11.447160,114600
1993-08-25,38.625000,38.875000,38.500000,38.750000,11.521497,177100
1993-08-26,38.750000,39.000000,38.625000,38.875000,11.558654,199600
1993-08-27,38.875000,39.000000,38.750000,38.875000,11.558654,116400
1993-08-30,39.000000,39.250000,38.875000,39.250000,11.670154,131800
1993-08-31,39.125000,39.625000,39.000000,39.625000,11.781657,132500
1993-09-01,39.500000,39.750000,39.250000,39.750000,11.818817,274400
1993-09-02,39.750000,39.750000,39.375000,39.500000,11.744490,173800
1993-09-03,39.500000,39.500000,39.250000,39.375000,11.707322,142400
1993-09-07,39.500000,39.500000,39.250000,39.375000,11.707322,126600
1993-09-08,39.375000,39.500000,39.250000,39.500000,11.744490,134300
1993-09-09,39.000000,39.250000,39.000000,39.000000,11.595827,200300
1993-09-10,39.125000,39.375000,39.000000,39.250000,11.670154,121100
1993-09-13,39.375000,39.375000,39.125000,39.375000,11.707322,128000
1993-09-14,39.125000,39.250000,39.000000,39.125000,11.632988,172600
1993-09-15,39.125000,39.250000,38.875000,39.250000,11.670154,381300
1993-09-16,39.125000,39.250000,39.000000,39.125000,11.632988,252000
1993-09-17,39.000000,39.875000,39.000000,39.750000,11.818817,756300
1993-09-20,39.625000,39.625000,39.125000,39.125000,11.632988,416800
1993-09-21,39.000000,39.125000,38.375000,38.500000,11.447160,275800
1993-09-22,38.750000,39.125000,38.750000,39.125000,11.632988,195900
1993-09-23,39.000000,39.125000,38.875000,38.875000,11.558654,125200
1993-09-24,38.875000,39.250000,38.875000,39.000000,11.595827,256200
1993-09-27,39.250000,39.375000,39.125000,39.375000,11.707322,395100
1993-09-28,39.375000,39.375000,39.125000,39.250000,11.670154,125500
1993-09-29,39.250000,39.500000,38.875000,38.875000,11.558654,411800
1993-09-30,38.875000,39.000000,38.625000,38.750000,11.521497,171700
1993-10-01,38.875000,39.125000,38.750000,39.125000,11.632988,134200
1993-10-04,39.125000,39.250000,38.875000,39.000000,11.595827,190700
1993-10-05,39.000000,39.000000,38.625000,38.750000,11.521497,226500
1993-10-06,38.875000,39.125000,38.625000,39.125000,11.632988,244200
1993-10-07,39.125000,39.125000,38.250000,38.500000,11.447160,652400
1993-10-08,38.625000,38.625000,38.125000,38.375000,11.409995,313000
1993-10-11,38.375000,38.500000,38.250000,38.250000,11.372830,76100
1993-10-12,38.500000,38.500000,38.250000,38.375000,11.409995,309600
1993-10-13,38.375000,38.750000,38.375000,38.750000,11.521497,342500
1993-10-14,38.750000,39.000000,38.625000,39.000000,11.595827,211200
1993-10-15,39.000000,39.000000,38.875000,39.000000,11.595827,360100
1993-10-18,39.000000,39.000000,38.750000,38.875000,11.558654,382700
1993-10-19,38.875000,38.875000,38.500000,38.750000,11.521497,360200
1993-10-20,38.625000,38.875000,38.500000,38.500000,11.447160,165700
1993-10-21,38.500000,39.000000,38.500000,39.000000,11.595827,278300
1993-10-22,39.125000,39.125000,38.625000,38.750000,11.521497,178200
1993-10-25,38.625000,38.750000,38.125000,38.375000,11.409995,141900
1993-10-26,38.375000,38.625000,38.250000,38.375000,11.409995,277800
1993-10-27,38.625000,38.750000,38.500000,38.625000,11.484325,421200
1993-10-28,38.625000,38.750000,38.500000,38.500000,11.447160,336700
1993-10-29,38.500000,39.125000,38.500000,39.000000,11.595827,189600
1993-11-01,38.875000,39.000000,38.375000,38.500000,11.447160,489600
1993-11-02,38.500000,38.500000,37.750000,37.750000,11.224160,211800
1993-11-03,37.375000,37.375000,36.250000,36.375000,10.945816,408400
1993-11-04,36.375000,36.625000,36.000000,36.000000,10.832967,1147000
1993-11-05,35.625000,36.375000,35.250000,36.125000,10.870585,494700
1993-11-08,36.250000,36.625000,36.250000,36.500000,10.983432,581700
1993-11-09,36.750000,36.750000,36.375000,36.625000,11.021040,368000
1993-11-10,36.500000,36.750000,36.375000,36.375000,10.945816,716800
1993-11-11,36.500000,36.750000,36.500000,36.750000,11.058661,333500
1993-11-12,36.875000,37.125000,36.750000,36.875000,11.096274,609500
1993-11-15,36.750000,36.875000,36.250000,36.250000,10.908201,463200
1993-11-16,36.375000,36.875000,36.375000,36.750000,11.058661,439200
1993-11-17,36.750000,37.125000,36.750000,36.875000,11.096274,427800
1993-11-18,36.750000,37.250000,36.750000,37.250000,11.209117,371200
1993-11-19,37.250000,37.250000,37.000000,37.125000,11.171507,410200
1993-11-22,37.000000,37.375000,37.000000,37.375000,11.246733,336300
1993-11-23,37.375000,37.500000,37.375000,37.375000,11.246733,453500
1993-11-24,37.500000,37.500000,37.250000,37.250000,11.209117,74500
1993-11-26,37.375000,37.375000,37.250000,37.250000,11.209117,32300
1993-11-29,37.375000,37.375000,37.000000,37.000000,11.133885,348600
1993-11-30,37.000000,37.000000,36.750000,36.875000,11.096274,503200
1993-12-01,37.000000,37.125000,36.875000,37.000000,11.133885,607800
1993-12-02,37.000000,37.000000,36.875000,36.875000,11.096274,278700
1993-12-03,36.875000,36.875000,36.250000,36.375000,10.945816,515400
1993-12-06,36.250000,36.375000,36.125000,36.250000,10.908201,502000
1993-12-07,36.250000,36.250000,36.000000,36.125000,10.870585,1809300
1993-12-08,36.125000,36.125000,35.875000,36.000000,10.832967,1819400
1993-12-09,36.000000,36.125000,35.875000,36.000000,10.832967,529100
1993-12-10,36.000000,36.000000,35.750000,35.875000,10.795354,461700
1993-12-13,35.875000,35.875000,35.375000,35.500000,10.682513,556400
1993-12-14,35.375000,35.500000,35.375000,35.500000,10.682513,450500
1993-12-15,35.375000,35.500000,35.125000,35.125000,10.569674,746300
1993-12-16,35.125000,35.875000,35.125000,35.875000,10.795354,1043700
1993-12-17,35.750000,35.875000,35.625000,35.750000,10.757743,613800
1993-12-20,35.625000,35.750000,35.500000,35.625000,10.720131,732900
1993-12-21,35.625000,35.625000,35.250000,35.375000,10.644901,293300
1993-12-22,35.375000,35.375000,35.250000,35.375000,10.644901,753900
1993-12-23,35.250000,35.875000,35.250000,35.875000,10.795354,1591800
1993-12-27,35.875000,36.000000,35.750000,36.000000,10.832967,1020700
1993-12-28,36.000000,36.250000,35.875000,36.250000,10.908201,696900
1993-12-29,36.250000,36.250000,36.125000,36.250000,10.908201,679400
1993-12-30,36.125000,36.125000,35.750000,35.875000,10.795354,847900
1993-12-31,35.625000,36.125000,35.625000,36.000000,10.832967,1605700
1994-01-03,35.750000,35.875000,35.625000,35.750000,10.757743,837400
1994-01-04,35.750000,35.750000,35.500000,35.625000,10.720131,885400
1994-01-05,35.625000,35.625000,35.250000,35.500000,10.682513,476500
1994-01-06,35.500000,35.750000,35.500000,35.750000,10.757743,1102400
1994-01-07,35.750000,36.125000,35.750000,36.125000,10.870585,1607000
1994-01-10,36.125000,36.250000,35.875000,36.250000,10.908201,766600
1994-01-11,36.250000,36.250000,36.000000,36.250000,10.908201,487300
1994-01-12,36.250000,36.375000,35.875000,36.250000,10.908201,512100
1994-01-13,36.250000,36.375000,36.125000,36.250000,10.908201,456400
1994-01-14,36.250000,36.625000,36.125000,36.625000,11.021040,689100
1994-01-17,36.625000,36.875000,36.500000,36.500000,10.983432,439200
1994-01-18,36.375000,36.500000,36.125000,36.375000,10.945816,498200
1994-01-19,36.375000,36.375000,35.750000,35.875000,10.795354,1471500
1994-01-20,35.875000,36.000000,35.750000,36.000000,10.832967,789900
1994-01-21,36.000000,36.250000,36.000000,36.250000,10.908201,618700
1994-01-24,36.250000,36.375000,35.875000,35.875000,10.795354,699200
1994-01-25,35.875000,36.250000,35.750000,36.125000,10.870585,1071100
1994-01-26,36.250000,36.625000,36.250000,36.625000,11.021040,434400
1994-01-27,36.625000,37.250000,36.500000,37.000000,11.133885,634100
1994-01-28,37.000000,37.125000,36.750000,36.875000,11.096274,605800
1994-01-31,37.000000,37.250000,37.000000,37.250000,11.209117,305700
1994-02-01,37.125000,37.250000,37.000000,37.250000,11.209117,654100
1994-02-02,37.250000,37.375000,37.125000,37.125000,11.171507,304700
1994-02-03,37.125000,37.250000,36.625000,36.625000,11.021040,431600
1994-02-04,36.125000,36.125000,35.625000,35.625000,10.853481,824700
1994-02-07,35.500000,35.875000,35.375000,35.625000,10.853481,474800
1994-02-08,35.625000,36.375000,35.250000,36.000000,10.967727,829500
1994-02-09,36.250000,36.250000,35.750000,36.000000,10.967727,1541100
1994-02-10,35.875000,36.000000,35.250000,35.250000,10.739232,698800
1994-02-11,35.250000,35.375000,35.125000,35.250000,10.739232,122100
1994-02-14,35.250000,35.250000,34.750000,34.875000,10.624988,481800
1994-02-15,35.000000,35.125000,34.625000,34.625000,10.548820,489100
1994-02-16,34.625000,34.750000,33.375000,33.875000,10.320328,1250400
1994-02-17,34.375000,34.375000,33.750000,33.750000,10.282249,915300
1994-02-18,33.875000,34.125000,33.875000,33.875000,10.320328,762800
1994-02-22,33.875000,34.375000,33.375000,33.875000,10.320328,723800
1994-02-23,33.750000,34.000000,33.625000,33.750000,10.282249,647100
1994-02-24,33.875000,33.875000,33.000000,33.125000,10.091836,455000
1994-02-25,33.250000,33.250000,32.500000,33.000000,10.053750,508400
1994-02-28,33.000000,33.375000,33.000000,33.250000,10.129917,597100
1994-03-01,33.125000,33.125000,32.500000,32.750000,9.977580,673500
1994-03-02,32.625000,33.125000,32.500000,32.875000,10.015670,595200
1994-03-03,32.875000,33.625000,32.625000,33.375000,10.167998,1181800
1994-03-04,33.250000,33.625000,33.000000,33.375000,10.167998,599500
1994-03-07,33.625000,33.625000,33.375000,33.500000,10.206079,646400
1994-03-08,33.500000,33.625000,33.375000,33.625000,10.244163,618700
1994-03-09,33.500000,33.625000,33.375000,33.375000,10.167998,665000
1994-03-10,33.375000,33.500000,33.000000,33.125000,10.091836,353300
1994-03-11,33.125000,33.375000,33.125000,33.125000,10.091836,251200
1994-03-14,33.125000,33.125000,32.500000,32.500000,9.901423,474600
1994-03-15,32.625000,32.625000,31.375000,31.875000,9.711010,753400
1994-03-16,31.875000,32.375000,31.500000,32.250000,9.825258,595700
1994-03-17,32.375000,32.625000,32.250000,32.625000,9.939507,782100
1994-03-18,32.625000,32.625000,32.125000,32.250000,9.825258,1242300
1994-03-21,32.125000,32.375000,31.875000,32.375000,9.863338,304300
1994-03-22,32.250000,32.875000,32.250000,32.875000,10.015670,329300
1994-03-23,32.750000,32.750000,32.125000,32.250000,9.825258,448500
1994-03-24,32.000000,32.125000,31.125000,31.500000,9.596760,466000
1994-03-25,31.500000,32.375000,31.250000,32.000000,9.749092,430800
1994-03-28,32.000000,32.875000,32.000000,32.875000,10.015670,563900
1994-03-29,32.625000,32.750000,32.125000,32.125000,9.787173,315900
1994-03-30,31.875000,32.000000,31.250000,31.250000,9.520599,411300
1994-03-31,31.250000,31.750000,31.125000,31.750000,9.672925,336600
1994-04-04,31.250000,31.375000,30.375000,30.500000,9.292102,582900
1994-04-05,31.125000,31.125000,30.750000,31.125000,9.482518,556800
1994-04-06,30.875000,31.000000,30.500000,30.875000,9.406352,519600
1994-04-07,30.750000,30.750000,30.500000,30.750000,9.368268,942000
1994-04-08,30.625000,30.625000,30.250000,30.375000,9.254020,314100
1994-04-11,30.375000,30.500000,30.000000,30.125000,9.177855,261200
1994-04-12,30.125000,30.375000,30.125000,30.250000,9.215939,416500
1994-04-13,30.250000,30.625000,30.250000,30.625000,9.330185,598000
1994-04-14,30.500000,31.000000,30.500000,30.750000,9.368268,479100
1994-04-15,30.750000,30.875000,30.375000,30.375000,9.254020,567500
1994-04-18,30.500000,30.625000,30.187500,30.375000,9.254020,318400
1994-04-19,30.375000,30.750000,30.375000,30.625000,9.330185,504500
1994-04-20,30.625000,31.875000,30.625000,31.750000,9.672925,832600
1994-04-21,32.000000,32.125000,31.500000,31.875000,9.711010,815700
1994-04-22,31.875000,31.875000,31.250000,31.375000,9.558682,565700
1994-04-25,31.250000,31.625000,31.250000,31.250000,9.520599,498300
1994-04-26,31.500000,31.500000,30.875000,31.250000,9.520599,800500
1994-04-28,31.125000,31.125000,30.750000,30.750000,9.368268,908500
1994-04-29,30.875000,31.250000,30.375000,30.625000,9.330185,773200
1994-05-02,30.000000,30.250000,29.500000,29.875000,9.237428,754400
1994-05-03,30.000000,30.000000,29.500000,29.500000,9.121474,1048700
1994-05-04,29.500000,29.750000,29.250000,29.625000,9.160124,663200
1994-05-05,29.875000,30.000000,29.250000,29.375000,9.082821,364800
1994-05-06,29.125000,29.125000,28.500000,28.625000,8.850923,375700
1994-05-09,28.500000,28.625000,27.750000,27.750000,8.580372,577300
1994-05-10,28.000000,28.250000,27.625000,27.875000,8.619020,1758600
1994-05-11,27.875000,28.125000,27.250000,27.375000,8.464420,1116300
1994-05-12,27.750000,27.875000,27.375000,27.500000,8.503070,553600
1994-05-13,27.625000,27.875000,27.500000,27.875000,8.619020,744500
1994-05-16,27.000000,27.375000,26.625000,26.750000,8.271165,1325900
1994-05-17,27.000000,27.500000,26.875000,27.375000,8.464420,1749900
1994-05-18,27.500000,28.625000,27.500000,28.500000,8.812270,1258200
1994-05-19,28.625000,28.875000,28.375000,28.500000,8.812270,682600
1994-05-20,28.625000,28.750000,28.500000,28.500000,8.812270,737300
1994-05-23,28.625000,28.625000,28.375000,28.375000,8.773618,553800
1994-05-24,28.500000,28.625000,28.125000,28.125000,8.696321,890600
1994-05-25,28.250000,29.000000,28.125000,28.875000,8.928218,777600
1994-05-26,28.875000,28.875000,28.500000,28.500000,8.812270,515300
1994-05-27,28.500000,29.375000,28.500000,29.375000,9.082821,537300
1994-05-31,29.250000,29.250000,28.750000,28.875000,8.928218,492300
1994-06-01,29.000000,29.375000,28.812500,29.375000,9.082821,832500
1994-06-02,29.500000,29.625000,29.375000,29.500000,9.121474,789100
1994-06-03,29.500000,30.000000,29.500000,29.875000,9.237428,407800
1994-06-06,30.000000,30.250000,30.000000,30.125000,9.314723,373600
1994-06-07,30.125000,30.250000,29.875000,29.875000,9.237428,319200
1994-06-08,30.125000,30.125000,29.750000,29.875000,9.237428,490900
1994-06-09,30.000000,30.000000,29.750000,29.875000,9.237428,205300
1994-06-10,29.875000,30.125000,29.875000,30.000000,9.276074,217100
1994-06-13,29.875000,30.000000,29.625000,29.750000,9.198771,308100
1994-06-14,29.750000,29.875000,29.625000,29.625000,9.160124,261600
1994-06-15,29.750000,29.750000,29.125000,29.125000,9.005523,821400
1994-06-16,26.750000,26.750000,26.250000,26.375000,8.155213,3202900
1994-06-17,26.250000,26.250000,25.750000,26.000000,8.039266,2853700
1994-06-20,26.000000,26.125000,25.875000,25.875000,8.000609,835800
1994-06-21,26.000000,26.000000,25.625000,25.750000,7.961962,967600
1994-06-22,25.625000,25.625000,25.125000,25.375000,7.846015,885900
1994-06-23,25.250000,25.500000,24.875000,24.875000,7.691414,979800
1994-06-24,24.875000,25.250000,24.875000,24.875000,7.691414,643000
1994-06-27,25.000000,25.250000,24.875000,25.125000,7.768712,706800
1994-06-28,25.125000,25.250000,24.875000,25.000000,7.730063,1337200
1994-06-29,25.000000,26.125000,25.000000,25.125000,7.768712,702800
1994-06-30,25.000000,25.125000,24.625000,24.750000,7.652763,920200
1994-07-01,24.750000,24.875000,24.625000,24.750000,7.652763,472100
1994-07-05,24.750000,24.750000,24.500000,24.625000,7.614110,883200
1994-07-06,24.625000,24.625000,24.375000,24.625000,7.614110,1204000
1994-07-07,24.625000,24.875000,24.500000,24.875000,7.691414,658500
1994-07-08,24.750000,25.250000,24.750000,25.125000,7.768712,680800
1994-07-11,25.250000,25.250000,25.000000,25.125000,7.768712,367400
1994-07-12,25.125000,25.125000,24.500000,24.875000,7.691414,353200
1994-07-13,24.875000,25.500000,24.875000,25.500000,7.884667,411900
1994-07-14,25.750000,26.125000,25.625000,25.875000,8.000609,402600
1994-07-15,26.000000,26.125000,25.750000,26.125000,8.077916,471900
1994-07-18,26.000000,26.125000,25.500000,25.875000,8.000609,277000
1994-07-19,25.875000,25.875000,25.625000,25.625000,7.923315,188200
1994-07-20,25.625000,25.625000,25.250000,25.375000,7.846015,130500
1994-07-21,25.375000,25.500000,25.000000,25.125000,7.768712,266000
1994-07-22,25.125000,25.500000,25.062500,25.500000,7.884667,531700
1994-07-25,25.375000,25.500000,25.000000,25.125000,7.768712,426900
1994-07-26,25.125000,25.125000,24.875000,24.875000,7.691414,285700
1994-07-27,24.750000,24.875000,24.500000,24.750000,7.652763,446700
1994-07-28,24.625000,25.000000,24.625000,25.000000,7.730063,422000
1994-07-29,25.125000,25.750000,25.125000,25.500000,7.884667,533000
1994-08-01,25.500000,26.000000,25.500000,25.875000,8.000609,519700
1994-08-02,26.000000,26.250000,25.875000,25.875000,8.000609,470700
1994-08-03,25.875000,26.125000,25.625000,26.000000,8.039266,430500
1994-08-04,26.000000,26.250000,25.875000,26.000000,8.039266,315200
1994-08-05,25.625000,25.625000,25.250000,25.375000,7.846015,538200
1994-08-08,24.875000,25.000000,24.625000,24.875000,7.830275,1046900
1994-08-09,24.750000,25.250000,24.750000,25.000000,7.869622,1100400
1994-08-10,25.000000,25.125000,24.750000,25.000000,7.869622,489400
1994-08-11,24.875000,25.000000,24.500000,24.625000,7.751577,583600
1994-08-12,24.625000,25.000000,24.500000,24.625000,7.751577,320000
1994-08-15,24.625000,24.750000,24.250000,24.250000,7.633532,612700
1994-08-16,24.250000,24.750000,24.250000,24.750000,7.790928,401900
1994-08-17,24.750000,24.875000,24.500000,24.625000,7.751577,461100
1994-08-18,24.625000,24.625000,24.375000,24.500000,7.712231,474400
1994-08-19,24.625000,24.750000,24.500000,24.750000,7.790928,691200
1994-08-22,24.625000,24.875000,24.500000,24.875000,7.830275,866300
1994-08-23,24.875000,25.125000,24.750000,25.000000,7.869622,1223600
1994-08-24,25.000000,25.125000,24.875000,25.000000,7.869622,458000
1994-08-25,25.000000,25.000000,24.625000,24.750000,7.790928,527200
1994-08-26,24.875000,25.250000,24.750000,25.125000,7.908974,328200
1994-08-29,25.250000,25.250000,24.625000,24.750000,7.790928,1542500
1994-08-30,24.750000,24.875000,24.625000,24.875000,7.830275,1613800
1994-08-31,24.875000,25.000000,24.750000,24.875000,7.830275,450200
1994-09-01,24.875000,24.875000,24.375000,24.625000,7.751577,720500
1994-09-02,24.625000,24.750000,24.375000,24.500000,7.712231,368000
1994-09-06,24.500000,24.500000,24.000000,24.125000,7.594185,494600
1994-09-07,24.125000,24.250000,23.875000,24.000000,7.554835,431900
1994-09-08,24.000000,24.000000,23.625000,23.875000,7.515490,645300
1994-09-09,23.625000,23.625000,23.375000,23.500000,7.397447,963900
1994-09-12,23.500000,23.625000,23.125000,23.125000,7.279400,518800
1994-09-13,23.125000,23.250000,23.000000,23.000000,7.240054,742400
1994-09-14,23.000000,23.125000,22.875000,22.875000,7.200703,785700
1994-09-15,23.000000,23.250000,22.875000,23.125000,7.279400,619300
1994-09-16,23.000000,23.125000,22.875000,23.000000,7.240054,1006100
1994-09-19,23.125000,23.375000,23.000000,23.125000,7.279400,428800
1994-09-20,23.000000,23.125000,22.875000,22.875000,7.200703,1003100
1994-09-21,22.875000,23.000000,22.750000,22.875000,7.200703,949600
1994-09-22,22.875000,23.250000,22.875000,23.125000,7.279400,873900
1994-09-23,23.000000,23.125000,22.625000,22.750000,7.161355,605000
1994-09-26,22.875000,22.875000,22.625000,22.750000,7.161355,357400
1994-09-27,22.750000,23.000000,22.750000,23.000000,7.240054,605500
1994-09-28,22.875000,23.125000,22.875000,23.000000,7.240054,821800
1994-09-29,23.000000,23.250000,22.875000,23.125000,7.279400,671500
1994-09-30,23.125000,23.500000,23.000000,23.250000,7.318748,670200
1994-10-03,23.250000,23.375000,23.000000,23.125000,7.279400,1287500
1994-10-04,23.125000,23.125000,22.625000,22.750000,7.161355,436100
1994-10-05,22.625000,22.875000,22.562500,22.875000,7.200703,685600
1994-10-06,22.750000,22.875000,22.625000,22.750000,7.161355,1020000
1994-10-07,22.750000,23.125000,22.625000,23.000000,7.240054,337600
1994-10-10,23.000000,23.000000,22.875000,23.000000,7.240054,193700
1994-10-11,23.000000,23.625000,23.000000,23.375000,7.358093,963500
1994-10-12,23.375000,23.500000,23.250000,23.375000,7.358093,1011600
1994-10-13,23.500000,23.875000,23.500000,23.750000,7.476144,573800
1994-10-14,23.750000,23.750000,23.625000,23.750000,7.476144,162600
1994-10-17,23.625000,24.000000,23.500000,24.000000,7.554835,1022500
1994-10-18,23.875000,24.250000,23.875000,24.000000,7.554835,1378800
1994-10-19,24.000000,24.375000,24.000000,24.375000,7.672882,442300
1994-10-20,24.250000,24.375000,24.000000,24.125000,7.594185,589100
1994-10-21,24.000000,24.250000,24.000000,24.125000,7.594185,1295200
1994-10-24,24.000000,24.250000,24.000000,24.000000,7.554835,301400
1994-10-25,24.000000,24.125000,23.875000,24.125000,7.594185,483500
1994-10-26,24.125000,24.250000,24.000000,24.125000,7.594185,370100
1994-10-27,24.125000,24.250000,24.000000,24.125000,7.594185,328600
1994-10-28,24.125000,24.750000,24.000000,24.625000,7.751577,603100
1994-10-31,24.375000,24.375000,23.375000,23.375000,7.358093,2137400
1994-11-01,23.250000,23.500000,23.125000,23.250000,7.318748,796700
1994-11-02,23.125000,23.250000,23.000000,23.125000,7.279400,1033600
1994-11-03,23.125000,23.500000,23.125000,23.125000,7.279400,1727000
1994-11-04,22.875000,23.000000,22.750000,22.875000,7.343607,1294700
1994-11-07,22.750000,22.875000,22.750000,22.875000,7.343607,605000
1994-11-08,22.875000,23.000000,22.750000,22.875000,7.343607,658300
1994-11-09,23.000000,23.250000,22.875000,22.875000,7.343607,731300
1994-11-10,23.000000,23.000000,22.750000,22.875000,7.343607,1945600
1994-11-11,22.875000,22.875000,22.625000,22.750000,7.303476,236000
1994-11-14,22.750000,23.000000,22.750000,22.750000,7.303476,261400
1994-11-15,22.750000,22.875000,22.500000,22.625000,7.263350,400700
1994-11-16,22.500000,22.625000,22.375000,22.500000,7.223222,238600
1994-11-17,22.500000,22.625000,22.375000,22.500000,7.223222,648900
1994-11-18,22.500000,22.500000,22.250000,22.250000,7.142957,445900
1994-11-21,22.500000,22.500000,22.125000,22.125000,7.102834,466300
1994-11-22,22.000000,22.000000,21.750000,22.000000,7.062705,629300
1994-11-23,22.000000,22.750000,21.750000,22.750000,7.303476,583600
1994-11-25,22.625000,23.125000,22.625000,23.000000,7.383736,182200
1994-11-28,23.000000,23.000000,22.375000,22.625000,7.263350,262400
1994-11-29,22.750000,22.875000,22.375000,22.500000,7.223222,587200
1994-11-30,22.500000,22.500000,22.125000,22.500000,7.223222,595000
1994-12-01,22.500000,22.875000,22.375000,22.875000,7.343607,731200
1994-12-02,22.875000,23.000000,22.500000,22.750000,7.303476,765900
1994-12-05,22.750000,22.875000,22.500000,22.625000,7.263350,709400
1994-12-06,22.625000,22.750000,22.375000,22.625000,7.263350,2115700
1994-12-07,22.500000,22.625000,22.500000,22.625000,7.263350,250100
1994-12-08,22.500000,22.625000,22.375000,22.500000,7.223222,316300
1994-12-09,22.250000,22.625000,22.125000,22.500000,7.223222,229900
1994-12-12,22.375000,22.500000,22.125000,22.375000,7.183092,1514100
1994-12-13,22.375000,22.625000,22.375000,22.500000,7.223222,1451000
1994-12-14,22.625000,22.875000,22.500000,22.625000,7.263350,610600
1994-12-15,22.500000,22.625000,22.375000,22.375000,7.183092,278600
1994-12-16,22.500000,22.500000,22.250000,22.500000,7.223222,2774100
1994-12-19,22.375000,22.500000,22.125000,22.125000,7.102834,198600
1994-12-20,22.125000,22.250000,22.000000,22.125000,7.102834,366600
1994-12-21,22.125000,22.375000,22.000000,22.125000,7.102834,373200
1994-12-22,22.000000,22.125000,21.750000,21.750000,6.982444,604200
1994-12-23,21.875000,21.875000,21.500000,21.625000,6.942319,400100
1994-12-27,21.625000,22.000000,21.625000,21.625000,6.942319,297000
1994-12-28,21.625000,21.750000,21.250000,21.375000,6.862059,426400
1994-12-29,21.375000,22.125000,21.250000,21.875000,7.022574,758100
1994-12-30,21.750000,22.125000,21.625000,21.875000,7.022574,518700
1995-01-03,21.875000,22.375000,21.875000,22.375000,7.183092,595500
1995-01-04,22.500000,22.750000,22.250000,22.500000,7.223222,435100
1995-01-05,22.500000,22.500000,22.250000,22.500000,7.223222,255300
1995-01-06,22.500000,22.625000,22.375000,22.500000,7.223222,202900
1995-01-09,22.500000,22.875000,22.500000,22.625000,7.263350,597300
1995-01-10,22.625000,23.000000,22.625000,22.750000,7.303476,614700
1995-01-11,22.875000,23.000000,22.625000,22.875000,7.343607,232400
1995-01-12,22.875000,23.000000,22.750000,23.000000,7.383736,140200
1995-01-13,23.000000,23.125000,22.750000,22.875000,7.343607,347400
1995-01-16,23.125000,23.625000,23.125000,23.500000,7.544252,381900
1995-01-17,23.375000,23.750000,23.375000,23.750000,7.624510,405700
1995-01-18,23.625000,23.750000,23.375000,23.500000,7.544252,376300
1995-01-19,23.375000,23.500000,23.125000,23.250000,7.463996,297400
1995-01-20,23.250000,23.375000,23.000000,23.125000,7.423864,614300
1995-01-23,22.875000,23.000000,22.750000,23.000000,7.383736,583100
1995-01-24,23.000000,23.250000,23.000000,23.125000,7.423864,353300
1995-01-25,23.250000,23.500000,23.125000,23.500000,7.544252,468900
1995-01-26,23.500000,23.625000,23.375000,23.375000,7.504122,1378800
1995-01-27,23.500000,23.625000,23.250000,23.500000,7.544252,704800
1995-01-30,23.625000,24.000000,23.625000,23.875000,7.664641,476500
1995-01-31,23.875000,24.500000,23.750000,24.375000,7.825150,1306300
1995-02-01,24.375000,24.375000,24.000000,24.000000,7.704771,651200
1995-02-02,23.875000,24.125000,23.750000,24.125000,7.744897,302300
1995-02-03,24.000000,24.375000,23.875000,24.375000,7.825150,2408600
1995-02-06,23.875000,24.375000,23.875000,24.250000,7.931450,974900
1995-02-07,24.250000,24.250000,23.875000,24.000000,7.849685,653100
1995-02-08,23.875000,24.000000,23.125000,23.375000,7.645266,931100
1995-02-09,22.750000,22.875000,22.375000,22.625000,7.399963,1352800
1995-02-10,22.875000,22.875000,22.500000,22.500000,7.359082,354700
1995-02-13,22.625000,22.625000,22.375000,22.500000,7.359082,217800
1995-02-14,22.375000,22.375000,22.125000,22.375000,7.318196,386100
1995-02-15,22.375000,22.500000,22.250000,22.500000,7.359082,351200
1995-02-16,22.375000,22.750000,22.250000,22.750000,7.440845,445600
1995-02-17,22.750000,22.750000,22.375000,22.375000,7.318196,385000
1995-02-21,22.500000,22.625000,22.375000,22.500000,7.359082,319800
1995-02-22,22.625000,22.750000,22.375000,22.500000,7.359082,528600
1995-02-23,22.500000,22.625000,22.375000,22.500000,7.359082,404900
1995-02-24,22.375000,22.625000,22.250000,22.625000,7.399963,654400
1995-02-27,22.625000,22.625000,22.375000,22.500000,7.359082,161000
1995-02-28,22.500000,22.500000,22.250000,22.375000,7.318196,523000
1995-03-01,22.375000,22.500000,22.000000,22.250000,7.277308,438300
1995-03-02,22.250000,22.250000,22.000000,22.000000,7.195545,911400
1995-03-03,22.000000,22.125000,21.875000,22.000000,7.195545,456100
1995-03-06,22.000000,22.000000,21.500000,21.500000,7.032012,396600
1995-03-07,21.500000,21.500000,21.125000,21.250000,6.950243,405500
1995-03-08,21.125000,21.625000,21.125000,21.500000,7.032012,466100
1995-03-09,21.500000,21.500000,20.875000,21.125000,6.909359,775400
1995-03-10,21.125000,21.375000,20.625000,21.250000,6.950243,686000
1995-03-13,21.125000,21.250000,20.750000,20.750000,6.786709,521800
1995-03-14,20.875000,21.125000,20.750000,20.875000,6.827590,903900
1995-03-15,20.750000,20.875000,20.625000,20.875000,6.827590,190300
1995-03-16,20.750000,20.875000,20.625000,20.875000,6.827590,612400
1995-03-17,20.875000,20.875000,20.625000,20.875000,6.827590,661800
1995-03-20,20.750000,20.875000,20.625000,20.625000,6.745818,349300
1995-03-21,20.625000,20.625000,20.250000,20.375000,6.664056,445600
1995-03-22,20.375000,20.375000,20.000000,20.125000,6.582286,510400
1995-03-23,20.125000,20.375000,20.000000,20.250000,6.623170,397500
1995-03-24,20.500000,21.000000,20.500000,20.875000,6.827590,606300
1995-03-27,20.875000,21.000000,20.750000,20.875000,6.827590,361300
1995-03-28,20.750000,20.875000,20.375000,20.500000,6.704940,267200
1995-03-29,20.500000,21.000000,20.375000,20.875000,6.827590,578900
1995-03-30,21.000000,21.125000,20.875000,21.000000,6.868472,657700
1995-03-31,21.000000,21.125000,20.875000,20.875000,6.827590,403100
1995-04-03,20.875000,21.250000,20.875000,21.125000,6.909359,457300
1995-04-04,21.125000,21.875000,21.125000,21.875000,7.154661,733700
1995-04-05,21.875000,21.875000,21.375000,21.500000,7.032012,380800
1995-04-06,21.500000,21.625000,21.375000,21.500000,7.032012,320800
1995-04-07,21.500000,21.750000,21.500000,21.750000,7.113776,231500
1995-04-10,21.500000,21.625000,21.250000,21.500000,7.032012,325200
1995-04-11,21.500000,21.500000,21.000000,21.000000,6.868472,791500
1995-04-12,21.000000,21.250000,21.000000,21.000000,6.868472,282000
1995-04-13,21.125000,21.750000,21.000000,21.625000,7.072895,862700
1995-04-17,21.750000,21.875000,21.500000,21.500000,7.032012,450000
1995-04-18,21.500000,21.750000,21.375000,21.500000,7.032012,381700
1995-04-19,21.375000,21.625000,21.250000,21.250000,6.950243,310200
1995-04-20,21.250000,21.750000,21.250000,21.625000,7.072895,272500
1995-04-21,21.875000,21.875000,21.500000,21.625000,7.072895,488800
1995-04-24,21.625000,21.875000,21.500000,21.875000,7.154661,698600
1995-04-25,21.750000,21.875000,21.500000,21.625000,7.072895,327200
1995-04-26,21.625000,21.750000,21.500000,21.625000,7.072895,240700
1995-04-27,21.625000,21.750000,21.500000,21.500000,7.032012,602800
1995-04-28,21.625000,21.750000,21.500000,21.750000,7.113776,312000
1995-05-01,21.750000,21.875000,21.500000,21.750000,7.113776,361000
1995-05-02,21.625000,21.875000,21.625000,21.750000,7.113776,530600
1995-05-03,21.750000,22.125000,21.750000,22.000000,7.195545,444600
1995-05-04,22.125000,22.375000,22.000000,22.250000,7.277308,429600
1995-05-05,22.250000,22.500000,22.250000,22.500000,7.359082,666900
1995-05-08,22.000000,22.250000,22.000000,22.250000,7.425824,1224400
1995-05-09,22.250000,22.500000,22.125000,22.500000,7.509268,997800
1995-05-10,22.500000,22.750000,22.375000,22.750000,7.592700,396100
1995-05-11,22.875000,23.000000,22.500000,22.500000,7.509268,274500
1995-05-12,22.500000,22.625000,22.375000,22.625000,7.550981,412800
1995-05-15,22.625000,22.875000,22.500000,22.875000,7.634418,357300
1995-05-16,23.000000,23.250000,22.875000,23.125000,7.717854,730900
1995-05-17,23.000000,23.125000,22.750000,22.875000,7.634418,257900
1995-05-18,22.750000,22.875000,22.625000,22.625000,7.550981,349800
1995-05-19,22.625000,22.875000,22.375000,22.500000,7.509268,599800
1995-05-22,22.500000,22.750000,22.375000,22.625000,7.550981,218600
1995-05-23,22.500000,22.625000,22.250000,22.625000,7.550981,451400
1995-05-24,22.750000,22.875000,22.500000,22.875000,7.634418,388700
1995-05-25,22.875000,23.625000,22.750000,23.500000,7.843013,1188100
1995-05-26,23.500000,24.125000,23.500000,23.875000,7.968165,1107900
1995-05-30,24.000000,24.500000,24.000000,24.375000,8.135033,774700
1995-05-31,24.500000,24.750000,24.250000,24.750000,8.260193,707000
1995-06-01,24.625000,24.750000,24.500000,24.750000,8.260193,844700
1995-06-02,24.750000,24.875000,24.750000,24.750000,8.260193,700400
1995-06-05,24.875000,25.375000,24.875000,25.375000,8.468785,1287800
1995-06-06,25.375000,25.500000,25.250000,25.375000,8.468785,642700
1995-06-07,25.375000,25.375000,25.125000,25.125000,8.385349,495400
1995-06-08,25.125000,25.125000,24.750000,24.750000,8.260193,463800
1995-06-09,24.625000,24.750000,24.375000,24.375000,8.135033,386500
1995-06-12,24.500000,24.750000,24.500000,24.625000,8.218474,641500
1995-06-13,24.750000,25.125000,24.750000,25.000000,8.343627,729600
1995-06-14,25.000000,25.125000,24.875000,25.125000,8.385349,166000
1995-06-15,25.000000,25.125000,24.750000,24.750000,8.260193,344800
1995-06-16,24.875000,24.875000,24.625000,24.750000,8.260193,1123000
1995-06-19,24.750000,24.875000,24.625000,24.750000,8.260193,243700
1995-06-20,24.750000,24.750000,24.500000,24.625000,8.218474,470600
1995-06-21,24.625000,24.750000,24.625000,24.625000,8.218474,330700
1995-06-22,24.750000,25.250000,24.625000,25.125000,8.385349,509700
1995-06-23,25.125000,25.125000,24.625000,24.750000,8.260193,459700
1995-06-26,24.625000,24.750000,24.375000,24.500000,8.176755,501100
1995-06-27,24.375000,24.625000,24.250000,24.375000,8.135033,704600
1995-06-28,24.375000,24.500000,24.125000,24.500000,8.176755,1035300
1995-06-29,24.500000,24.500000,24.375000,24.500000,8.176755,213600
1995-06-30,24.500000,24.500000,24.125000,24.125000,8.051600,878000
1995-07-03,24.250000,24.375000,24.125000,24.312500,8.114181,144000
1995-07-05,24.250000,24.375000,24.125000,24.375000,8.135033,506100
1995-07-06,24.250000,24.875000,24.000000,24.875000,8.301909,556500
1995-07-07,24.875000,24.875000,24.625000,24.750000,8.260193,462100
1995-07-10,24.625000,24.750000,24.625000,24.625000,8.218474,321000
1995-07-11,24.625000,24.750000,24.375000,24.500000,8.176755,350100
1995-07-12,24.500000,24.500000,24.125000,24.250000,8.093321,326300
1995-07-13,24.250000,24.250000,24.000000,24.125000,8.051600,410400
1995-07-14,24.000000,24.125000,23.875000,23.875000,7.968165,248500
1995-07-17,23.875000,24.250000,23.750000,24.125000,8.051600,269100
1995-07-18,24.125000,24.375000,24.125000,24.375000,8.135033,247900
1995-07-19,24.250000,24.500000,24.000000,24.250000,8.093321,388200
1995-07-20,24.125000,24.250000,24.000000,24.125000,8.051600,247700
1995-07-21,24.125000,24.125000,23.750000,24.125000,8.051600,462800
1995-07-24,24.000000,24.250000,24.000000,24.125000,8.051600,444700
1995-07-25,24.000000,24.250000,23.750000,24.125000,8.051600,348800
1995-07-26,24.125000,24.375000,24.125000,24.250000,8.093321,232300
1995-07-27,24.375000,24.500000,24.125000,24.500000,8.176755,358900
1995-07-28,24.625000,24.625000,24.125000,24.125000,8.051600,519200
1995-07-31,24.250000,24.375000,23.750000,23.750000,7.926449,617900
1995-08-01,23.875000,24.750000,23.875000,24.625000,8.218474,1024700
1995-08-02,24.875000,25.000000,24.750000,24.875000,8.301909,432100
1995-08-03,24.750000,24.750000,24.500000,24.625000,8.218474,625200
1995-08-04,24.750000,24.875000,24.625000,24.875000,8.301909,362500
1995-08-07,24.750000,24.875000,24.625000,24.875000,8.301909,494200
1995-08-08,24.750000,24.875000,24.750000,24.750000,8.260193,1417200
1995-08-09,24.375000,24.375000,24.000000,24.000000,8.158215,957100
1995-08-10,24.000000,24.250000,24.000000,24.125000,8.200703,775800
1995-08-11,24.125000,24.125000,23.750000,23.875000,8.115725,189600
1995-08-14,23.875000,24.250000,23.875000,24.125000,8.200703,318800
1995-08-15,24.125000,24.250000,24.000000,24.125000,8.200703,294000
1995-08-16,24.125000,24.375000,24.000000,24.375000,8.285684,344000
1995-08-17,24.250000,24.250000,24.000000,24.000000,8.158215,282800
1995-08-18,24.000000,24.000000,23.750000,23.875000,8.115725,427400
1995-08-21,23.750000,24.000000,23.750000,23.875000,8.115725,604800
1995-08-22,23.875000,24.125000,23.875000,24.000000,8.158215,729500
1995-08-23,24.125000,24.125000,23.875000,24.125000,8.200703,427300
1995-08-24,24.125000,24.250000,23.875000,24.000000,8.158215,2267100
1995-08-25,24.000000,24.125000,23.875000,24.000000,8.158215,436300
1995-08-28,24.125000,24.125000,23.875000,23.875000,8.115725,598900
1995-08-29,24.000000,24.000000,23.750000,23.875000,8.115725,244600
1995-08-30,24.000000,24.125000,23.875000,23.875000,8.115725,396000
1995-08-31,23.875000,24.125000,23.875000,24.125000,8.200703,681900
1995-09-01,24.000000,24.125000,23.875000,24.125000,8.200703,371100
1995-09-05,24.125000,24.125000,23.625000,24.000000,8.158215,520300
1995-09-06,23.875000,24.250000,23.875000,24.125000,8.200703,470700
1995-09-07,24.125000,24.250000,24.000000,24.125000,8.200703,257900
1995-09-08,24.000000,24.250000,23.875000,24.250000,8.243196,333400
1995-09-11,24.250000,24.250000,24.000000,24.250000,8.243196,293000
1995-09-12,24.250000,24.375000,24.125000,24.375000,8.285684,240100
1995-09-13,24.375000,24.625000,24.000000,24.375000,8.285684,561300
1995-09-14,24.375000,24.500000,24.250000,24.375000,8.285684,1213100
1995-09-15,24.500000,24.500000,24.375000,24.375000,8.285684,631200
1995-09-18,24.375000,24.500000,24.250000,24.250000,8.243196,366200
1995-09-19,24.375000,24.625000,24.375000,24.625000,8.370666,190100
1995-09-20,24.625000,25.125000,24.500000,25.000000,8.498137,489700
1995-09-21,25.000000,25.250000,24.875000,24.875000,8.455647,723100
1995-09-22,24.750000,24.875000,24.625000,24.750000,8.413157,232600
1995-09-25,24.750000,24.875000,24.625000,24.750000,8.413157,188200
1995-09-26,24.750000,25.250000,24.750000,24.875000,8.455647,341000
1995-09-27,24.875000,25.375000,24.750000,25.250000,8.583121,534800
1995-09-28,25.375000,25.750000,25.125000,25.500000,8.668104,723800
1995-09-29,25.500000,26.125000,25.250000,26.125000,8.880555,708800
1995-10-02,26.000000,26.375000,26.000000,26.250000,8.923049,229700
1995-10-03,26.250000,27.250000,26.250000,27.125000,9.220483,800600
1995-10-04,27.000000,27.250000,26.875000,27.250000,9.262967,783100
1995-10-05,27.000000,27.125000,26.750000,26.875000,9.135501,1048800
1995-10-06,26.750000,27.875000,26.750000,26.875000,9.135501,656400
1995-10-09,26.875000,27.000000,26.750000,26.875000,9.135501,334700
1995-10-10,26.750000,27.250000,26.750000,27.000000,9.177988,827100
1995-10-11,27.125000,27.250000,27.000000,27.125000,9.220483,693500
1995-10-12,27.125000,27.125000,26.875000,26.875000,9.135501,1365300
1995-10-13,27.000000,27.125000,27.000000,27.000000,9.177988,461400
1995-10-16,27.125000,27.125000,27.000000,27.125000,9.220483,559700
1995-10-17,27.000000,27.375000,27.000000,27.375000,9.305466,439800
1995-10-18,27.375000,27.875000,27.250000,27.625000,9.390444,1373700
1995-10-19,27.750000,27.750000,27.500000,27.625000,9.390444,298400
1995-10-20,27.625000,27.750000,27.500000,27.500000,9.347951,771100
1995-10-23,27.500000,28.500000,27.500000,28.125000,9.560404,1565500
1995-10-24,28.125000,28.250000,27.875000,28.250000,9.602900,414000
1995-10-25,28.250000,28.875000,28.125000,28.875000,9.815353,1157800
1995-10-26,28.875000,28.875000,28.500000,28.500000,9.687878,368700
1995-10-27,28.250000,28.750000,28.250000,28.625000,9.730369,478000
1995-10-30,28.625000,28.750000,28.375000,28.625000,9.730369,524000
1995-10-31,28.625000,28.750000,28.500000,28.500000,9.687878,354100
1995-11-01,28.500000,28.750000,28.500000,28.750000,9.772862,316000
1995-11-02,28.750000,28.750000,28.375000,28.625000,9.730369,789800
1995-11-03,28.625000,28.750000,28.500000,28.750000,9.772862,225100
1995-11-06,28.750000,28.875000,28.375000,28.625000,9.730369,785300
1995-11-07,28.500000,28.625000,28.125000,28.250000,9.602900,2038100
1995-11-08,27.750000,28.000000,27.625000,27.750000,9.585629,928600
1995-11-09,27.875000,27.875000,27.375000,27.500000,9.499268,1028300
1995-11-10,27.375000,27.625000,27.250000,27.500000,9.499268,430300
1995-11-13,27.375000,27.625000,27.375000,27.625000,9.542448,202500
1995-11-14,27.750000,28.000000,27.750000,27.875000,9.628803,554600
1995-11-15,27.875000,28.000000,27.625000,27.625000,9.542448,653900
1995-11-16,27.750000,28.000000,27.625000,28.000000,9.671985,1181600
1995-11-17,28.000000,28.000000,27.625000,27.875000,9.628803,405000
1995-11-20,27.750000,27.875000,27.500000,27.750000,9.585629,429200
1995-11-21,27.625000,27.750000,27.375000,27.500000,9.499268,567600
1995-11-22,27.625000,27.625000,27.375000,27.500000,9.499268,177900
1995-11-24,27.500000,27.500000,27.375000,27.375000,9.456094,35600
1995-11-27,27.500000,27.625000,27.250000,27.625000,9.542448,250600
1995-11-28,27.500000,27.625000,27.375000,27.500000,9.499268,449100
1995-11-29,27.625000,28.000000,27.625000,28.000000,9.671985,742800
1995-11-30,28.000000,28.000000,27.750000,27.875000,9.628803,324400
1995-12-01,27.875000,28.250000,27.875000,28.000000,9.671985,918800
1995-12-04,27.625000,27.875000,26.875000,27.250000,9.412909,2490600
1995-12-05,27.250000,27.250000,26.500000,26.750000,9.240194,1882600
1995-12-06,26.875000,27.250000,26.750000,26.875000,9.283377,1329600
1995-12-07,26.750000,27.000000,26.500000,26.875000,9.283377,1291700
1995-12-08,26.875000,27.000000,26.875000,27.000000,9.326555,666700
1995-12-11,26.875000,27.000000,26.750000,27.000000,9.326555,525100
1995-12-12,27.000000,27.125000,26.875000,27.125000,9.369736,410400
1995-12-13,27.000000,27.250000,27.000000,27.125000,9.369736,470500
1995-12-14,27.250000,27.500000,27.125000,27.500000,9.499268,433800
1995-12-15,27.625000,28.000000,27.625000,28.000000,9.671985,1144800
1995-12-18,28.000000,28.250000,27.750000,28.250000,9.758343,882600
1995-12-19,28.125000,28.625000,28.000000,28.125000,9.715158,1066100
1995-12-20,28.250000,28.750000,28.125000,28.500000,9.844696,680900
1995-12-21,28.750000,29.000000,28.750000,29.000000,10.017418,361900
1995-12-22,28.875000,29.000000,28.500000,28.625000,9.887875,433800
1995-12-26,28.750000,28.875000,28.500000,28.625000,9.887875,288800
1995-12-27,28.625000,28.875000,28.500000,28.875000,9.974235,811100
1995-12-28,28.875000,29.125000,28.750000,28.875000,9.974235,577000
1995-12-29,29.000000,29.250000,28.875000,29.250000,10.103765,718800
1996-01-02,29.125000,29.500000,29.000000,29.250000,10.103765,587200
1996-01-03,29.125000,29.250000,28.750000,28.875000,9.974235,995200
1996-01-04,28.875000,29.125000,28.625000,28.875000,9.974235,1553300
1996-01-05,28.750000,29.375000,28.750000,29.250000,10.103765,728800
1996-01-08,29.125000,29.375000,29.125000,29.375000,10.146945,55900
1996-01-09,29.375000,29.875000,29.250000,29.625000,10.233302,709200
1996-01-10,29.875000,30.375000,29.750000,30.000000,10.362838,1074300
1996-01-11,30.000000,30.125000,29.875000,30.125000,10.406021,828400
1996-01-12,30.000000,30.125000,29.500000,29.500000,10.190125,745600
1996-01-15,29.500000,29.625000,29.375000,29.500000,10.190125,607000
1996-01-16,29.500000,29.875000,29.437500,29.875000,10.319663,828200
1996-01-17,29.875000,30.250000,29.750000,30.000000,10.362838,1266400
1996-01-18,29.875000,30.125000,29.750000,30.125000,10.406021,893800
1996-01-19,29.875000,30.000000,29.625000,29.625000,10.233302,1647200
1996-01-22,29.625000,29.750000,29.625000,29.750000,10.276479,500800
1996-01-23,29.500000,29.750000,29.375000,29.625000,10.233302,774200
1996-01-24,29.625000,29.750000,29.500000,29.625000,10.233302,558600
1996-01-25,29.500000,29.750000,29.375000,29.375000,10.146945,705400
1996-01-26,29.500000,29.625000,29.375000,29.625000,10.233302,281600
1996-01-29,29.500000,29.750000,29.500000,29.625000,10.233302,588000
1996-01-30,29.500000,29.625000,29.500000,29.500000,10.190125,797000
1996-01-31,29.500000,29.625000,29.375000,29.625000,10.233302,776100
1996-02-01,29.500000,29.625000,29.375000,29.500000,10.190125,1140000
1996-02-02,29.500000,29.875000,29.375000,29.750000,10.276479,819000
1996-02-05,29.750000,29.875000,29.625000,29.875000,10.319663,448500
1996-02-06,29.875000,30.250000,29.750000,30.250000,10.449194,1657900
1996-02-07,29.875000,30.000000,29.750000,30.000000,10.519325,1127700
1996-02-08,29.875000,30.000000,29.750000,29.875000,10.475495,765700
1996-02-09,29.875000,29.875000,29.375000,29.625000,10.387832,4346500
1996-02-12,29.875000,30.125000,29.625000,30.000000,10.519325,474100
1996-02-13,30.000000,30.375000,29.875000,30.125000,10.563155,469600
1996-02-14,30.000000,30.125000,29.875000,30.000000,10.519325,432600
1996-02-15,30.000000,30.125000,29.875000,29.875000,10.475495,322100
1996-02-16,29.875000,30.125000,29.750000,29.750000,10.431662,758100
1996-02-20,29.625000,29.625000,28.750000,29.000000,10.168683,736300
1996-02-21,29.125000,29.250000,29.000000,29.250000,10.256341,543900
1996-02-22,29.375000,29.625000,29.250000,29.625000,10.387832,828000
1996-02-23,29.750000,29.750000,29.250000,29.250000,10.256341,720400
1996-02-26,29.000000,29.000000,28.500000,28.875000,10.124849,661400
1996-02-27,28.875000,29.125000,28.750000,29.125000,10.212512,856500
1996-02-28,29.250000,29.375000,28.750000,28.750000,10.081017,1371400
1996-02-29,28.500000,28.875000,28.125000,28.375000,9.949530,1781800
1996-03-01,28.500000,28.500000,27.750000,27.875000,9.774204,1386900
1996-03-04,28.125000,28.500000,28.000000,28.250000,9.905701,719200
1996-03-05,28.375000,28.750000,28.375000,28.625000,10.037188,751600
1996-03-06,28.625000,28.625000,28.125000,28.250000,9.905701,604000
1996-03-07,28.125000,28.250000,27.875000,28.250000,9.905701,235300
1996-03-08,27.875000,28.125000,27.625000,27.625000,9.686545,308500
1996-03-11,27.500000,27.500000,27.000000,27.125000,9.511224,624600
1996-03-12,27.000000,27.125000,26.375000,26.750000,9.379729,617200
1996-03-13,27.000000,27.375000,26.750000,27.000000,9.467393,295600
1996-03-14,27.125000,27.125000,26.875000,27.000000,9.467393,293300
1996-03-15,27.125000,27.125000,26.875000,27.125000,9.511224,571000
1996-03-18,27.250000,27.875000,27.250000,27.750000,9.730373,416000
1996-03-19,27.875000,28.000000,27.375000,27.375000,9.598884,291100
1996-03-20,27.500000,27.875000,27.500000,27.875000,9.774204,355100
1996-03-21,28.000000,28.250000,27.500000,27.625000,9.686545,458500
1996-03-22,27.750000,27.750000,27.500000,27.500000,9.642715,244600
1996-03-25,27.750000,27.750000,27.625000,27.750000,9.730373,338700
1996-03-26,27.750000,27.875000,27.625000,27.750000,9.730373,396300
1996-03-27,27.875000,28.375000,27.750000,28.125000,9.861868,476500
1996-03-28,27.750000,28.375000,27.750000,28.250000,9.905701,876500
1996-03-29,28.250000,28.250000,27.875000,28.000000,9.818038,834400
1996-04-01,28.000000,28.125000,28.000000,28.000000,9.818038,596200
1996-04-02,28.000000,28.000000,27.625000,27.625000,9.686545,416800
1996-04-03,27.625000,27.625000,27.375000,27.375000,9.598884,602900
1996-04-04,27.375000,27.375000,27.187500,27.250000,9.555048,656800
1996-04-08,26.750000,26.750000,26.375000,26.500000,9.292071,467500
1996-04-09,26.500000,26.875000,26.500000,26.750000,9.379729,810300
1996-04-10,26.625000,26.750000,26.250000,26.500000,9.292071,595200
1996-04-11,26.250000,26.375000,25.875000,26.000000,9.116748,678900
1996-04-12,26.125000,26.250000,25.750000,25.875000,9.072913,411300
1996-04-15,26.000000,26.250000,25.500000,25.750000,9.029083,318200
1996-04-16,26.000000,26.500000,25.750000,26.375000,9.248240,1201400
1996-04-17,26.250000,26.375000,25.750000,25.875000,9.072913,921600
1996-04-18,25.750000,26.250000,25.750000,26.125000,9.160579,362700
1996-04-19,26.125000,26.375000,25.875000,26.125000,9.160579,787500
1996-04-22,26.250000,26.250000,25.750000,25.750000,9.029083,397000
1996-04-23,25.625000,25.875000,25.437500,25.625000,8.985251,680900
1996-04-24,25.750000,25.750000,25.625000,25.625000,8.985251,224600
1996-04-25,25.625000,25.750000,25.250000,25.500000,8.941429,431500
1996-04-26,25.750000,26.375000,25.750000,26.000000,9.116748,1626000
1996-04-29,26.000000,26.250000,26.000000,26.250000,9.204412,398600
1996-04-30,26.125000,26.750000,26.125000,26.375000,9.248240,562300
1996-05-01,26.375000,26.625000,26.375000,26.500000,9.292071,946600
1996-05-02,26.375000,26.500000,26.125000,26.250000,9.204412,444200
1996-05-03,26.125000,26.625000,26.000000,26.125000,9.160579,690600
1996-05-06,26.250000,26.500000,26.125000,26.250000,9.204412,269100
1996-05-07,26.125000,26.250000,26.000000,26.125000,9.160579,368000
1996-05-08,25.625000,26.500000,25.625000,26.375000,9.410330,1014200
1996-05-09,26.375000,26.500000,26.125000,26.375000,9.410330,533300
1996-05-10,26.625000,27.375000,26.625000,27.125000,9.677925,1856400
1996-05-13,27.250000,27.625000,27.125000,27.500000,9.811716,627400
1996-05-14,27.625000,28.250000,27.625000,27.625000,9.856318,686800
1996-05-15,27.625000,27.750000,27.125000,27.625000,9.856318,727700
1996-05-16,27.500000,27.750000,27.375000,27.750000,9.900922,393400
1996-05-17,27.625000,27.625000,27.375000,27.500000,9.811716,475000
1996-05-20,27.500000,27.750000,27.375000,27.625000,9.856318,267800
1996-05-21,27.500000,27.625000,27.250000,27.375000,9.767124,416800
1996-05-22,27.375000,27.500000,27.125000,27.500000,9.811716,298700
1996-05-23,27.500000,27.625000,27.375000,27.500000,9.811716,385300
1996-05-24,27.500000,27.625000,27.375000,27.500000,9.811716,333400
1996-05-28,27.500000,27.500000,27.000000,27.250000,9.722522,247400
1996-05-29,27.250000,27.250000,26.750000,26.750000,9.544127,396400
1996-05-30,26.750000,26.875000,26.625000,26.625000,9.499528,493100
1996-05-31,26.500000,26.500000,26.000000,26.250000,9.365733,664100
1996-06-03,26.000000,26.125000,25.625000,26.125000,9.321137,661600
1996-06-04,26.375000,26.625000,26.250000,26.625000,9.499528,356000
1996-06-05,26.625000,27.125000,26.500000,27.125000,9.677925,509900
1996-06-06,27.500000,27.500000,27.125000,27.125000,9.677925,856000
1996-06-07,26.500000,26.750000,26.375000,26.625000,9.499528,425700
1996-06-10,26.625000,26.750000,26.375000,26.625000,9.499528,276200
1996-06-11,26.750000,27.000000,26.500000,26.750000,9.544127,275100
1996-06-12,26.750000,27.000000,26.750000,26.875000,9.588730,443200
1996-06-13,26.750000,26.875000,26.500000,26.625000,9.499528,235300
1996-06-14,26.625000,26.750000,26.500000,26.750000,9.544127,214900
1996-06-17,26.625000,26.875000,26.500000,26.750000,9.544127,233400
1996-06-18,26.875000,27.000000,26.750000,26.875000,9.588730,244900
1996-06-19,26.750000,27.000000,26.500000,26.875000,9.588730,351400
1996-06-20,26.875000,27.125000,26.875000,27.125000,9.677925,321800
1996-06-21,27.125000,27.625000,27.125000,27.500000,9.811716,919100
1996-06-24,27.625000,27.625000,27.375000,27.375000,9.767124,207900
1996-06-25,27.500000,27.500000,27.250000,27.500000,9.811716,330800
1996-06-26,27.375000,27.750000,27.375000,27.625000,9.856318,210000
1996-06-27,27.500000,28.375000,27.500000,27.875000,9.945517,599300
1996-06-28,27.875000,28.500000,27.750000,28.375000,10.123911,1043700
1996-07-01,28.500000,28.625000,28.125000,28.625000,10.213111,190900
1996-07-02,28.625000,28.625000,27.875000,28.000000,9.990110,436700
1996-07-03,28.125000,28.250000,27.750000,27.875000,9.945517,492200
1996-07-05,27.375000,27.375000,26.875000,26.875000,9.588730,412000
1996-07-08,26.500000,26.875000,26.375000,26.625000,9.499528,614800
1996-07-09,26.625000,26.750000,26.500000,26.625000,9.499528,360000
1996-07-10,26.750000,27.125000,26.625000,27.000000,9.633325,297300
1996-07-11,27.000000,27.125000,26.625000,26.875000,9.588730,229500
1996-07-12,26.750000,26.875000,26.625000,26.875000,9.588730,669500
1996-07-15,26.875000,26.875000,26.375000,26.500000,9.454934,375900
1996-07-16,26.375000,26.500000,25.250000,26.000000,9.276535,1245800
1996-07-17,26.250000,26.250000,25.750000,26.000000,9.276535,827400
1996-07-18,25.875000,25.875000,25.625000,25.875000,9.231932,738600
1996-07-19,25.875000,26.000000,25.625000,25.875000,9.231932,974600
1996-07-22,25.750000,25.750000,25.500000,25.500000,9.098143,925800
1996-07-23,25.625000,25.750000,25.625000,25.750000,9.187336,324000
1996-07-24,25.625000,25.750000,25.375000,25.500000,9.098143,404400
1996-07-25,25.625000,25.687500,25.500000,25.500000,9.098143,413600
1996-07-26,25.500000,25.625000,25.500000,25.625000,9.142737,212600
1996-07-29,25.500000,25.500000,25.250000,25.250000,9.008943,218600
1996-07-30,25.375000,25.375000,24.875000,25.375000,9.053544,308400
1996-07-31,25.250000,25.625000,25.250000,25.500000,9.098143,500000
1996-08-01,25.500000,25.750000,25.375000,25.750000,9.187336,541200
1996-08-02,25.875000,26.250000,25.875000,26.250000,9.365733,370700
1996-08-05,25.625000,25.875000,25.625000,25.750000,9.347578,851800
1996-08-06,25.750000,25.750000,25.625000,25.625000,9.302202,451500
1996-08-07,25.875000,26.000000,25.625000,25.750000,9.347578,763100
1996-08-08,25.750000,25.875000,25.750000,25.875000,9.392954,168000
1996-08-09,25.875000,26.000000,25.875000,25.875000,9.392954,173700
1996-08-12,25.750000,26.000000,25.625000,25.750000,9.347578,216900
1996-08-13,25.750000,26.000000,25.750000,25.875000,9.392954,312400
1996-08-14,26.000000,26.125000,25.750000,26.125000,9.483710,331900
1996-08-15,26.000000,26.375000,26.000000,26.125000,9.483710,549500
1996-08-16,26.250000,26.250000,26.125000,26.125000,9.483710,276000
1996-08-19,26.125000,26.125000,25.750000,25.875000,9.392954,220400
1996-08-20,25.875000,26.250000,25.750000,26.250000,9.529093,555900
1996-08-21,26.125000,26.625000,26.125000,26.625000,9.665217,803500
1996-08-22,26.500000,26.750000,26.375000,26.750000,9.710595,746200
1996-08-23,26.625000,27.000000,26.625000,26.875000,9.755972,902900
1996-08-26,26.750000,26.750000,26.625000,26.750000,9.710595,482900
1996-08-27,26.625000,26.750000,26.375000,26.500000,9.619845,459800
1996-08-28,26.500000,26.500000,26.125000,26.250000,9.529093,175000
1996-08-29,26.125000,26.375000,26.062500,26.125000,9.483710,315800
1996-08-30,26.000000,26.000000,25.250000,25.375000,9.211454,254900
1996-09-03,25.375000,25.500000,24.875000,25.500000,9.256830,290000
1996-09-04,25.625000,25.750000,25.250000,25.625000,9.302202,356000
1996-09-05,25.375000,25.750000,25.375000,25.750000,9.347578,522700
1996-09-06,25.625000,25.750000,25.375000,25.750000,9.347578,326700
1996-09-09,25.875000,26.000000,25.750000,26.000000,9.438334,345500
1996-09-10,26.000000,26.250000,25.875000,26.125000,9.483710,646800
1996-09-11,26.000000,26.375000,26.000000,26.375000,9.574468,1871500
1996-09-12,26.375000,26.875000,26.250000,26.750000,9.710595,1252000
1996-09-13,26.750000,26.875000,26.750000,26.875000,9.755972,879700
1996-09-16,27.000000,27.312500,26.875000,27.125000,9.846726,917600
1996-09-17,27.125000,27.375000,27.000000,27.250000,9.892102,721000
1996-09-18,27.250000,27.250000,27.000000,27.125000,9.846726,746000
1996-09-19,27.125000,27.250000,26.875000,27.000000,9.801348,546500
1996-09-20,27.125000,27.187500,27.000000,27.125000,9.846726,795200
1996-09-23,26.875000,27.250000,26.875000,27.250000,9.892102,371000
1996-09-24,27.250000,27.375000,27.125000,27.375000,9.937481,271900
1996-09-25,27.375000,27.500000,27.250000,27.250000,9.892102,991300
1996-09-26,27.375000,27.375000,26.750000,26.750000,9.710595,628700
1996-09-27,26.875000,26.875000,26.625000,26.750000,9.710595,254000
1996-09-30,26.875000,27.000000,26.750000,27.000000,9.801348,318900
1996-10-01,26.875000,27.062500,26.875000,26.875000,9.755972,932800
1996-10-02,26.875000,27.000000,26.750000,26.875000,9.755972,455000
1996-10-03,26.750000,27.000000,26.750000,27.000000,9.801348,492900
1996-10-04,27.000000,27.375000,26.875000,27.375000,9.937481,1227200
1996-10-07,27.500000,27.625000,27.250000,27.500000,9.982853,527800
1996-10-08,27.500000,27.750000,27.250000,27.375000,9.937481,437800
1996-10-09,27.250000,27.375000,26.875000,26.875000,9.755972,176000
1996-10-10,27.000000,27.000000,26.750000,26.750000,9.710595,347000
1996-10-11,26.875000,27.125000,26.750000,27.000000,9.801348,438500
1996-10-14,27.000000,27.250000,27.000000,27.125000,9.846726,155300
1996-10-15,27.250000,27.500000,27.125000,27.500000,9.982853,346100
1996-10-16,27.375000,27.750000,27.250000,27.625000,10.028233,487800
1996-10-17,27.500000,27.750000,27.375000,27.625000,10.028233,373600
1996-10-18,27.625000,27.625000,27.250000,27.375000,9.937481,371000
1996-10-21,27.375000,27.500000,27.125000,27.250000,9.892102,287600
1996-10-22,27.500000,27.625000,27.125000,27.250000,9.892102,495600
1996-10-23,27.125000,27.375000,27.125000,27.375000,9.937481,350800
1996-10-24,27.375000,27.750000,27.375000,27.750000,10.073609,357600
1996-10-25,27.750000,27.875000,27.500000,27.500000,9.982853,344900
1996-10-28,27.625000,27.750000,27.500000,27.750000,10.073609,509400
1996-10-29,27.750000,28.125000,27.750000,28.000000,10.164355,661700
1996-10-30,28.125000,28.375000,28.125000,28.125000,10.209734,789800
1996-10-31,28.000000,28.125000,27.875000,28.000000,10.164355,896700
1996-11-01,28.125000,28.750000,28.000000,28.625000,10.391247,1067100
1996-11-04,28.000000,28.125000,27.750000,27.875000,10.280602,1128800
1996-11-05,28.000000,28.250000,27.875000,28.125000,10.372802,1520000
1996-11-06,28.125000,28.625000,28.125000,28.500000,10.511107,832900
1996-11-07,28.375000,28.750000,28.375000,28.750000,10.603310,647500
1996-11-08,28.750000,28.750000,28.500000,28.625000,10.557212,193300
1996-11-11,28.500000,28.750000,28.500000,28.750000,10.603310,167400
1996-11-12,28.750000,29.000000,28.750000,28.875000,10.649412,351600
1996-11-13,28.875000,28.875000,28.625000,28.750000,10.603310,380300
1996-11-14,28.625000,28.750000,28.500000,28.625000,10.557212,758000
1996-11-15,28.625000,28.625000,28.250000,28.375000,10.465008,426400
1996-11-18,28.375000,28.500000,27.875000,28.125000,10.372802,445700
1996-11-19,28.125000,28.750000,27.875000,28.625000,10.557212,2085600
1996-11-20,28.500000,28.500000,28.250000,28.250000,10.418906,356200
1996-11-21,28.500000,28.625000,28.500000,28.625000,10.557212,765800
1996-11-22,28.750000,28.875000,28.125000,28.375000,10.465008,725900
1996-11-25,28.250000,28.250000,27.875000,28.125000,10.372802,1340200
1996-11-26,28.125000,28.250000,27.625000,27.625000,10.188396,845600
1996-11-27,27.625000,27.750000,27.375000,27.375000,10.096200,434900
1996-11-29,27.375000,27.375000,27.125000,27.125000,10.003994,177400
1996-12-02,27.125000,27.500000,27.000000,27.250000,10.050088,567400
1996-12-03,27.500000,28.125000,27.250000,27.250000,10.050088,244200
1996-12-04,27.125000,27.750000,27.125000,27.625000,10.188396,865000
1996-12-05,27.625000,27.750000,27.500000,27.750000,10.234504,491800
1996-12-06,27.500000,27.500000,27.000000,27.500000,10.142298,213200
1996-12-09,27.625000,27.625000,27.250000,27.500000,10.142298,687500
1996-12-10,27.500000,27.750000,27.250000,27.750000,10.234504,1050900
1996-12-11,27.500000,27.625000,27.375000,27.625000,10.188396,365500
1996-12-12,27.750000,27.750000,27.375000,27.375000,10.096200,238700
1996-12-13,27.125000,27.625000,27.000000,27.625000,10.188396,536200
1996-12-16,27.500000,27.500000,27.250000,27.375000,10.096200,418300
1996-12-17,27.250000,27.500000,27.125000,27.500000,10.142298,330000
1996-12-18,28.500000,28.500000,27.625000,28.000000,10.326705,1962800
1996-12-19,28.000000,28.000000,27.625000,27.625000,10.188396,391400
1996-12-20,28.250000,28.250000,27.875000,28.250000,10.418906,1194700
1996-12-23,28.250000,28.750000,28.250000,28.625000,10.557212,854100
1996-12-24,28.500000,28.500000,27.875000,28.250000,10.418906,387700
1996-12-26,28.125000,28.250000,27.875000,28.125000,10.372802,408800
1996-12-27,28.125000,28.125000,27.875000,28.125000,10.372802,334900
1996-12-30,28.125000,28.125000,27.875000,28.125000,10.372802,458600
1996-12-31,28.000000,28.000000,27.625000,27.625000,10.188396,320400
1997-01-02,27.750000,27.750000,27.375000,27.500000,10.142298,417300
1997-01-03,27.750000,28.125000,27.625000,27.625000,10.188396,394500
1997-01-06,27.750000,27.875000,27.500000,27.875000,10.280602,411600
1997-01-07,27.750000,28.000000,27.625000,27.875000,10.280602,666900
1997-01-08,28.000000,28.375000,28.000000,28.250000,10.418906,341300
1997-01-09,28.375000,28.375000,28.000000,28.000000,10.326705,1118200
1997-01-10,27.750000,27.875000,27.500000,27.625000,10.188396,610900
1997-01-13,27.750000,27.937500,27.625000,27.750000,10.234504,478000
1997-01-14,27.875000,28.125000,27.750000,27.875000,10.280602,257400
1997-01-15,27.750000,28.250000,27.750000,28.250000,10.418906,1035700
1997-01-16,28.125000,28.250000,27.750000,27.875000,10.280602,940500
1997-01-17,27.750000,27.875000,27.750000,27.875000,10.280602,743100
1997-01-20,27.750000,27.750000,27.625000,27.750000,10.234504,275000
1997-01-21,27.625000,27.625000,27.375000,27.500000,10.142298,449800
1997-01-22,27.750000,27.750000,27.500000,27.625000,10.188396,606800
1997-01-23,27.750000,28.000000,27.625000,27.625000,10.188396,831000
1997-01-24,27.500000,27.500000,27.250000,27.250000,10.050088,488000
1997-01-27,27.250000,27.250000,26.625000,26.750000,9.865691,1272700
1997-01-28,26.875000,27.000000,26.375000,26.625000,9.819588,729200
1997-01-29,26.625000,26.750000,26.125000,26.250000,9.681283,501900
1997-01-30,26.500000,26.625000,26.250000,26.500000,9.773488,451000
1997-01-31,26.625000,27.375000,26.250000,27.250000,10.050088,903500
1997-02-03,26.750000,26.875000,26.625000,26.750000,9.865691,266200
1997-02-04,26.750000,27.125000,26.750000,26.875000,9.911790,395800
1997-02-05,27.125000,27.125000,26.375000,26.375000,9.727386,399000
1997-02-06,26.375000,26.500000,26.125000,26.375000,9.727386,330000
1997-02-07,26.500000,26.750000,26.375000,26.750000,9.865691,3560700
1997-02-10,26.375000,27.000000,26.250000,26.250000,9.846933,3101800
1997-02-11,26.500000,26.625000,26.500000,26.625000,9.987605,1010400
1997-02-12,26.500000,26.750000,26.500000,26.750000,10.034493,1094600
1997-02-13,26.750000,27.250000,26.625000,27.250000,10.222049,1225100
1997-02-14,27.000000,27.000000,26.625000,26.750000,10.034493,2198600
1997-02-18,26.750000,26.875000,26.625000,26.875000,10.081384,392000
1997-02-19,26.750000,26.875000,26.625000,26.625000,9.987605,544000
1997-02-20,26.750000,26.750000,26.500000,26.500000,9.940715,622300
1997-02-21,26.625000,26.625000,26.500000,26.625000,9.987605,489800
1997-02-24,26.500000,26.875000,26.500000,26.750000,10.034493,673300
1997-02-25,26.625000,26.687500,26.500000,26.625000,9.987605,311300
1997-02-26,26.500000,26.500000,26.250000,26.500000,9.940715,549800
1997-02-27,26.500000,26.500000,26.000000,26.000000,9.753148,230100
1997-02-28,26.125000,26.375000,26.125000,26.375000,9.893825,506700
1997-03-03,26.250000,26.500000,26.250000,26.500000,9.940715,437000
1997-03-04,26.625000,26.750000,26.500000,26.750000,10.034493,341800
1997-03-05,26.750000,27.000000,26.625000,26.875000,10.081384,467800
1997-03-06,26.875000,26.875000,26.000000,26.500000,9.940715,690800
1997-03-07,26.375000,26.625000,26.375000,26.500000,9.940715,470200
1997-03-10,26.375000,26.375000,26.125000,26.125000,9.800042,409800
1997-03-11,26.125000,26.250000,25.937500,26.000000,9.753148,421200
1997-03-12,26.000000,26.125000,25.875000,26.125000,9.800042,586300
1997-03-13,25.875000,26.000000,25.750000,25.750000,9.659374,348800
1997-03-14,25.750000,25.875000,25.375000,25.625000,9.612483,344200
1997-03-17,25.375000,26.125000,25.250000,26.000000,9.753148,532800
1997-03-18,25.875000,25.875000,25.375000,25.500000,9.565591,431000
1997-03-19,25.500000,25.625000,25.250000,25.500000,9.565591,496300
1997-03-20,25.375000,25.375000,24.875000,25.000000,9.378034,583400
1997-03-21,25.125000,25.125000,24.750000,25.000000,9.378034,903400
1997-03-24,25.000000,25.000000,24.687500,24.750000,9.284249,569100
1997-03-25,24.875000,25.500000,24.875000,25.250000,9.471810,621000
1997-03-26,25.125000,25.125000,24.500000,24.625000,9.237361,539000
1997-03-27,24.625000,24.625000,24.250000,24.250000,9.096690,510800
1997-03-31,24.125000,24.750000,24.000000,24.500000,9.190474,405400
1997-04-01,24.125000,24.375000,24.000000,24.250000,9.096690,456400
1997-04-02,24.250000,24.625000,24.125000,24.250000,9.096690,240500
1997-04-03,24.000000,24.125000,23.750000,23.875000,8.956021,478900
1997-04-04,23.625000,23.875000,23.625000,23.750000,8.909131,778300
1997-04-07,23.750000,23.750000,23.625000,23.750000,8.909131,679600
1997-04-08,23.750000,24.000000,23.375000,23.500000,8.815347,756900
1997-04-09,23.500000,23.500000,23.250000,23.250000,8.721573,509500
1997-04-10,23.250000,23.375000,23.000000,23.250000,8.721573,847400
1997-04-11,23.000000,23.125000,22.625000,22.750000,8.534010,638000
1997-04-14,22.750000,22.875000,22.375000,22.875000,8.580905,475400
1997-04-15,22.875000,23.125000,22.750000,23.000000,8.627788,1161100
1997-04-16,22.875000,23.125000,22.500000,23.125000,8.674673,1500100
1997-04-17,23.250000,23.250000,23.000000,23.125000,8.674673,647900
1997-04-18,23.250000,23.500000,23.125000,23.375000,8.768459,549700
1997-04-21,23.500000,23.500000,23.125000,23.250000,8.721573,625200
1997-04-22,23.125000,23.375000,23.125000,23.375000,8.768459,488300
1997-04-23,23.375000,23.375000,23.250000,23.375000,8.768459,282500
1997-04-24,23.375000,23.500000,23.000000,23.125000,8.674673,1355100
1997-04-25,23.125000,23.250000,22.875000,23.125000,8.674673,647600
1997-04-28,23.000000,23.375000,23.000000,23.250000,8.721573,768600
1997-04-29,23.625000,23.625000,23.375000,23.500000,8.815347,677100
1997-04-30,23.500000,23.500000,23.000000,23.375000,8.768459,649500
1997-05-01,23.250000,23.500000,23.125000,23.500000,8.815347,617300
1997-05-02,23.500000,23.875000,23.375000,23.750000,8.909131,325800
1997-05-05,23.875000,24.625000,23.875000,24.625000,9.237361,975400
1997-05-06,24.625000,25.375000,24.625000,25.250000,9.471810,1118000
1997-05-07,25.375000,25.500000,24.937500,25.000000,9.378034,633600
1997-05-08,24.875000,25.500000,24.750000,25.500000,9.565591,1015400
1997-05-09,25.375000,25.500000,24.875000,25.250000,9.471810,3725200
1997-05-12,24.875000,25.250000,24.750000,25.125000,9.595935,3087100
1997-05-13,25.125000,25.500000,25.000000,25.375000,9.691422,1089600
1997-05-14,25.625000,26.250000,25.500000,26.250000,10.025608,1138700
1997-05-15,26.000000,26.250000,25.937500,26.125000,9.977866,964800
1997-05-16,26.125000,26.250000,25.875000,26.250000,10.025608,837900
1997-05-19,25.875000,26.000000,25.500000,25.875000,9.882386,395900
1997-05-20,25.750000,25.875000,25.625000,25.625000,9.786903,856300
1997-05-21,25.625000,25.625000,25.250000,25.375000,9.691422,683500
1997-05-22,25.375000,25.500000,25.250000,25.500000,9.739160,311300
1997-05-23,25.375000,25.625000,25.250000,25.375000,9.691422,217900
1997-05-27,25.375000,26.000000,25.250000,26.000000,9.930121,761300
1997-05-28,26.000000,26.312500,25.750000,26.250000,10.025608,559400
1997-05-29,26.250000,26.250000,26.000000,26.125000,9.977866,333400
1997-05-30,26.125000,26.500000,26.125000,26.375000,10.073349,797300
1997-06-02,26.500000,26.625000,26.125000,26.500000,10.121092,373700
1997-06-03,26.500000,26.625000,26.375000,26.500000,10.121092,525100
1997-06-04,26.625000,26.875000,26.375000,26.875000,10.264312,464600
1997-06-05,26.875000,27.250000,26.875000,27.250000,10.407531,856000
1997-06-06,27.250000,27.250000,27.000000,27.000000,10.312051,310200
1997-06-09,27.125000,27.125000,26.625000,26.750000,10.216572,483700
1997-06-10,26.875000,26.875000,26.125000,26.250000,10.025608,1448900
1997-06-11,26.500000,27.000000,26.375000,26.750000,10.216572,906400
1997-06-12,27.000000,27.000000,26.625000,26.750000,10.216572,769000
1997-06-13,26.625000,26.875000,26.625000,26.750000,10.216572,394900
1997-06-16,27.000000,27.000000,26.750000,26.875000,10.264312,294700
1997-06-17,26.750000,27.500000,26.625000,27.375000,10.455279,547500
1997-06-18,27.250000,27.500000,27.125000,27.250000,10.407531,545300
1997-06-19,27.500000,27.500000,27.125000,27.125000,10.359797,584000
1997-06-20,27.125000,27.375000,27.125000,27.250000,10.407531,861200
1997-06-23,27.375000,27.375000,26.875000,27.000000,10.312051,425700
1997-06-24,26.875000,26.875000,26.562500,26.625000,10.168834,488100
1997-06-25,26.625000,27.125000,26.625000,26.812500,10.240440,537200
1997-06-26,26.812500,27.000000,26.375000,26.437500,10.097217,578900
1997-06-27,26.562500,27.000000,26.500000,27.000000,10.312051,897100
1997-06-30,26.937500,27.500000,26.687500,27.500000,10.503020,670000
1997-07-01,27.250000,27.500000,26.750000,26.812500,10.240440,399200
1997-07-02,27.062500,27.437500,27.000000,27.437500,10.479140,471700
1997-07-03,27.625000,27.875000,27.562500,27.875000,10.646239,261000
1997-07-07,28.000000,28.000000,27.500000,27.562500,10.526885,597000
1997-07-08,27.437500,27.687500,27.312500,27.562500,10.526885,377600
1997-07-09,27.562500,27.875000,27.312500,27.875000,10.646239,1522700
1997-07-10,27.750000,27.937500,27.500000,27.812500,10.622370,263000
1997-07-11,27.875000,27.937500,27.562500,27.562500,10.526885,286300
1997-07-14,27.625000,27.750000,27.500000,27.562500,10.526885,503300
1997-07-15,27.500000,27.875000,27.250000,27.812500,10.622370,505600
1997-07-16,27.937500,28.000000,27.500000,27.687500,10.574629,742800
1997-07-17,27.500000,27.625000,27.312500,27.625000,10.550755,959700
1997-07-18,27.500000,27.562500,27.000000,27.250000,10.407531,633500
1997-07-21,27.000000,27.000000,26.437500,26.812500,10.240440,563300
1997-07-22,26.812500,27.312500,26.750000,27.312500,10.431404,561400
1997-07-23,27.375000,27.437500,26.875000,26.937500,10.288185,1280600
1997-07-24,26.812500,26.875000,26.437500,26.562500,10.144963,535000
1997-07-25,26.625000,26.625000,26.250000,26.437500,10.097217,738500
1997-07-28,26.500000,26.875000,26.437500,26.875000,10.264312,689200
1997-07-29,26.875000,27.125000,26.687500,27.125000,10.359797,687700
1997-07-30,27.187500,27.312500,27.062500,27.125000,10.359797,653000
1997-07-31,27.187500,27.375000,27.000000,27.312500,10.431404,859000
1997-08-01,26.750000,26.750000,26.375000,26.500000,10.121092,786100
1997-08-04,26.500000,26.562500,26.312500,26.375000,10.073349,1683200
1997-08-05,26.375000,26.437500,26.125000,26.250000,10.025608,545900
1997-08-06,26.375000,26.500000,26.187500,26.375000,10.073349,449700
1997-08-07,26.312500,26.562500,26.125000,26.250000,10.025608,1260600
1997-08-08,26.125000,26.187500,25.625000,25.937500,9.906256,2613600
1997-08-11,25.500000,25.687500,25.125000,25.437500,9.886827,1522400
1997-08-12,25.437500,25.500000,24.875000,25.062500,9.741072,598300
1997-08-13,25.250000,25.437500,25.125000,25.375000,9.862532,588400
1997-08-14,25.375000,25.500000,25.250000,25.375000,9.862532,543500
1997-08-15,25.375000,25.437500,24.687500,24.687500,9.595320,427800
1997-08-18,24.750000,24.937500,24.500000,24.937500,9.692487,480000
1997-08-19,25.062500,25.187500,24.750000,24.937500,9.692487,463800
1997-08-20,24.875000,25.000000,24.812500,24.875000,9.668197,410400
1997-08-21,24.875000,25.062500,24.562500,24.625000,9.571026,1394500
1997-08-22,24.312500,24.687500,24.062500,24.687500,9.595320,1085800
1997-08-25,24.562500,24.812500,24.437500,24.812500,9.643904,656800
1997-08-26,24.812500,25.000000,24.750000,24.875000,9.668197,408400
1997-08-27,24.687500,24.812500,24.562500,24.750000,9.619608,722000
1997-08-28,24.812500,25.187500,24.750000,25.015625,9.722853,668900
1997-08-29,25.062500,25.187500,24.625000,24.812500,9.643904,371700
1997-09-02,24.875000,25.250000,24.875000,25.000000,9.716779,865800
1997-09-03,25.250000,25.312500,24.937500,24.937500,9.692487,390700
1997-09-04,25.000000,25.312500,25.000000,25.250000,9.813944,311200
1997-09-05,25.250000,25.375000,25.062500,25.250000,9.813944,417600
1997-09-08,25.437500,25.500000,25.250000,25.312500,9.838243,142200
1997-09-09,25.187500,25.937500,25.187500,25.812500,10.032577,873400
1997-09-10,25.687500,25.875000,25.375000,25.375000,9.862532,438300
1997-09-11,25.312500,25.437500,25.062500,25.187500,9.789651,501000
1997-09-12,25.250000,25.562500,25.000000,25.125000,9.765361,1138700
1997-09-15,25.125000,25.484375,25.062500,25.250000,9.813944,964500
1997-09-16,25.437500,25.687500,25.312500,25.625000,9.959698,690600
1997-09-17,25.625000,25.687500,25.125000,25.187500,9.789651,585500
1997-09-18,25.250000,25.625000,25.187500,25.500000,9.911112,550400
1997-09-19,25.500000,25.750000,25.500000,25.500000,9.911112,570900
1997-09-22,25.500000,25.687500,25.250000,25.250000,9.813944,393900
1997-09-23,25.375000,25.437500,25.187500,25.437500,9.886827,570300
1997-09-24,25.687500,25.937500,25.625000,25.750000,10.008281,1228300
1997-09-25,25.625000,25.812500,25.562500,25.750000,10.008281,474400
1997-09-26,25.812500,26.125000,25.812500,26.125000,10.154032,717900
1997-09-29,26.125000,26.125000,25.875000,26.062500,10.129742,411900
1997-09-30,26.062500,26.187500,25.937500,26.062500,10.129742,548400
1997-10-01,25.250000,25.312500,25.000000,25.312500,9.838243,1758700
1997-10-02,25.375000,25.875000,25.250000,25.875000,10.056868,1769200
1997-10-03,26.125000,26.187500,25.625000,25.875000,10.056868,1790400
1997-10-06,25.875000,25.875000,25.250000,25.312500,9.838243,1326200
1997-10-07,25.375000,25.375000,24.687500,24.812500,9.643904,1658500
1997-10-08,24.875000,24.875000,24.375000,24.500000,9.522445,1423200
1997-10-09,24.375000,24.625000,24.312500,24.625000,9.571026,1484500
1997-10-10,24.562500,25.187500,24.500000,25.062500,9.741072,1978800
1997-10-13,25.125000,25.250000,25.000000,25.250000,9.813944,803400
1997-10-14,25.562500,25.562500,25.250000,25.375000,9.862532,744300
1997-10-15,25.437500,25.500000,25.281250,25.375000,9.862532,764700
1997-10-16,25.375000,25.562500,25.375000,25.437500,9.886827,1077500
1997-10-17,25.375000,25.625000,25.187500,25.625000,9.959698,1350600
1997-10-20,25.500000,26.000000,25.375000,25.562500,9.935410,782100
1997-10-21,25.500000,26.062500,25.500000,26.000000,10.105447,3425200
1997-10-22,26.000000,26.000000,25.625000,25.750000,10.008281,434800
1997-10-23,25.500000,25.687500,25.437500,25.562500,9.935410,345800
1997-10-24,25.562500,25.750000,25.437500,25.625000,9.959698,646200
1997-10-27,25.437500,25.687500,24.500000,24.500000,9.522445,526400
1997-10-28,23.875000,24.750000,23.000000,24.750000,9.619608,1015600
1997-10-29,24.687500,25.187500,24.250000,24.875000,9.668197,980000
1997-10-30,24.750000,25.000000,24.750000,24.812500,9.643904,868200
1997-10-31,24.875000,24.875000,24.375000,24.375000,9.473859,919600
1997-11-03,24.625000,24.750000,24.437500,24.750000,9.619608,579900
1997-11-04,24.750000,24.937500,24.687500,24.687500,9.595320,846900
1997-11-05,24.875000,24.937500,24.625000,24.625000,9.571026,490200
1997-11-06,24.687500,24.750000,24.000000,24.437500,9.498149,3870400
1997-11-07,23.562500,23.562500,23.218750,23.437500,9.280370,3181300
1997-11-10,23.437500,24.062500,23.312500,24.062500,9.527849,983000
1997-11-11,24.062500,24.250000,24.062500,24.187500,9.577341,1963000
1997-11-12,24.000000,24.687500,24.000000,24.562500,9.725830,1820100
1997-11-13,24.625000,24.687500,24.375000,24.375000,9.651583,568800
1997-11-14,24.437500,24.546875,24.125000,24.125000,9.552593,462100
1997-11-17,24.750000,24.750000,24.562500,24.750000,9.800070,811900
1997-11-18,24.750000,24.812500,24.437500,24.562500,9.725830,724200
1997-11-19,24.562500,24.750000,24.312500,24.500000,9.701080,517300
1997-11-20,24.562500,25.250000,24.562500,25.062500,9.923810,636200
1997-11-21,25.187500,25.375000,24.812500,25.375000,10.047548,528200
1997-11-24,25.250000,25.625000,25.187500,25.437500,10.072294,1606600
1997-11-25,25.000000,25.312500,24.687500,25.250000,9.998052,1461400
1997-11-26,25.250000,25.687500,25.125000,25.625000,10.146537,782200
1997-11-28,25.687500,26.062500,25.625000,26.000000,10.295026,371500
1997-12-01,26.062500,26.437500,26.031250,26.437500,10.468258,1170900
1997-12-02,26.500000,26.500000,26.187500,26.312500,10.418760,470200
1997-12-03,26.312500,26.500000,26.250000,26.250000,10.394013,2327900
1997-12-04,26.312500,26.312500,26.062500,26.062500,10.319775,675100
1997-12-05,26.000000,26.437500,26.000000,26.250000,10.394013,355800
1997-12-08,26.437500,26.437500,26.187500,26.437500,10.468258,371300
1997-12-09,26.375000,26.437500,26.312500,26.437500,10.468258,483600
1997-12-10,26.437500,26.875000,26.437500,26.875000,10.641490,611800
1997-12-11,26.875000,27.250000,26.812500,26.875000,10.641490,842400
1997-12-12,26.937500,27.687500,26.687500,27.500000,10.888971,656800
1997-12-15,27.375000,27.437500,27.062500,27.437500,10.864221,756000
1997-12-16,27.562500,27.937500,27.375000,27.562500,10.913717,424100
1997-12-17,27.687500,27.687500,27.437500,27.625000,10.938464,510500
1997-12-18,27.625000,27.750000,27.437500,27.750000,10.987964,418600
1997-12-19,27.125000,28.000000,27.125000,27.875000,11.037457,843800
1997-12-22,27.937500,28.625000,27.500000,28.625000,11.334425,775700
1997-12-23,28.562500,29.187500,28.000000,28.625000,11.334425,1064000
1997-12-24,29.125000,29.375000,28.875000,29.062500,11.507665,311600
1997-12-26,29.187500,29.437500,28.937500,28.937500,11.458165,191100
1997-12-29,29.187500,30.000000,29.125000,29.750000,11.779886,1250000
1997-12-30,29.875000,30.000000,29.687500,29.937500,11.854128,432200
1997-12-31,30.000000,30.250000,29.937500,29.937500,11.854128,413200
1998-01-02,29.937500,30.125000,29.562500,29.750000,11.779886,547800
1998-01-05,29.562500,30.000000,28.937500,29.125000,11.532406,1167100
1998-01-06,29.000000,29.250000,28.625000,28.687500,11.359173,503400
1998-01-07,28.687500,28.687500,28.000000,28.500000,11.284930,1098100
1998-01-08,28.437500,28.562500,27.937500,28.500000,11.284930,982400
1998-01-09,28.500000,28.562500,27.875000,27.875000,11.037457,814600
1998-01-12,27.875000,28.625000,27.750000,28.562500,11.309678,744800
1998-01-13,28.625000,28.687500,27.812500,28.687500,11.359173,1306700
1998-01-14,28.750000,28.937500,28.437500,28.500000,11.284930,1242900
1998-01-15,28.437500,28.437500,27.625000,27.812500,11.012703,722800
1998-01-16,28.000000,28.500000,27.937500,28.000000,11.086949,621700
1998-01-20,28.187500,28.250000,27.937500,28.250000,11.185940,803300
1998-01-21,28.125000,28.812500,28.062500,28.687500,11.359173,866100
1998-01-22,28.500000,29.062500,28.375000,28.625000,11.334425,2032200
1998-01-23,28.625000,28.750000,28.437500,28.562500,11.309678,739900
1998-01-26,28.562500,28.812500,28.375000,28.500000,11.284930,316800
1998-01-27,28.500000,28.750000,28.437500,28.437500,11.260176,516300
1998-01-28,28.437500,28.750000,28.437500,28.500000,11.284930,430500
1998-01-29,28.562500,29.250000,28.437500,29.000000,11.482912,1351900
1998-01-30,28.875000,29.000000,28.625000,28.625000,11.334425,320500
1998-02-02,28.812500,29.250000,28.812500,28.937500,11.458165,612300
1998-02-03,29.062500,29.187500,28.937500,29.062500,11.507665,413600
1998-02-04,29.000000,29.187500,28.875000,29.000000,11.482912,291100
1998-02-05,29.000000,29.062500,28.812500,28.937500,11.458165,405000
1998-02-06,28.937500,29.250000,28.937500,29.000000,11.482912,3039200
1998-02-09,28.687500,28.687500,28.187500,28.562500,11.487943,320800
1998-02-10,28.437500,28.812500,28.250000,28.750000,11.563354,1569100
1998-02-11,28.750000,28.750000,28.562500,28.687500,11.538212,390800
1998-02-12,28.687500,28.750000,28.375000,28.562500,11.487943,356000
1998-02-13,28.562500,28.812500,28.562500,28.812500,11.588490,478700
1998-02-17,28.750000,28.937500,28.562500,28.687500,11.538212,249400
1998-02-18,28.750000,29.000000,28.750000,28.937500,11.638766,1334900
1998-02-19,28.937500,29.000000,28.875000,28.937500,11.638766,260900
1998-02-20,28.937500,28.937500,28.750000,28.937500,11.638766,365600
1998-02-23,28.937500,29.000000,28.812500,28.937500,11.638766,277700
1998-02-24,28.875000,29.062500,28.812500,29.000000,11.663903,572100
1998-02-25,29.062500,29.250000,28.937500,29.000000,11.663903,886900
1998-02-26,29.000000,29.125000,28.937500,29.000000,11.663903,963100
1998-02-27,28.937500,28.937500,28.750000,28.937500,11.638766,525600
1998-03-02,28.812500,28.937500,28.812500,28.937500,11.638766,458000
1998-03-03,28.937500,28.937500,28.812500,28.875000,11.613630,499300
1998-03-04,28.812500,29.125000,28.812500,29.062500,11.689048,387900
1998-03-05,29.062500,29.062500,28.625000,28.812500,11.588490,416400
1998-03-06,28.062500,28.062500,27.312500,28.000000,11.261701,3951400
1998-03-09,27.875000,28.750000,27.812500,28.375000,11.412528,4595600
1998-03-10,28.500000,28.625000,28.312500,28.437500,11.437660,3440000
1998-03-11,28.437500,28.500000,28.187500,28.187500,11.337114,1327000
1998-03-12,28.125000,28.125000,27.812500,27.812500,11.186284,428200
1998-03-13,27.750000,27.812500,27.687500,27.750000,11.161145,1180700
1998-03-16,27.875000,27.937500,27.625000,27.812500,11.186284,589400
1998-03-17,27.812500,28.312500,27.812500,28.312500,11.387391,2504400
1998-03-18,28.250000,28.375000,27.875000,28.062500,11.286839,1011600
1998-03-19,28.000000,28.187500,27.875000,28.125000,11.311977,397100
1998-03-20,28.312500,29.000000,28.250000,29.000000,11.663903,999400
1998-03-23,28.812500,29.125000,28.687500,29.062500,11.689048,1807400
1998-03-24,29.187500,29.187500,28.875000,29.062500,11.689048,500500
1998-03-25,29.062500,29.250000,29.000000,29.062500,11.689048,896200
1998-03-26,29.125000,29.125000,29.000000,29.000000,11.663903,1310900
1998-03-27,29.062500,29.125000,29.000000,29.062500,11.689048,567800
1998-03-30,29.062500,29.500000,29.062500,29.437500,11.839872,579400
1998-03-31,29.375000,29.812500,29.375000,29.750000,11.965553,470100
1998-04-01,29.562500,29.625000,29.312500,29.500000,11.865005,385300
1998-04-02,29.437500,29.437500,29.062500,29.375000,11.814731,610300
1998-04-03,29.250000,29.250000,29.000000,29.062500,11.689048,435700
1998-04-06,29.187500,29.250000,29.062500,29.187500,11.739314,514400
1998-04-07,29.125000,29.125000,28.812500,28.875000,11.613630,432700
1998-04-08,28.875000,29.312500,28.875000,29.125000,11.714182,879200
1998-04-09,29.125000,29.125000,28.937500,28.937500,11.638766,501500
1998-04-13,28.875000,28.875000,28.062500,28.312500,11.387391,755400
1998-04-14,28.250000,28.562500,28.250000,28.375000,11.412528,273700
1998-04-15,28.250000,28.250000,27.562500,27.750000,11.161145,851500
1998-04-16,27.875000,28.000000,27.562500,27.750000,11.161145,609500
1998-04-17,27.687500,28.000000,27.562500,28.000000,11.261701,1435100
1998-04-20,27.875000,27.937500,27.250000,27.437500,11.035460,295100
1998-04-21,27.375000,27.500000,27.062500,27.062500,10.884640,528400
1998-04-22,27.062500,27.375000,27.062500,27.250000,10.960043,289900
1998-04-23,27.000000,27.125000,26.625000,26.875000,10.809224,650800
1998-04-24,26.937500,27.437500,26.625000,27.000000,10.859499,1209200
1998-04-27,26.875000,26.937500,26.500000,26.562500,10.683537,421500
1998-04-28,26.500000,26.562500,25.500000,25.500000,10.256191,955200
1998-04-29,25.750000,25.812500,24.500000,24.562500,9.879127,1844800
1998-04-30,24.687500,24.937500,24.562500,24.875000,10.004812,2059800
1998-05-01,24.875000,25.250000,24.687500,25.187500,10.130500,1398400
1998-05-04,25.250000,25.875000,25.125000,25.812500,10.381885,1980100
1998-05-05,25.812500,25.937500,25.562500,25.750000,10.356747,949000
1998-05-06,25.562500,25.687500,25.375000,25.625000,10.306469,834100
1998-05-07,25.562500,25.625000,25.500000,25.625000,10.306469,1006800
1998-05-08,25.562500,25.937500,25.562500,25.687500,10.331603,3333900
1998-05-11,25.187500,25.437500,24.875000,25.000000,10.234379,1539100
1998-05-12,25.000000,25.187500,24.875000,24.875000,10.183209,796500
1998-05-13,24.875000,24.937500,24.750000,24.750000,10.132034,487200
1998-05-14,24.750000,24.937500,24.625000,24.687500,10.106448,398100
1998-05-15,24.750000,24.812500,24.000000,24.187500,9.901762,433900
1998-05-18,24.187500,24.625000,24.187500,24.625000,10.080860,386300
1998-05-19,24.562500,24.687500,24.000000,24.062500,9.850593,304300
1998-05-20,24.187500,24.187500,23.875000,23.937500,9.799420,1006500
1998-05-21,24.000000,24.125000,23.437500,23.625000,9.671485,2966300
1998-05-22,23.500000,23.500000,23.250000,23.437500,9.594729,455500
1998-05-26,23.625000,24.000000,23.625000,23.812500,9.748243,763900
1998-05-27,25.000000,25.937500,24.875000,25.625000,10.490237,4123400
1998-05-28,25.500000,25.875000,25.375000,25.812500,10.566998,2981200
1998-05-29,25.875000,26.500000,25.875000,26.312500,10.771684,1490400
1998-06-01,26.312500,27.000000,26.250000,27.000000,11.053128,1116600
1998-06-02,27.375000,27.437500,26.750000,26.750000,10.950787,740900
1998-06-03,26.812500,27.062500,26.750000,27.000000,11.053128,624300
1998-06-04,26.812500,27.187500,26.750000,27.125000,11.104299,692300
1998-06-05,27.062500,27.187500,26.812500,27.000000,11.053128,935300
1998-06-08,27.062500,27.250000,26.937500,27.187500,11.129885,628800
1998-06-09,27.312500,27.375000,26.937500,27.125000,11.104299,399000
1998-06-10,27.187500,27.562500,27.125000,27.312500,11.181058,701500
1998-06-11,27.250000,27.500000,27.062500,27.500000,11.257818,722300
1998-06-12,27.562500,27.562500,27.312500,27.500000,11.257818,388500
1998-06-15,27.500000,27.937500,27.437500,27.812500,11.385743,590200
1998-06-16,27.812500,27.937500,27.750000,27.937500,11.436915,835200
1998-06-17,27.937500,28.187500,27.875000,28.125000,11.513680,1248300
1998-06-18,28.312500,28.500000,28.250000,28.375000,11.616022,1326900
1998-06-19,28.562500,28.687500,28.500000,28.687500,11.743948,2145100
1998-06-22,28.687500,29.000000,28.625000,28.875000,11.820705,1266700
1998-06-23,28.937500,29.125000,28.750000,28.812500,11.795120,1791200
1998-06-24,28.687500,28.812500,28.500000,28.687500,11.743948,710200
1998-06-25,28.625000,28.625000,27.812500,27.937500,11.436915,1113900
1998-06-26,28.000000,28.062500,27.750000,28.062500,11.488087,726700
1998-06-29,28.062500,28.812500,28.062500,28.500000,11.667188,969800
1998-06-30,28.687500,28.875000,28.625000,28.750000,11.769538,2690100
1998-07-01,28.687500,28.812500,28.625000,28.750000,11.769538,2786800
1998-07-02,28.750000,28.937500,28.500000,28.812500,11.795120,649600
1998-07-06,28.875000,29.000000,28.812500,28.875000,11.820705,696000
1998-07-07,28.875000,28.937500,28.375000,28.500000,11.667188,514500
1998-07-08,28.562500,28.562500,28.312500,28.437500,11.641603,471600
1998-07-09,28.437500,28.562500,28.375000,28.437500,11.641603,668600
1998-07-10,28.312500,28.312500,27.875000,27.937500,11.436915,804500
1998-07-13,28.000000,28.000000,27.500000,27.562500,11.283400,1076900
1998-07-14,27.562500,27.875000,27.562500,27.812500,11.385743,414500
1998-07-15,27.437500,27.875000,27.437500,27.812500,11.385743,814600
1998-07-16,27.625000,27.625000,27.437500,27.500000,11.257818,529900
1998-07-17,27.437500,27.625000,27.125000,27.625000,11.308987,790000
1998-07-20,27.625000,27.625000,27.187500,27.375000,11.206645,428500
1998-07-21,27.375000,27.375000,27.000000,27.062500,11.078715,351400
1998-07-22,27.125000,27.812500,27.062500,27.812500,11.385743,733100
1998-07-23,27.750000,27.812500,27.375000,27.500000,11.257818,211000
1998-07-24,27.500000,27.687500,27.437500,27.687500,11.334571,512900
1998-07-27,27.500000,27.812500,27.500000,27.687500,11.334571,435900
1998-07-28,27.562500,27.562500,26.937500,27.000000,11.053128,666600
1998-07-29,27.062500,27.187500,26.812500,26.937500,11.027541,797900
1998-07-30,27.125000,27.437500,27.125000,27.187500,11.129885,441000
1998-07-31,27.187500,27.687500,26.937500,27.375000,11.206645,983000
1998-08-03,27.375000,27.625000,26.937500,27.312500,11.181058,676700
1998-08-04,27.312500,27.500000,27.125000,27.187500,11.129885,1238200
1998-08-05,27.062500,27.250000,26.687500,26.937500,11.027541,634900
1998-08-06,26.812500,27.250000,26.812500,27.187500,11.129885,480800
1998-08-07,27.125000,27.312500,26.812500,27.125000,11.104299,544300
1998-08-10,26.562500,26.750000,26.250000,26.312500,10.892146,573200
1998-08-11,26.187500,26.875000,26.187500,26.812500,11.099128,457800
1998-08-12,26.687500,27.750000,26.562500,27.500000,11.383725,670200
1998-08-13,27.625000,27.687500,27.000000,27.312500,11.306105,758300
1998-08-14,27.312500,27.687500,27.000000,27.187500,11.254358,719700
1998-08-17,27.125000,27.812500,27.125000,27.812500,11.513083,389900
1998-08-18,27.562500,27.687500,27.375000,27.562500,11.409586,302200
1998-08-19,27.687500,27.812500,27.125000,27.375000,11.331973,657600
1998-08-20,27.625000,27.625000,27.375000,27.562500,11.409586,358900
1998-08-21,27.562500,28.125000,27.437500,28.125000,11.642441,610900
1998-08-24,28.500000,28.687500,28.250000,28.687500,11.875289,432800
1998-08-25,28.875000,28.875000,28.375000,28.437500,11.771799,401700
1998-08-26,28.187500,29.000000,28.187500,28.750000,11.901161,1214700
1998-08-27,28.500000,28.687500,28.187500,28.375000,11.745928,1076900
1998-08-28,28.312500,28.687500,28.250000,28.562500,11.823544,1126600
1998-08-31,28.562500,29.625000,28.562500,28.812500,11.927027,727400
1998-09-01,28.812500,29.125000,28.375000,28.687500,11.875289,1051500
1998-09-02,28.687500,28.687500,27.875000,27.937500,11.564823,442300
1998-09-03,27.500000,28.000000,27.437500,27.625000,11.435458,354300
1998-09-04,27.562500,28.375000,27.437500,28.312500,11.720061,572200
1998-09-08,28.125000,29.312500,27.812500,29.125000,12.056392,780800
1998-09-09,29.000000,29.437500,28.875000,29.250000,12.108137,700700
1998-09-10,28.500000,29.687500,28.500000,29.562500,12.237500,911400
1998-09-11,29.437500,29.562500,29.125000,29.500000,12.211626,693900
1998-09-14,29.500000,29.750000,29.500000,29.750000,12.315115,480700
1998-09-15,29.562500,30.250000,29.437500,30.250000,12.522089,911800
1998-09-16,30.062500,30.750000,29.937500,30.750000,12.729071,526400
1998-09-17,30.312500,30.687500,30.125000,30.562500,12.651448,529700
1998-09-18,30.687500,30.812500,30.500000,30.625000,12.677323,1789900
1998-09-21,30.625000,30.812500,30.312500,30.500000,12.625577,2601200
1998-09-22,30.500000,30.687500,30.375000,30.437500,12.599707,1112100
1998-09-23,30.437500,30.562500,29.937500,30.062500,12.444474,1317300
1998-09-24,30.062500,30.125000,29.437500,29.937500,12.392723,997500
1998-09-25,29.750000,30.125000,29.687500,29.687500,12.289240,881000
1998-09-28,29.562500,29.875000,29.562500,29.562500,12.237500,866900
1998-09-29,29.625000,30.187500,29.562500,30.062500,12.444474,643200
1998-09-30,30.125000,30.750000,30.125000,30.750000,12.729071,845800
1998-10-01,30.750000,30.812500,30.625000,30.750000,12.729071,561400
1998-10-02,30.812500,31.437500,30.687500,31.125000,12.884296,1150400
1998-10-05,31.125000,31.750000,30.937500,31.625000,13.091275,633300
1998-10-06,31.750000,31.750000,31.000000,31.375000,12.987783,672900
1998-10-07,31.500000,32.000000,31.312500,31.500000,13.039530,2029400
1998-10-08,31.562500,31.937500,31.375000,31.562500,13.065400,989700
1998-10-09,31.625000,31.625000,29.812500,29.937500,12.392723,865300
1998-10-12,29.812500,29.875000,28.875000,29.187500,12.082263,591800
1998-10-13,29.500000,29.687500,29.187500,29.625000,12.263366,963400
1998-10-14,29.812500,31.125000,29.812500,30.000000,12.418605,1273000
1998-10-15,30.000000,31.125000,29.937500,30.625000,12.677323,1000900
1998-10-16,31.687500,31.750000,29.687500,30.125000,12.470343,780600
1998-10-19,30.500000,30.500000,29.312500,29.312500,12.134006,482400
1998-10-20,29.500000,29.500000,28.875000,28.875000,11.952896,668600
1998-10-21,28.875000,28.875000,28.062500,28.625000,11.849413,480800
1998-10-22,28.562500,29.125000,28.562500,29.125000,12.056392,348300
1998-10-23,29.312500,29.437500,28.500000,28.687500,11.875289,361300
1998-10-26,28.687500,28.812500,28.375000,28.437500,11.771799,358400
1998-10-27,28.500000,28.937500,28.437500,28.500000,11.797666,500200
1998-10-28,28.625000,28.812500,28.125000,28.500000,11.797666,510300
1998-10-29,28.625000,28.625000,28.125000,28.500000,11.797666,587100
1998-10-30,28.562500,28.812500,28.250000,28.750000,11.901161,567800
1998-11-02,29.125000,29.687500,29.000000,29.625000,12.263366,729600
1998-11-03,29.625000,30.062500,29.062500,30.062500,12.444474,1099600
1998-11-04,30.187500,30.187500,29.812500,30.187500,12.496216,898400
1998-11-05,30.187500,30.187500,29.687500,29.937500,12.392723,432900
1998-11-06,29.875000,30.250000,29.750000,30.125000,12.470343,841800
1998-11-09,29.875000,29.875000,29.187500,29.437500,12.308326,905900
1998-11-10,29.437500,30.062500,29.375000,29.937500,12.517380,524500
1998-11-11,30.000000,30.000000,29.375000,29.562500,12.360593,381900
1998-11-12,29.562500,29.812500,29.500000,29.562500,12.360593,199100
1998-11-13,29.500000,29.875000,29.375000,29.750000,12.438988,390000
1998-11-16,29.812500,29.937500,29.562500,29.812500,12.465123,310900
1998-11-17,29.937500,29.937500,29.500000,29.500000,12.334457,254500
1998-11-18,29.312500,29.375000,28.937500,29.187500,12.203795,442000
1998-11-19,29.250000,29.375000,28.937500,29.125000,12.177665,267800
1998-11-20,29.625000,29.625000,29.250000,29.312500,12.256057,719800
1998-11-23,29.500000,29.750000,29.437500,29.750000,12.438988,309200
1998-11-24,29.750000,30.187500,29.562500,30.062500,12.569649,794300
1998-11-25,30.250000,30.375000,30.000000,30.125000,12.595778,552500
1998-11-27,30.062500,30.125000,29.937500,30.000000,12.543520,667200
1998-11-30,30.125000,30.125000,29.312500,29.312500,12.256057,620700
1998-12-01,29.500000,30.250000,29.312500,30.000000,12.543520,1104100
1998-12-02,30.250000,30.250000,29.937500,30.062500,12.569649,461100
1998-12-03,29.875000,30.187500,29.875000,29.937500,12.517380,241400
1998-12-04,30.000000,30.437500,29.937500,30.437500,12.726441,340600
1998-12-07,30.437500,30.812500,30.437500,30.812500,12.883238,362200
1998-12-08,30.625000,31.562500,30.500000,31.562500,13.196821,1441000
1998-12-09,31.500000,31.937500,31.375000,31.875000,13.327490,786000
1998-12-10,31.937500,31.937500,31.562500,31.562500,13.196821,740000
1998-12-11,31.625000,31.937500,31.562500,31.937500,13.353621,349400
1998-12-14,31.875000,32.062500,31.750000,31.750000,13.275218,476300
1998-12-15,31.875000,31.875000,31.750000,31.875000,13.327490,373600
1998-12-16,31.875000,32.250000,31.750000,32.187500,13.458147,571000
1998-12-17,32.187500,32.437500,32.187500,32.437500,13.562680,777300
1998-12-18,32.000000,32.312500,32.000000,32.312500,13.510412,532900
1998-12-21,32.187500,32.312500,32.062500,32.062500,13.405888,308800
1998-12-22,32.062500,32.062500,31.562500,31.750000,13.275218,235500
1998-12-23,31.875000,31.875000,31.500000,31.562500,13.196821,342200
1998-12-24,31.500000,31.562500,31.375000,31.375000,13.118423,209400
1998-12-28,31.437500,31.437500,31.125000,31.125000,13.013894,395000
1998-12-29,31.187500,31.437500,31.000000,31.250000,13.066164,1517400
1998-12-30,31.187500,31.187500,30.875000,30.937500,12.935500,442500
1998-12-31,31.000000,31.125000,30.625000,31.125000,13.013894,575300
1999-01-04,30.937500,31.437500,30.625000,30.937500,12.935500,434000
1999-01-05,30.937500,31.000000,30.687500,30.750000,12.857108,414400
1999-01-06,31.125000,31.437500,31.000000,31.125000,13.013894,1585500
1999-01-07,31.000000,31.125000,30.750000,30.750000,12.857108,431900
1999-01-08,30.750000,30.750000,30.250000,30.750000,12.857108,915600
1999-01-11,30.625000,30.687500,30.125000,30.312500,12.674177,470600
1999-01-12,30.250000,30.812500,30.187500,30.437500,12.726441,765700
1999-01-13,30.687500,30.687500,30.375000,30.500000,12.752573,318900
1999-01-14,30.375000,30.375000,30.000000,30.250000,12.648046,569600
1999-01-15,30.250000,30.437500,30.187500,30.312500,12.674177,314900
1999-01-19,30.125000,30.500000,29.625000,29.937500,12.517380,373900
1999-01-20,30.000000,30.000000,29.062500,29.312500,12.256057,475000
1999-01-21,29.875000,30.125000,29.687500,29.812500,12.465123,697200
1999-01-22,29.812500,30.187500,29.625000,30.125000,12.595778,1263600
1999-01-25,30.187500,30.312500,30.000000,30.062500,12.569649,468300
1999-01-26,30.062500,30.250000,29.937500,29.937500,12.517380,449200
1999-01-27,29.687500,30.062500,29.687500,29.750000,12.438988,424100
1999-01-28,29.625000,30.187500,29.625000,29.937500,12.517380,496800
1999-01-29,30.000000,30.000000,29.375000,29.437500,12.308326,639100
1999-02-01,29.562500,29.625000,28.937500,29.062500,12.151530,509000
1999-02-02,28.875000,29.437500,28.875000,29.437500,12.308326,1064700
1999-02-03,29.312500,29.500000,29.187500,29.312500,12.256057,1028200
1999-02-04,29.312500,29.312500,28.875000,29.062500,12.151530,630200
1999-02-05,29.000000,29.187500,28.750000,29.062500,12.151530,613400
1999-02-08,28.750000,29.250000,28.750000,29.000000,12.251874,1265700
1999-02-09,29.000000,29.187500,28.750000,28.875000,12.199051,396500
1999-02-10,28.750000,28.875000,28.375000,28.562500,12.067038,453900
1999-02-11,28.437500,28.562500,28.250000,28.562500,12.067038,324200
1999-02-12,28.562500,28.625000,28.250000,28.312500,11.961422,787100
1999-02-16,28.000000,28.750000,27.937500,28.375000,11.987821,635400
1999-02-17,28.312500,29.437500,28.312500,29.187500,12.331084,682600
1999-02-18,29.187500,30.000000,29.187500,29.875000,12.621536,937500
1999-02-19,29.750000,29.750000,29.125000,29.625000,12.515916,768500
1999-02-22,29.187500,29.562500,29.187500,29.500000,12.463108,563000
1999-02-23,29.437500,29.562500,29.312500,29.437500,12.436702,482300
1999-02-24,29.375000,29.500000,29.000000,29.125000,12.304681,733600
1999-02-25,28.937500,29.000000,28.437500,28.500000,12.040625,468300
1999-02-26,28.562500,28.562500,28.062500,28.250000,11.935014,411200
1999-03-01,27.750000,28.187500,27.687500,28.062500,11.855798,724300
1999-03-02,28.125000,28.687500,27.937500,28.187500,11.908607,850100
1999-03-03,28.187500,28.625000,28.062500,28.625000,12.093438,906700
1999-03-04,28.562500,29.312500,28.562500,29.312500,12.383889,809100
1999-03-05,29.375000,29.812500,29.375000,29.437500,12.436702,518300
1999-03-08,29.312500,29.312500,28.625000,28.875000,12.199051,1244000
1999-03-09,28.687500,28.937500,28.250000,28.437500,12.014227,912500
1999-03-10,28.500000,28.562500,28.250000,28.250000,11.935014,597100
1999-03-11,28.250000,28.562500,27.937500,28.375000,11.987821,932100
1999-03-12,28.500000,29.062500,28.437500,28.875000,12.199051,528000
1999-03-15,28.812500,28.937500,28.250000,28.375000,11.987821,516900
1999-03-16,28.437500,29.062500,28.375000,29.000000,12.251874,464900
1999-03-17,28.812500,29.125000,28.750000,29.000000,12.251874,581300
1999-03-18,29.000000,29.562500,29.000000,29.500000,12.463108,352900
1999-03-19,29.500000,29.593750,29.187500,29.500000,12.463108,801200
1999-03-22,29.437500,29.562500,29.187500,29.250000,12.357489,361200
1999-03-23,29.250000,29.312500,28.875000,28.937500,12.225471,205500
1999-03-24,28.937500,29.875000,28.812500,29.812500,12.595139,462800
1999-03-25,29.812500,30.062500,29.625000,29.937500,12.647938,535300
1999-03-26,29.812500,29.812500,29.062500,29.062500,12.278275,301500
1999-03-29,29.187500,29.437500,28.937500,29.000000,12.251874,250700
1999-03-30,28.625000,28.625000,28.312500,28.312500,11.961422,709100
1999-03-31,28.312500,28.375000,27.500000,27.500000,11.618161,300800
1999-04-01,27.312500,28.375000,27.312500,27.750000,11.723767,599800
1999-04-05,28.062500,29.000000,28.062500,28.875000,12.199051,592600
1999-04-06,28.875000,28.875000,28.562500,28.687500,12.119845,605000
1999-04-07,28.437500,28.625000,28.187500,28.375000,11.987821,435300
1999-04-08,28.437500,29.500000,28.375000,29.437500,12.436702,963200
1999-04-09,29.375000,30.000000,29.062500,29.875000,12.621536,567400
1999-04-12,29.875000,29.937500,29.500000,29.812500,12.595139,599700
1999-04-13,29.750000,29.812500,29.375000,29.687500,12.542320,558700
1999-04-14,29.687500,30.062500,29.562500,29.750000,12.568730,775700
1999-04-15,29.687500,30.500000,29.687500,30.500000,12.885585,2904500
1999-04-16,30.500000,30.562500,30.250000,30.437500,12.859181,605500
1999-04-19,30.625000,30.687500,30.250000,30.375000,12.832778,714400
1999-04-20,30.437500,31.687500,30.437500,31.687500,13.387277,502900
1999-04-21,31.687500,31.687500,31.000000,31.187500,13.176040,1055300
1999-04-22,31.187500,31.562500,30.625000,31.062500,13.123231,538000
1999-04-23,31.062500,31.187500,30.625000,30.812500,13.017612,319300
1999-04-26,30.750000,30.875000,30.500000,30.562500,12.911990,477500
1999-04-27,30.687500,30.750000,30.437500,30.562500,12.911990,912900
1999-04-28,30.500000,30.812500,30.375000,30.500000,12.885585,482100
1999-04-29,30.500000,30.937500,30.437500,30.437500,12.859181,375500
1999-04-30,30.437500,31.375000,30.375000,31.250000,13.202446,715200
1999-05-03,31.062500,31.187500,30.750000,31.125000,13.149632,433200
1999-05-04,31.000000,31.187500,30.750000,30.937500,13.070422,610300
1999-05-05,31.000000,31.437500,31.000000,31.437500,13.281658,531000
1999-05-06,31.000000,31.125000,30.750000,31.125000,13.149632,2105500
1999-05-07,31.062500,31.187500,30.875000,31.062500,13.123231,716400
1999-05-10,30.750000,31.750000,30.750000,31.500000,13.437847,2399200
1999-05-11,31.500000,31.625000,31.312500,31.500000,13.437847,864300
1999-05-12,31.500000,31.687500,31.312500,31.625000,13.491174,407500
1999-05-13,31.625000,32.187500,31.625000,32.187500,13.731133,339200
1999-05-14,31.937500,32.000000,31.312500,31.500000,13.437847,375900
1999-05-17,31.375000,32.000000,31.375000,32.000000,13.651141,473100
1999-05-18,31.875000,32.125000,31.687500,31.875000,13.597825,723200
1999-05-19,31.875000,32.750000,31.875000,32.750000,13.971093,533700
1999-05-20,32.500000,32.562500,31.875000,31.937500,13.624481,1036200
1999-05-21,32.000000,32.375000,32.000000,32.312500,13.784456,824500
1999-05-24,32.312500,32.500000,32.250000,32.375000,13.811119,628500
1999-05-25,32.250000,32.937500,32.187500,32.312500,13.784456,1005500
1999-05-26,32.312500,32.687500,32.250000,32.687500,13.944432,627400
1999-05-27,32.437500,32.500000,31.562500,31.812500,13.571162,777800
1999-05-28,31.875000,32.687500,31.875000,32.437500,13.837788,534900
1999-06-01,32.312500,32.625000,32.125000,32.500000,13.864450,859700
1999-06-02,32.562500,32.812500,32.375000,32.562500,13.891104,552400
1999-06-03,32.437500,32.625000,32.187500,32.500000,13.864450,292000
1999-06-04,32.500000,33.187500,32.437500,33.062500,14.104404,570000
1999-06-07,33.062500,33.187500,32.937500,33.125000,14.131071,418800
1999-06-08,33.000000,33.062500,32.687500,33.000000,14.077744,776300
1999-06-09,32.937500,33.000000,32.500000,32.937500,14.051082,230500
1999-06-10,32.812500,32.812500,31.875000,32.250000,13.757799,454500
1999-06-11,32.250000,32.937500,32.250000,32.625000,13.917781,455100
1999-06-14,32.812500,33.250000,32.687500,32.812500,13.997756,233300
1999-06-15,32.812500,33.125000,32.343750,33.000000,14.077744,490800
1999-06-16,33.000000,33.500000,33.000000,33.125000,14.131071,530100
1999-06-17,33.125000,33.125000,32.812500,32.875000,14.024416,475500
1999-06-18,32.875000,32.937500,32.375000,32.750000,13.971093,570100
1999-06-21,32.750000,32.812500,31.750000,31.812500,13.571162,457600
1999-06-22,31.875000,32.125000,31.750000,32.062500,13.677807,485900
1999-06-23,32.000000,32.562500,31.937500,32.500000,13.864450,377500
1999-06-24,32.312500,32.437500,32.125000,32.125000,13.704473,417300
1999-06-25,32.187500,32.500000,32.000000,32.250000,13.757799,337000
1999-06-28,32.312500,32.500000,32.000000,32.000000,13.651141,198800
1999-06-29,32.062500,32.312500,31.875000,32.062500,13.677807,464700
1999-06-30,32.000000,32.062500,31.250000,31.250000,13.331200,481800
1999-07-01,31.000000,31.562500,30.937500,31.562500,13.464508,894100
1999-07-02,31.312500,31.750000,31.125000,31.562500,13.464508,278000
1999-07-06,31.562500,31.687500,31.312500,31.375000,13.384520,299200
1999-07-07,31.375000,31.437500,31.187500,31.375000,13.384520,219000
1999-07-08,31.250000,31.312500,31.000000,31.125000,13.277868,297200
1999-07-09,31.062500,31.562500,31.000000,31.437500,13.411184,275100
1999-07-12,31.250000,31.250000,30.562500,30.937500,13.197886,393000
1999-07-13,30.875000,30.937500,30.250000,30.500000,13.011249,1585400
1999-07-14,30.625000,30.625000,30.062500,30.375000,12.957927,1043200
1999-07-15,30.625000,30.625000,30.375000,30.437500,12.984586,277200
1999-07-16,30.406250,30.437500,29.937500,30.062500,12.824614,251800
1999-07-19,30.000000,30.187500,29.812500,30.125000,12.851275,213900
1999-07-20,30.187500,30.562500,29.812500,29.875000,12.744624,468700
1999-07-21,29.937500,30.375000,29.937500,30.375000,12.957927,432600
1999-07-22,30.500000,30.687500,30.375000,30.437500,12.984586,345900
1999-07-23,30.437500,30.687500,30.375000,30.500000,13.011249,282700
1999-07-26,30.437500,31.312500,30.437500,31.312500,13.357866,801800
1999-07-27,31.062500,31.187500,30.937500,31.000000,13.224545,439400
1999-07-28,31.000000,31.000000,30.500000,30.687500,13.091237,477600
1999-07-29,30.562500,30.562500,29.875000,30.250000,12.904595,264500
1999-07-30,30.250000,30.562500,30.125000,30.312500,12.931252,543400
1999-08-02,30.437500,31.062500,30.312500,30.625000,13.064572,333100
1999-08-03,30.625000,30.687500,30.437500,30.625000,13.064572,249400
1999-08-04,31.125000,31.125000,30.312500,30.437500,12.984586,317800
1999-08-05,30.187500,30.875000,30.187500,30.562500,13.037911,654400
1999-08-06,30.562500,30.687500,30.312500,30.562500,13.037911,327500
1999-08-09,30.187500,30.312500,29.937500,30.062500,12.951743,2511300
1999-08-10,29.625000,30.000000,29.500000,29.625000,12.763260,326900
1999-08-11,29.875000,29.937500,29.687500,29.937500,12.897891,340000
1999-08-12,29.875000,29.937500,29.375000,29.562500,12.736337,336900
1999-08-13,29.437500,29.500000,29.062500,29.312500,12.628627,330500
1999-08-16,29.437500,29.437500,28.625000,28.812500,12.413211,247400
1999-08-17,28.937500,29.125000,28.750000,28.937500,12.467066,241600
1999-08-18,28.750000,28.875000,28.625000,28.750000,12.386285,344500
1999-08-19,28.687500,29.312500,28.625000,29.250000,12.601698,482500
1999-08-20,29.437500,30.062500,29.250000,30.062500,12.951743,566600
1999-08-23,30.250000,30.312500,30.062500,30.187500,13.005598,527000
1999-08-24,30.000000,30.250000,30.000000,30.062500,12.951743,265500
1999-08-25,30.187500,30.750000,30.125000,30.750000,13.247943,389800
1999-08-26,30.562500,30.812500,30.062500,30.250000,13.032517,397500
1999-08-27,30.375000,30.375000,29.937500,29.937500,12.897891,342800
1999-08-30,30.000000,30.125000,29.875000,29.937500,12.897891,284800
1999-08-31,30.062500,30.250000,29.750000,29.812500,12.844045,647700
1999-09-01,29.812500,30.062500,29.812500,30.000000,12.924820,625100
1999-09-02,30.000000,30.000000,29.437500,29.687500,12.790186,382600
1999-09-03,29.562500,30.187500,29.562500,30.062500,12.951743,711500
1999-09-07,30.062500,30.187500,29.375000,29.437500,12.682474,251500
1999-09-08,29.375000,29.500000,29.250000,29.312500,12.628627,658700
1999-09-09,29.562500,30.062500,29.562500,29.875000,12.870970,1134600
1999-09-10,29.875000,30.375000,29.812500,30.187500,13.005598,1022100
1999-09-13,30.125000,30.125000,29.625000,29.937500,12.897891,581400
1999-09-14,29.812500,30.187500,29.750000,30.187500,13.005598,772800
1999-09-15,30.437500,30.625000,30.250000,30.562500,13.167157,757600
1999-09-16,30.625000,30.750000,30.562500,30.562500,13.167157,680100
1999-09-17,30.750000,31.000000,30.687500,30.937500,13.328721,702900
1999-09-20,30.687500,30.875000,30.625000,30.625000,13.194085,419100
1999-09-21,30.250000,30.625000,30.187500,30.437500,13.113309,657500
1999-09-22,30.375000,30.625000,30.375000,30.562500,13.167157,593300
1999-09-23,30.437500,30.562500,30.000000,30.187500,13.005598,1127800
1999-09-24,30.125000,30.375000,30.000000,30.000000,12.924820,738400
1999-09-27,29.750000,29.812500,29.000000,29.062500,12.520918,877700
1999-09-28,29.250000,29.375000,28.250000,28.812500,12.413211,909100
1999-09-29,28.812500,28.812500,28.000000,28.187500,12.143946,906700
1999-09-30,28.375000,28.937500,28.312500,28.937500,12.467066,609600
1999-10-01,28.875000,29.187500,28.437500,29.062500,12.520918,504100
1999-10-04,29.062500,30.000000,29.000000,29.625000,12.763260,533300
1999-10-05,29.437500,29.687500,28.625000,28.812500,12.413211,647400
1999-10-06,28.812500,29.062500,28.625000,28.937500,12.467066,643800
1999-10-07,28.812500,28.812500,28.312500,28.437500,12.251647,345200
1999-10-08,28.125000,28.875000,28.125000,28.562500,12.305503,410600
1999-10-11,28.437500,28.500000,27.937500,27.937500,12.036239,369400
1999-10-12,27.812500,28.187500,27.750000,27.875000,12.009312,397800
1999-10-13,27.875000,28.500000,27.875000,28.250000,12.170866,512000
1999-10-14,28.312500,28.812500,28.312500,28.562500,12.305503,576300
1999-10-15,29.000000,29.000000,28.375000,28.437500,12.251647,712500
1999-10-18,28.500000,29.000000,28.500000,29.000000,12.493990,380500
1999-10-19,29.375000,29.375000,28.312500,28.312500,12.197803,678700
1999-10-20,28.500000,28.875000,28.500000,28.812500,12.413211,826200
1999-10-21,28.625000,28.875000,28.437500,28.562500,12.305503,565800
1999-10-22,28.687500,28.812500,28.437500,28.687500,12.359361,527000
1999-10-25,28.500000,28.937500,28.437500,28.937500,12.467066,482800
1999-10-26,28.937500,29.250000,28.937500,29.000000,12.493990,663300
1999-10-27,29.125000,29.562500,29.062500,29.500000,12.709402,886800
1999-10-28,29.875000,30.187500,29.812500,30.000000,12.924820,1230200
1999-10-29,30.125000,30.125000,29.750000,29.937500,12.897891,614800
1999-11-01,29.812500,29.937500,29.375000,29.687500,12.790186,398300
1999-11-02,29.687500,30.000000,29.687500,29.937500,12.897891,689800
1999-11-03,29.875000,30.062500,29.500000,29.687500,12.790186,486400
1999-11-04,29.250000,29.375000,28.812500,29.000000,12.493990,669400
1999-11-05,29.500000,29.562500,29.187500,29.312500,12.628627,379400
1999-11-08,29.000000,29.312500,28.875000,28.937500,12.595982,2740800
1999-11-09,29.062500,29.187500,28.812500,28.937500,12.595982,719700
1999-11-10,28.750000,29.062500,28.187500,28.312500,12.323932,415700
1999-11-11,28.125000,28.375000,27.687500,27.875000,12.133491,1122500
1999-11-12,28.000000,28.062500,27.750000,27.875000,12.133491,376800
1999-11-15,27.937500,28.000000,27.625000,27.750000,12.079079,395700
1999-11-16,27.687500,27.937500,27.562500,27.687500,12.051874,422000
1999-11-17,27.625000,27.750000,27.375000,27.562500,11.997466,479000
1999-11-18,27.375000,27.687500,27.312500,27.375000,11.915846,535300
1999-11-19,27.500000,27.687500,27.250000,27.312500,11.888645,678200
1999-11-22,27.312500,27.437500,27.000000,27.000000,11.752621,787700
1999-11-23,27.250000,27.250000,26.625000,26.812500,11.671007,427600
1999-11-24,26.875000,27.250000,26.750000,27.187500,11.834232,708900
1999-11-26,27.062500,27.250000,26.875000,26.937500,11.725415,306100
1999-11-29,26.750000,26.937500,26.562500,26.937500,11.725415,809500
1999-11-30,27.000000,27.625000,27.000000,27.562500,11.997466,877400
1999-12-01,27.437500,27.500000,27.125000,27.296875,11.881842,1101200
1999-12-02,27.437500,27.437500,26.875000,26.937500,11.725415,723400
1999-12-03,27.187500,27.375000,27.000000,27.062500,11.779820,595800
1999-12-06,26.500000,27.062500,26.500000,26.562500,11.562182,661300
1999-12-07,26.375000,26.437500,26.000000,26.062500,11.344544,964600
1999-12-08,25.875000,26.062500,25.562500,25.625000,11.154109,541800
1999-12-09,25.375000,25.687500,25.062500,25.062500,10.909260,841400
1999-12-10,25.125000,25.375000,24.812500,24.812500,10.800441,661500
1999-12-13,24.687500,24.812500,23.687500,23.875000,10.392365,1077200
1999-12-14,23.812500,24.875000,23.812500,24.750000,10.773235,960100
1999-12-15,24.687500,25.250000,24.437500,25.000000,10.882054,1084500
1999-12-16,25.750000,25.812500,24.750000,25.375000,11.045288,1002900
1999-12-17,25.187500,25.750000,25.187500,25.437500,11.072489,1221800
1999-12-20,25.437500,25.687500,25.375000,25.500000,11.099695,731000
1999-12-21,25.437500,26.000000,25.375000,25.750000,11.208516,680400
1999-12-22,25.750000,25.875000,25.500000,25.562500,11.126904,300100
1999-12-23,25.687500,26.000000,25.687500,25.812500,11.235722,333000
1999-12-27,25.687500,26.125000,25.687500,25.687500,11.181313,347500
1999-12-28,25.812500,25.875000,25.562500,25.687500,11.181313,211400
1999-12-29,25.625000,25.687500,25.375000,25.375000,11.045288,234100
1999-12-30,25.375000,26.000000,25.312500,25.687500,11.181313,416900
1999-12-31,25.750000,25.937500,25.562500,25.750000,11.208516,137900
2000-01-03,25.750000,25.750000,25.000000,25.250000,10.990877,784700
2000-01-04,25.187500,25.625000,25.000000,25.312500,11.018085,454900
2000-01-05,25.500000,26.750000,25.437500,26.375000,11.480569,1252600
2000-01-06,26.312500,26.312500,25.812500,25.875000,11.262927,638600
2000-01-07,25.937500,26.125000,25.812500,25.875000,11.262927,1220300
2000-01-10,26.062500,26.250000,25.687500,25.750000,11.208516,609400
2000-01-11,25.687500,26.125000,25.687500,25.937500,11.290131,507600
2000-01-12,25.812500,26.125000,25.687500,25.812500,11.235722,575300
2000-01-13,25.687500,25.875000,25.312500,25.312500,11.018085,769100
2000-01-14,25.500000,25.625000,25.187500,25.250000,10.990877,780300
2000-01-18,25.000000,25.000000,24.500000,24.562500,10.691617,600900
2000-01-19,24.375000,24.562500,24.125000,24.250000,10.555594,2150500
2000-01-20,24.500000,24.500000,23.750000,23.937500,10.419566,956100
2000-01-21,24.000000,24.375000,23.937500,24.187500,10.528388,922400
2000-01-24,24.125000,24.437500,23.000000,23.000000,10.011493,1222900
2000-01-25,23.000000,23.125000,22.250000,22.250000,9.685028,1263100
2000-01-26,22.312500,22.500000,22.125000,22.187500,9.657821,749800
2000-01-27,22.250000,23.000000,22.187500,23.000000,10.011493,1089500
2000-01-28,22.750000,24.000000,22.687500,23.625000,10.283545,1337600
2000-01-31,23.625000,25.000000,23.625000,24.937500,10.854850,1183800
2000-02-01,25.000000,25.750000,25.000000,25.500000,11.099695,1118500
2000-02-02,25.312500,25.500000,24.750000,24.937500,10.854850,849100
2000-02-03,25.062500,25.687500,25.000000,25.437500,11.072489,584600
2000-02-04,25.562500,25.562500,24.875000,24.937500,10.854850,621900
2000-02-07,24.937500,25.125000,24.625000,24.625000,10.718827,537500
2000-02-08,24.625000,25.000000,24.625000,24.625000,10.718827,431200
2000-02-09,24.625000,24.687500,23.812500,23.875000,10.392365,787600
2000-02-10,23.875000,24.250000,23.375000,23.375000,10.174726,800700
2000-02-11,23.125000,23.375000,23.000000,23.125000,10.196774,2214600
2000-02-14,23.000000,23.812500,23.000000,23.500000,10.362122,531100
2000-02-15,23.375000,23.437500,22.750000,22.812500,10.058972,899600
2000-02-16,22.750000,22.812500,22.250000,22.375000,9.866060,765900
2000-02-17,22.375000,22.687500,21.937500,21.937500,9.673150,593300
2000-02-18,22.187500,22.187500,21.375000,21.437500,9.452683,1356100
2000-02-22,21.625000,22.000000,21.562500,21.625000,9.535354,1026700
2000-02-23,21.500000,21.687500,21.250000,21.312500,9.397564,985700
2000-02-24,21.187500,21.312500,20.000000,20.375000,8.984180,951100
2000-02-25,20.500000,20.937500,20.250000,20.250000,8.929066,695800
2000-02-28,19.750000,20.937500,19.750000,20.875000,9.204649,756600
2000-02-29,20.750000,20.875000,20.031250,20.250000,8.929066,986900
2000-03-01,20.437500,20.437500,20.062500,20.375000,8.984180,1107500
2000-03-02,20.437500,20.500000,20.312500,20.437500,9.011738,597900
2000-03-03,20.500000,20.562500,20.312500,20.375000,8.984180,601200
2000-03-06,19.375000,19.500000,15.937500,16.687500,7.358209,1874800
2000-03-07,17.250000,18.250000,17.250000,17.312500,7.633797,3353000
2000-03-08,17.312500,17.437500,16.812500,17.312500,7.633797,2388000
2000-03-09,17.250000,18.000000,17.125000,17.812500,7.854268,1177100
2000-03-10,17.812500,18.312500,17.812500,17.937500,7.909387,753400
2000-03-13,18.000000,18.375000,18.000000,18.250000,8.047179,731600
2000-03-14,18.062500,18.187500,17.125000,17.562500,7.744033,522800
2000-03-15,17.500000,18.875000,17.500000,18.375000,8.102295,1231000
2000-03-16,18.750000,19.562500,18.750000,19.375000,8.543240,1175400
2000-03-17,19.375000,19.562500,19.125000,19.500000,8.598355,1186500
2000-03-20,19.312500,20.187500,19.312500,19.937500,8.791268,1144700
2000-03-21,19.875000,19.937500,19.500000,19.875000,8.763710,689400
2000-03-22,19.625000,19.625000,19.125000,19.250000,8.488123,794800
2000-03-23,19.250000,19.687500,18.812500,19.687500,8.681034,605500
2000-03-24,19.437500,19.875000,19.375000,19.875000,8.763710,469100
2000-03-27,19.812500,20.312500,19.812500,20.000000,8.818828,465100
2000-03-28,19.750000,20.125000,19.687500,20.000000,8.818828,960100
2000-03-29,20.000000,20.625000,20.000000,20.375000,8.984180,750700
2000-03-30,20.125000,20.437500,19.687500,19.687500,8.681034,984400
2000-03-31,19.687500,20.375000,19.375000,20.187500,8.901501,791700
2000-04-03,20.250000,20.625000,19.937500,20.125000,8.873944,506800
2000-04-04,20.250000,21.000000,20.250000,20.687500,9.121972,580300
2000-04-05,20.937500,22.750000,20.812500,21.625000,9.535354,1104500
2000-04-06,21.312500,21.562500,20.500000,20.687500,9.121972,718600
2000-04-07,20.125000,20.875000,20.125000,20.500000,9.039296,1010400
2000-04-10,20.437500,21.312500,20.437500,21.125000,9.314887,468900
2000-04-11,21.187500,21.937500,21.187500,21.937500,9.673150,1108700
2000-04-12,22.125000,22.750000,22.125000,22.312500,9.838503,1203100
2000-04-13,22.312500,23.625000,22.250000,23.562500,10.389680,845400
2000-04-14,23.312500,24.062500,22.687500,22.937500,10.114090,618800
2000-04-17,22.750000,23.250000,21.937500,23.187500,10.224327,930200
2000-04-18,23.312500,23.562500,22.937500,23.000000,10.141653,584100
2000-04-19,23.000000,23.062500,22.062500,22.750000,10.031414,314100
2000-04-20,22.687500,23.437500,22.625000,23.312500,10.279443,500800
2000-04-24,24.375000,24.875000,24.062500,24.812500,10.940859,716600
2000-04-25,25.000000,25.812500,25.000000,25.375000,11.188890,1046200
2000-04-26,25.500000,27.437500,25.312500,27.125000,11.960532,869300
2000-04-27,26.875000,26.875000,25.687500,25.812500,11.381799,1331100
2000-04-28,25.812500,25.812500,24.875000,25.437500,11.216444,856700
2000-05-01,25.500000,26.250000,25.312500,25.812500,11.381799,772800
2000-05-02,25.812500,26.062500,25.250000,25.375000,11.188890,792600
2000-05-03,25.312500,25.812500,25.250000,25.375000,11.188890,549900
2000-05-04,25.312500,26.375000,25.312500,25.937500,11.436913,898600
2000-05-05,25.625000,25.875000,25.562500,25.812500,11.381799,551400
2000-05-08,25.625000,27.187500,25.625000,26.750000,11.795179,581300
2000-05-09,26.750000,26.875000,26.312500,26.812500,11.822741,500100
2000-05-10,26.875000,27.875000,26.812500,27.562500,12.153450,724600
2000-05-11,27.562500,27.625000,27.312500,27.500000,12.125888,462500
2000-05-12,27.250000,27.250000,26.625000,26.750000,11.925280,2079300
2000-05-15,26.750000,27.562500,26.312500,26.500000,11.813829,937500
2000-05-16,26.750000,26.875000,25.812500,26.562500,11.841681,534100
2000-05-17,26.375000,26.375000,25.437500,25.687500,11.451612,379000
2000-05-18,25.875000,27.062500,25.875000,26.312500,11.730235,401800
2000-05-19,26.062500,26.937500,25.937500,26.937500,12.008866,612400
2000-05-22,26.812500,27.812500,26.750000,27.312500,12.176036,404800
2000-05-23,27.125000,27.687500,26.875000,27.437500,12.231765,1366300
2000-05-24,27.500000,28.312500,27.500000,28.062500,12.510390,1712600
2000-05-25,28.000000,28.000000,27.375000,28.000000,12.482533,947400
2000-05-26,28.187500,28.625000,28.187500,28.312500,12.621850,537900
2000-05-30,28.500000,28.562500,28.187500,28.562500,12.733302,991800
2000-05-31,28.562500,29.750000,28.562500,29.250000,13.039783,974100
2000-06-01,29.125000,29.187500,28.500000,28.500000,12.705431,1135100
2000-06-02,30.250000,30.437500,29.312500,29.312500,13.067652,972500
2000-06-05,29.125000,29.125000,28.250000,28.437500,12.677568,778400
2000-06-06,28.312500,29.437500,28.250000,29.000000,12.928335,802200
2000-06-07,29.250000,30.000000,29.125000,30.000000,13.374142,1063000
2000-06-08,29.937500,29.937500,29.375000,29.562500,13.179095,431100
2000-06-09,29.625000,30.375000,29.625000,30.062500,13.402003,644300
2000-06-12,30.125000,30.750000,30.062500,30.500000,13.597041,522900
2000-06-13,30.687500,31.062500,30.500000,30.750000,13.708495,660500
2000-06-14,30.625000,30.750000,29.875000,29.875000,13.318414,901900
2000-06-15,30.125000,30.687500,29.875000,30.500000,13.597041,1040600
2000-06-16,30.562500,31.250000,30.000000,30.000000,13.374142,1772500
2000-06-19,30.000000,30.375000,29.375000,29.375000,13.095513,922700
2000-06-20,29.375000,30.187500,29.375000,29.500000,13.151240,936100
2000-06-21,29.625000,30.437500,29.562500,29.937500,13.346272,913200
2000-06-22,30.000000,30.000000,28.750000,29.312500,13.067652,907500
2000-06-23,29.437500,29.687500,28.625000,28.875000,12.872610,888400
2000-06-26,29.000000,29.531250,28.937500,29.437500,13.123372,769100
2000-06-27,29.375000,29.437500,28.000000,28.000000,12.482533,1100100
2000-06-28,28.125000,28.875000,27.500000,28.531250,12.719364,1645600
2000-06-29,28.500000,29.000000,27.750000,27.750000,12.371079,572100
2000-06-30,27.875000,28.937500,26.687500,27.187500,12.120315,1400200
2000-07-03,27.187500,28.437500,27.187500,27.937500,12.454671,165300
2000-07-05,28.062500,28.875000,27.750000,27.750000,12.371079,749200
2000-07-06,27.687500,28.312500,27.687500,27.937500,12.454671,660800
2000-07-07,27.937500,28.375000,27.875000,27.875000,12.426805,1258400
2000-07-10,28.000000,29.187500,28.000000,28.937500,12.900474,665700
2000-07-11,28.875000,28.937500,28.500000,28.875000,12.872610,605500
2000-07-12,29.437500,29.500000,28.875000,29.187500,13.011925,678700
2000-07-13,29.437500,29.500000,29.000000,29.437500,13.123372,510400
2000-07-14,30.000000,30.187500,29.125000,29.125000,12.984061,488000
2000-07-17,29.250000,30.250000,29.125000,30.000000,13.374142,976400
2000-07-18,30.062500,30.562500,29.937500,30.312500,13.513450,772000
2000-07-19,30.437500,30.812500,30.312500,30.562500,13.624908,460700
2000-07-20,30.750000,31.062500,30.500000,30.687500,13.680627,576900
2000-07-21,30.875000,31.062500,30.437500,30.437500,13.569181,915300
2000-07-24,30.375000,30.625000,29.937500,30.187500,13.457727,497000
2000-07-25,30.312500,30.750000,30.250000,30.312500,13.513450,303000
2000-07-26,30.187500,30.375000,29.750000,29.937500,13.346272,611600
2000-07-27,29.937500,30.812500,29.937500,30.312500,13.513450,438700
2000-07-28,30.312500,30.625000,30.125000,30.312500,13.513450,437900
2000-07-31,28.000000,28.750000,26.937500,27.125000,12.092451,3784200
2000-08-01,27.375000,30.062500,27.250000,30.000000,13.374142,3301500
2000-08-02,30.000000,30.562500,29.750000,30.500000,13.597041,2287300
2000-08-03,30.750000,31.750000,30.250000,30.640625,13.659736,1709500
2000-08-04,30.500000,30.750000,29.750000,30.687500,13.680627,1967800
2000-08-07,30.562500,31.312500,30.437500,31.265625,13.938359,792100
2000-08-08,31.187500,31.250000,30.562500,31.187500,13.903534,698000
2000-08-09,30.937500,31.000000,30.312500,30.484375,13.590083,574700
2000-08-10,30.437500,30.875000,30.375000,30.828125,13.879915,2401200
2000-08-11,30.937500,31.187500,30.812500,31.140625,14.020615,427600
2000-08-14,31.125000,31.125000,30.562500,31.000000,13.957299,790800
2000-08-15,31.375000,31.500000,31.062500,31.250000,14.069853,559800
2000-08-16,31.125000,31.953125,31.125000,31.953125,14.386432,465600
2000-08-17,31.875000,31.937500,31.687500,31.750000,14.294969,431700
2000-08-18,31.687500,31.937500,31.625000,31.812500,14.323113,501300
2000-08-21,31.812500,32.062500,31.625000,32.000000,14.407530,1173800
2000-08-22,32.000000,32.125000,31.750000,31.812500,14.323113,752800
2000-08-23,31.812500,32.187500,31.687500,32.187500,14.491957,602100
2000-08-24,32.187500,32.187500,31.500000,31.500000,14.182419,707100
2000-08-25,31.562500,31.562500,30.875000,31.000000,13.957299,654700
2000-08-28,31.000000,31.125000,30.875000,31.000000,13.957299,1022200
2000-08-29,31.000000,31.000000,30.500000,30.562500,13.760325,301400
2000-08-30,30.750000,31.000000,30.625000,30.687500,13.816599,592200
2000-08-31,30.625000,31.000000,30.437500,30.453125,13.711082,714400
2000-09-01,30.750000,31.625000,30.687500,31.265625,14.076894,744600
2000-09-05,31.875000,31.875000,31.562500,31.875000,14.351257,417500
2000-09-06,32.000000,33.312500,31.875000,33.187500,14.942187,1009100
2000-09-07,33.187500,33.687500,33.187500,33.625000,15.139172,870600
2000-09-08,33.625000,34.312500,33.625000,34.281250,15.434637,495100
2000-09-11,34.125000,36.437500,34.125000,34.765625,15.652719,1344800
2000-09-12,35.875000,36.500000,35.312500,35.500000,15.983362,1815300
2000-09-13,35.937500,36.562500,35.625000,35.750000,16.095915,1311200
2000-09-14,36.125000,36.125000,35.062500,36.125000,16.264755,1862600
2000-09-15,36.375000,37.765625,36.125000,37.765625,17.003414,2711700
2000-09-18,37.750000,38.000000,37.062500,37.921875,17.073771,1424200
2000-09-19,38.000000,38.125000,36.750000,36.750000,16.546150,2017500
2000-09-20,36.562500,36.687500,35.562500,36.312500,16.349178,1381600
2000-09-21,36.375000,36.937500,35.000000,35.187500,15.842664,1330200
2000-09-22,35.312500,36.000000,35.062500,35.437500,15.955215,1036300
2000-09-25,35.437500,35.437500,34.625000,34.937500,15.730101,1147300
2000-09-26,35.000000,36.312500,35.000000,35.812500,16.124058,1332300
2000-09-27,35.687500,36.625000,34.687500,36.140625,16.271797,1492200
2000-09-28,36.312500,37.375000,35.812500,36.062500,16.236618,1843600
2000-09-29,36.125000,37.687500,36.125000,37.265625,16.778309,1458500
2000-10-02,37.625000,40.000000,36.562500,39.875000,17.953140,1352600
2000-10-03,39.937500,39.937500,35.750000,36.000000,16.208473,2485800
2000-10-04,36.437500,37.000000,33.500000,35.250000,15.870804,2339900
2000-10-05,35.312500,35.875000,33.812500,34.312500,15.448702,1166400
2000-10-06,34.562500,36.250000,34.562500,35.875000,16.152193,1820400
2000-10-09,36.000000,36.187500,35.562500,35.937500,16.180340,580900
2000-10-10,35.875000,37.250000,35.875000,36.812500,16.574289,1296900
2000-10-11,36.937500,38.000000,36.937500,37.625000,16.940115,1201900
2000-10-12,37.375000,38.250000,36.562500,37.125000,16.714985,789800
2000-10-13,37.687500,38.187500,37.312500,37.937500,17.080805,756700
2000-10-16,37.875000,39.187500,37.750000,39.187500,17.643599,696900
2000-10-17,39.187500,40.500000,38.812500,38.875000,17.502905,1129100
2000-10-18,38.500000,39.375000,37.187500,38.125000,17.165232,1426700
2000-10-19,37.875000,38.250000,36.500000,36.500000,16.433594,1290400
2000-10-20,36.500000,37.687500,35.875000,37.000000,16.658712,1661500
2000-10-23,36.875000,37.687500,36.687500,37.062500,16.686850,1287700
2000-10-24,37.312500,37.687500,35.500000,36.250000,16.321041,707700
2000-10-25,37.000000,37.000000,36.000000,36.000000,16.208473,1004400
2000-10-26,36.187500,36.625000,34.562500,34.750000,15.645686,712000
2000-10-27,34.875000,37.375000,34.562500,37.375000,16.827549,1155700
2000-10-30,37.625000,38.500000,37.500000,38.500000,17.334072,683500
2000-10-31,38.312500,38.687500,37.875000,38.312500,17.249645,534600
2000-11-01,38.312500,39.000000,37.562500,38.562500,17.362211,705700
2000-11-02,38.562500,38.562500,37.500000,37.500000,16.883827,472300
2000-11-03,37.437500,37.875000,36.875000,36.875000,16.602430,709300
2000-11-06,37.000000,37.562500,36.875000,37.187500,16.743132,607200
2000-11-07,37.250000,37.625000,36.937500,37.250000,16.771267,443200
2000-11-08,37.125000,37.250000,36.500000,36.750000,16.687263,1207200
2000-11-09,36.875000,37.750000,36.625000,37.750000,17.141344,457100
2000-11-10,38.000000,39.062500,37.937500,38.562500,17.510284,998600
2000-11-13,38.812500,40.375000,38.812500,39.687500,18.021114,2164500
2000-11-14,39.562500,39.750000,38.937500,39.062500,17.737307,965600
2000-11-15,39.125000,40.062500,39.062500,39.812500,18.077875,1104000
2000-11-16,39.937500,40.500000,39.750000,40.375000,18.333288,868500
2000-11-17,40.375000,41.000000,40.000000,40.937500,18.588709,891200
2000-11-20,41.125000,41.937500,40.812500,41.500000,18.844130,1202500
2000-11-21,41.625000,41.937500,40.750000,41.437500,18.815748,864100
2000-11-22,41.625000,42.125000,41.125000,41.687500,18.929268,778200
2000-11-24,41.750000,41.812500,40.937500,41.125000,18.673845,275100
2000-11-27,40.500000,40.937500,39.937500,40.562500,18.418430,591100
2000-11-28,40.562500,41.750000,40.562500,41.750000,18.957640,1067100
2000-11-29,41.687500,42.187500,41.562500,41.687500,18.929268,598200
2000-11-30,41.812500,41.812500,40.562500,41.125000,18.673845,1035500
2000-12-01,40.625000,41.062500,40.125000,40.750000,18.503567,873200
2000-12-04,40.875000,41.562500,40.687500,40.750000,18.503567,780500
2000-12-05,40.750000,40.812500,40.125000,40.250000,18.276524,461900
2000-12-06,40.875000,40.937500,40.000000,40.250000,18.276524,657900
2000-12-07,40.062500,40.937500,39.687500,39.750000,18.049492,788300
2000-12-08,39.500000,39.750000,39.000000,39.062500,17.737307,900600
2000-12-11,38.000000,38.375000,36.875000,37.875000,17.198105,1407500
2000-12-12,37.625000,38.937500,37.625000,38.812500,17.623800,837700
2000-12-13,38.812500,39.062500,38.500000,38.687500,17.567038,731600
2000-12-14,39.125000,39.187500,37.437500,37.437500,16.999445,938300
2000-12-15,37.625000,39.375000,37.625000,38.812500,17.623800,1159300
2000-12-18,39.625000,39.937500,39.312500,39.812500,18.077875,1255600
2000-12-19,39.687500,41.375000,39.687500,41.375000,18.787363,1524600
2000-12-20,41.625000,43.500000,41.375000,43.125000,19.581997,1313200
2000-12-21,43.375000,43.375000,41.687500,42.750000,19.411718,1129000
2000-12-22,42.750000,42.937500,41.500000,42.750000,19.411718,846600
2000-12-26,42.750000,43.875000,42.437500,43.250000,19.638750,499900
2000-12-27,43.000000,43.562500,42.625000,43.000000,19.525236,624900
2000-12-28,42.750000,42.812500,41.687500,41.937500,19.042784,677200
2000-12-29,42.187500,42.875000,42.000000,42.312500,19.213066,414700
2001-01-02,41.750000,42.500000,40.812500,41.750000,18.957640,718600
2001-01-03,42.000000,42.875000,40.125000,40.500000,18.390047,901100
2001-01-04,40.000000,40.000000,36.500000,37.000000,16.800781,1705700
2001-01-05,37.000000,38.000000,37.000000,37.437500,16.999445,633100
2001-01-08,37.312500,38.062500,37.187500,37.812500,17.169712,551500
2001-01-09,38.000000,38.312500,37.312500,37.500000,17.027817,538600
2001-01-10,37.750000,38.125000,37.187500,37.250000,16.914301,612100
2001-01-11,37.500000,37.562500,33.562500,33.937500,15.410180,1140900
2001-01-12,34.000000,35.437500,32.875000,35.125000,15.949399,1378400
2001-01-16,34.625000,34.687500,32.562500,34.375000,15.608837,1136800
2001-01-17,34.500000,35.625000,34.187500,35.562500,16.148054,978100
2001-01-18,35.500000,36.312500,35.500000,35.750000,16.233189,1329600
2001-01-19,35.500000,36.000000,34.812500,35.250000,16.006153,862100
2001-01-22,36.000000,36.875000,35.562500,36.687500,16.658886,1260800
2001-01-23,37.375000,38.625000,36.375000,36.875000,16.744022,1695500
2001-01-24,36.750000,37.250000,36.562500,36.750000,16.687263,1266500
2001-01-25,36.562500,37.500000,36.562500,37.000000,16.800781,720800
2001-01-26,37.125000,37.187500,35.500000,36.687500,16.658886,484900
2001-01-29,36.689999,37.650002,36.500000,36.500000,16.573748,656500
2001-01-30,36.740002,36.939999,36.000000,36.470001,16.560127,1043200
2001-01-31,35.750000,36.049999,35.150002,35.419998,16.083347,1086500
2001-02-01,35.470001,35.470001,34.439999,34.840000,15.819981,793200
2001-02-02,35.049999,35.700001,35.049999,35.650002,16.187784,803200
2001-02-05,36.150002,36.400002,35.650002,35.790001,16.251360,919400
2001-02-06,36.000000,36.400002,35.759998,36.220001,16.446608,546100
2001-02-07,36.250000,36.750000,36.220001,36.419998,16.537426,934900
2001-02-08,36.500000,37.250000,36.500000,36.950001,16.778088,883900
2001-02-09,36.630001,37.799999,36.509998,37.410000,17.133026,1917500
2001-02-12,37.610001,37.900002,35.750000,37.000000,16.945242,992400
2001-02-13,37.000000,37.250000,36.119999,36.790001,16.849064,626700
2001-02-14,36.939999,37.119999,36.599998,37.119999,17.000195,551100
2001-02-15,37.220001,37.220001,36.500000,36.980000,16.936087,551300
2001-02-16,37.029999,38.000000,37.029999,37.549999,17.197128,911700
2001-02-20,37.299999,38.349998,37.299999,37.779999,17.302464,884100
2001-02-21,37.980000,38.939999,37.950001,38.400002,17.586420,482800
2001-02-22,38.500000,38.950001,37.900002,38.680000,17.714653,826400
2001-02-23,38.779999,38.980000,37.900002,38.610001,17.682592,646900
2001-02-26,38.680000,39.250000,38.369999,38.410000,17.590998,513400
2001-02-27,38.360001,39.400002,38.360001,39.200001,17.952797,760100
2001-02-28,39.200001,39.299999,38.240002,38.830002,17.783346,498700
2001-03-01,38.680000,39.650002,38.389999,39.250000,17.975700,833200
2001-03-02,39.250000,39.700001,38.730000,39.450001,18.067299,499800
2001-03-05,39.500000,39.630001,38.700001,39.119999,17.916159,362900
2001-03-06,39.180000,39.180000,38.639999,38.730000,17.737556,444800
2001-03-07,38.630001,39.099998,38.389999,38.950001,17.838297,730200
2001-03-08,38.959999,39.400002,38.549999,39.400002,18.044399,417800
2001-03-09,39.459999,39.459999,38.820000,39.299999,17.998594,427400
2001-03-12,39.450001,39.750000,38.779999,38.799999,17.769608,469400
2001-03-13,39.000000,39.470001,38.250000,38.380001,17.577259,633400
2001-03-14,37.799999,38.180000,37.349998,37.950001,17.380323,1214600
2001-03-15,37.950001,38.580002,37.650002,38.049999,17.426115,805500
2001-03-16,37.099998,38.049999,36.900002,37.500000,17.174229,1587700
2001-03-19,36.799999,37.250000,36.250000,36.900002,16.899443,844200
2001-03-20,36.900002,37.400002,36.250000,36.540001,16.734568,498400
2001-03-21,35.669998,37.080002,35.669998,36.299999,16.624657,666600
2001-03-22,36.320000,36.369999,34.400002,35.549999,16.281176,636600
2001-03-23,35.349998,35.349998,34.400002,34.700001,15.891896,914100
2001-03-26,34.900002,36.580002,34.799999,36.000000,16.487261,748600
2001-03-27,36.000000,37.099998,36.000000,36.900002,16.899443,766100
2001-03-28,36.900002,37.250000,36.270000,36.900002,16.899443,643000
2001-03-29,36.900002,37.220001,36.049999,37.169998,17.023098,801100
2001-03-30,37.349998,38.349998,37.349998,38.000000,17.403227,995300
2001-04-02,37.799999,38.599998,37.500000,38.000000,17.403227,3328200
2001-04-03,38.900002,39.590000,38.750000,39.000000,17.861202,1381800
2001-04-04,38.650002,39.959999,38.619999,39.750000,18.204691,2729700
2001-04-05,39.349998,39.400002,38.099998,38.410000,17.590998,1869600
2001-04-06,38.299999,38.599998,36.820000,37.599998,17.220032,1220800
2001-04-09,37.400002,39.000000,37.299999,38.230000,17.508556,1192100
2001-04-10,38.900002,39.349998,38.599998,38.650002,17.700914,1333300
2001-04-11,39.299999,39.299999,37.849998,38.599998,17.678009,1049400
2001-04-12,38.599998,39.099998,38.200001,38.450001,17.609314,784000
2001-04-16,38.400002,38.919998,38.299999,38.900002,17.815411,496400
2001-04-17,38.650002,39.950001,38.650002,39.950001,18.296282,876500
2001-04-18,39.950001,40.000000,38.200001,39.470001,18.076450,1305900
2001-04-19,39.000000,39.099998,38.150002,38.349998,17.563515,892300
2001-04-20,38.250000,38.799999,37.900002,38.599998,17.678009,812300
2001-04-23,38.599998,39.279999,38.599998,39.220001,17.961962,592500
2001-04-24,39.200001,39.509998,38.599998,39.099998,17.907003,965100
2001-04-25,39.049999,39.799999,38.900002,39.480000,18.081034,913000
2001-04-26,39.700001,40.200001,39.650002,39.650002,18.158890,1169000
2001-04-27,40.099998,40.450001,39.950001,40.279999,18.447420,1035800
2001-04-30,40.250000,41.099998,40.099998,40.500000,18.548170,823100
2001-05-01,41.000000,41.250000,40.799999,41.090000,18.818384,1045300
2001-05-02,41.250000,41.299999,40.250000,40.250000,18.433672,1272300
2001-05-03,40.299999,40.939999,39.950001,40.450001,18.525272,1200200
2001-05-04,40.250000,41.180000,40.250000,41.049999,18.800060,807700
2001-05-07,41.049999,41.430000,41.020000,41.139999,18.841276,661500
2001-05-08,41.099998,41.480000,40.820000,41.410000,18.964930,623300
2001-05-09,41.299999,41.619999,41.290001,41.500000,19.006157,761500
2001-05-10,41.500000,42.000000,41.490002,41.939999,19.207649,479900
2001-05-11,41.900002,42.000000,41.700001,42.000000,19.380701,2254500
2001-05-14,41.950001,42.570000,41.950001,42.450001,19.588362,568800
2001-05-15,42.400002,42.650002,42.259998,42.500000,19.611427,950500
2001-05-16,42.500000,42.919998,42.299999,42.849998,19.772930,889000
2001-05-17,42.750000,42.950001,42.599998,42.599998,19.657579,864400
2001-05-18,42.799999,43.400002,42.799999,43.400002,20.026726,847600
2001-05-21,43.500000,43.900002,43.450001,43.709999,20.169779,828100
2001-05-22,43.849998,44.500000,43.849998,43.910000,20.262079,932600
2001-05-23,44.500000,44.669998,43.900002,44.480000,20.525087,1170800
2001-05-24,43.250000,44.099998,42.950001,44.049999,20.326670,1291000
2001-05-25,43.950001,43.950001,42.299999,43.200001,19.934443,769100
2001-05-29,43.419998,43.900002,43.150002,43.500000,20.072870,1059300
2001-05-30,43.250000,44.150002,43.250000,43.490002,20.068256,645000
2001-05-31,43.000000,43.500000,43.000000,43.200001,19.934443,2114100
2001-06-01,43.200001,43.200001,42.720001,42.980000,19.832918,1081400
2001-06-04,42.980000,43.000000,42.669998,42.900002,19.796005,847700
2001-06-05,42.849998,42.900002,42.500000,42.900002,19.796005,699100
2001-06-06,42.900002,42.959999,42.080002,42.259998,19.500683,516500
2001-06-07,42.200001,42.500000,41.750000,41.750000,19.265341,1345300
2001-06-08,41.750000,41.980000,41.340000,41.900002,19.334568,431800
2001-06-11,41.910000,42.500000,41.910000,42.099998,19.426853,788200
2001-06-12,42.000000,42.150002,41.200001,41.299999,19.057697,1179300
2001-06-13,41.299999,42.020000,40.400002,40.400002,18.642403,1464200
2001-06-14,40.299999,40.310001,38.650002,39.090000,18.037907,1127000
2001-06-15,39.150002,40.400002,39.150002,40.150002,18.527037,1328400
2001-06-18,40.349998,40.799999,39.349998,39.400002,18.180954,828400
2001-06-19,40.000000,40.029999,39.730000,39.849998,18.388607,1133100
2001-06-20,39.950001,39.950001,39.410000,39.599998,18.273233,802100
2001-06-21,39.500000,39.549999,37.900002,38.500000,17.765652,1021600
2001-06-22,38.490002,39.060001,38.230000,38.910000,17.954838,468800
2001-06-25,39.099998,39.349998,38.500000,38.900002,17.950228,734600
2001-06-26,38.910000,39.639999,38.910000,39.639999,18.291691,795200
2001-06-27,39.799999,40.200001,39.439999,39.689999,18.314760,1164700
2001-06-28,39.689999,40.040001,39.049999,39.279999,18.125574,516700
2001-06-29,39.250000,39.250000,38.250000,38.389999,17.714895,1107800
2001-07-02,38.820000,39.590000,38.820000,39.529999,18.240934,704600
2001-07-03,39.759998,39.759998,39.119999,39.400002,18.180954,316600
2001-07-05,39.549999,40.299999,39.110001,39.900002,18.411674,684300
2001-07-06,39.849998,40.299999,39.680000,40.049999,18.480885,520100
2001-07-09,40.200001,40.750000,40.070000,40.590000,18.730064,529800
2001-07-10,40.450001,40.669998,39.930000,40.529999,18.702374,558800
2001-07-11,40.500000,40.950001,39.990002,40.180000,18.540871,655600
2001-07-12,39.950001,40.000000,39.450001,39.950001,18.434740,593000
2001-07-13,39.950001,40.000000,39.419998,39.730000,18.333225,455200
2001-07-16,39.709999,40.000000,39.400002,39.740002,18.337839,704600
2001-07-17,39.740002,39.740002,38.750000,38.820000,17.913305,851600
2001-07-18,39.049999,39.459999,38.820000,38.900002,17.950228,515600
2001-07-19,39.139999,39.400002,38.799999,39.090000,18.037907,508900
2001-07-20,39.099998,39.250000,37.500000,37.700001,17.396484,1480700
2001-07-23,37.779999,37.860001,35.610001,35.900002,16.565886,865100
2001-07-24,36.000000,36.230000,34.779999,35.520000,16.390539,947800
2001-07-25,35.700001,36.169998,35.009998,35.900002,16.565886,1085000
2001-07-26,35.799999,37.200001,35.799999,37.200001,17.165768,1221700
2001-07-27,37.599998,37.599998,36.400002,37.500000,17.304197,692000
2001-07-30,37.349998,37.799999,36.349998,37.290001,17.207300,485400
2001-07-31,38.099998,38.099998,37.099998,37.500000,17.304197,669800
2001-08-01,37.500000,38.400002,37.099998,38.000000,17.534925,501700
2001-08-02,38.250000,39.349998,38.220001,38.799999,17.904083,505400
2001-08-03,39.450001,39.509998,38.599998,38.889999,17.945612,560100
2001-08-06,38.650002,38.650002,37.259998,37.500000,17.304197,377300
2001-08-07,37.950001,38.250000,37.619999,37.759998,17.424173,390600
2001-08-08,37.700001,38.049999,37.150002,37.240002,17.184231,416200
2001-08-09,37.250000,38.080002,37.220001,38.000000,17.534925,4509400
2001-08-10,37.849998,37.950001,37.250000,37.750000,17.565168,1368000
2001-08-13,37.849998,37.980000,37.240002,37.410000,17.406969,277900
2001-08-14,37.650002,37.959999,37.110001,37.500000,17.448845,459700
2001-08-15,37.500000,37.849998,36.529999,37.389999,17.397665,572400
2001-08-16,37.650002,38.599998,37.389999,38.490002,17.909498,399300
2001-08-17,38.250000,38.950001,38.110001,38.950001,18.123529,402100
2001-08-20,39.000000,39.639999,38.919998,39.000000,18.146795,627800
2001-08-21,39.299999,39.459999,38.750000,38.750000,18.030470,247500
2001-08-22,38.799999,38.910000,38.310001,38.709999,18.011860,331800
2001-08-23,38.799999,38.799999,38.549999,38.700001,18.007214,307900
2001-08-24,38.799999,38.799999,38.500000,38.680000,17.997900,434800
2001-08-27,39.099998,39.400002,39.080002,39.290001,18.281738,451300
2001-08-28,39.049999,39.750000,39.049999,39.709999,18.477160,483700
2001-08-29,40.000000,40.230000,39.639999,39.990002,18.607443,549900
2001-08-30,39.990002,40.250000,39.150002,39.150002,18.216604,403700
2001-08-31,39.349998,39.450001,38.520000,38.520000,17.923458,528400
2001-09-04,38.860001,39.410000,38.750000,39.290001,18.281738,664500
2001-09-05,39.279999,39.599998,39.180000,39.250000,18.263121,717800
2001-09-06,39.119999,39.750000,39.080002,39.750000,18.495773,360900
2001-09-07,39.950001,40.200001,39.020000,39.099998,18.193325,518900
2001-09-10,39.099998,39.200001,38.110001,38.520000,17.923458,464700
2001-09-17,38.799999,38.799999,37.599998,38.400002,17.867620,680200
2001-09-18,38.400002,38.549999,38.099998,38.389999,17.862961,433600
2001-09-19,38.299999,38.310001,36.169998,36.669998,17.062639,948600
2001-09-20,36.549999,36.700001,36.150002,36.549999,17.006809,1101500
2001-09-21,35.000000,36.500000,35.000000,36.389999,16.932358,1271100
2001-09-24,36.750000,36.759998,35.000000,35.180000,16.369341,809400
2001-09-25,34.750000,35.049999,34.139999,34.580002,16.090157,938800
2001-09-26,34.500000,34.630001,33.599998,33.660000,15.662091,1646800
2001-09-27,33.660000,34.349998,33.599998,34.189999,15.908686,692200
2001-09-28,34.400002,35.650002,34.279999,35.560001,16.546156,678300
2001-10-01,35.570000,36.480000,35.099998,35.900002,16.704365,533900
2001-10-02,35.900002,37.450001,35.650002,37.450001,17.425577,596400
2001-10-03,37.450001,38.250000,37.439999,37.849998,17.611696,637700
2001-10-04,37.950001,37.970001,37.509998,37.799999,17.588434,314100
2001-10-05,38.000000,38.389999,37.439999,38.290001,17.816431,506800
2001-10-08,38.250000,38.590000,38.099998,38.480000,17.904842,692200
2001-10-09,38.400002,38.400002,37.349998,37.349998,17.379049,455600
2001-10-10,37.360001,37.360001,36.599998,36.750000,17.099871,1112700
2001-10-11,36.900002,37.000000,36.349998,36.599998,17.030077,632000
2001-10-12,36.250000,36.939999,36.169998,36.700001,17.076599,351500
2001-10-15,36.689999,36.900002,36.099998,36.200001,16.843956,363600
2001-10-16,36.700001,37.250000,36.599998,37.230000,17.323210,341200
2001-10-17,37.500000,37.750000,37.360001,37.750000,17.565168,705800
2001-10-18,37.849998,37.900002,37.000000,37.150002,17.285984,1177900
2001-10-19,37.000000,37.150002,36.110001,37.049999,17.239460,794900
2001-10-22,37.000000,37.400002,36.599998,36.700001,17.076599,482000
2001-10-23,37.099998,37.549999,37.020000,37.459999,17.430231,1005100
2001-10-24,37.450001,37.599998,37.000000,37.349998,17.379049,912700
2001-10-25,36.950001,38.000000,36.830002,38.000000,17.681494,513600
2001-10-26,37.750000,38.400002,37.000000,38.150002,17.751286,680300
2001-10-29,37.750000,38.250000,37.450001,38.000000,17.681494,592400
2001-10-30,38.000000,39.099998,37.990002,38.900002,18.100264,1376300
2001-10-31,38.700001,39.000000,38.509998,38.849998,18.077003,999600
2001-11-01,38.799999,38.799999,37.959999,38.200001,17.774557,829700
2001-11-02,38.000000,38.000000,36.599998,36.599998,17.030077,1276400
2001-11-05,36.700001,37.889999,36.599998,37.650002,17.518629,1057300
2001-11-06,37.520000,38.150002,37.250000,38.070000,17.714066,535300
2001-11-07,37.900002,38.020000,37.439999,37.549999,17.472105,749800
2001-11-08,37.320000,38.860001,37.320000,38.599998,18.119915,1255400
2001-11-09,38.450001,39.150002,38.110001,38.919998,18.270138,714500
2001-11-12,38.750000,38.900002,38.259998,38.349998,18.002558,535600
2001-11-13,38.400002,38.590000,37.900002,38.529999,18.087061,315300
2001-11-14,38.950001,38.950001,37.779999,37.799999,17.744379,550800
2001-11-15,38.049999,38.099998,37.119999,37.689999,17.692732,416500
2001-11-16,37.689999,38.200001,37.290001,38.189999,17.927450,634400
2001-11-19,38.189999,38.250000,37.150002,37.389999,17.551914,523500
2001-11-20,37.650002,37.740002,37.250000,37.570000,17.636402,650600
2001-11-21,37.650002,37.650002,36.750000,36.959999,17.350058,559100
2001-11-23,36.900002,36.950001,36.380001,36.950001,17.345362,292500
2001-11-26,36.700001,37.340000,36.700001,36.900002,17.321890,395500
2001-11-27,36.900002,37.439999,36.480000,37.000000,17.368835,424700
2001-11-28,37.000000,37.060001,36.250000,36.549999,17.157597,681700
2001-11-29,36.619999,36.770000,36.200001,36.680000,17.218613,968400
2001-11-30,36.750000,37.250000,36.669998,36.900002,17.321890,556500
2001-12-03,36.840000,37.380001,36.599998,37.299999,17.509666,960900
2001-12-04,37.299999,38.200001,37.099998,38.200001,17.932148,855100
2001-12-05,38.200001,38.349998,37.880001,38.290001,17.974398,847700
2001-12-06,38.250000,38.369999,38.099998,38.259998,17.960306,948600
2001-12-07,38.259998,39.049999,38.250000,38.700001,18.166866,768000
2001-12-10,38.700001,38.700001,38.080002,38.480000,18.063589,679500
2001-12-11,39.000000,39.000000,37.400002,37.590000,17.645802,677100
2001-12-12,37.830002,37.830002,36.570000,37.299999,17.509666,1341800
2001-12-13,37.299999,38.110001,37.200001,38.049999,17.861732,546100
2001-12-14,38.000000,38.000000,37.500000,37.900002,17.791321,690900
2001-12-17,37.820000,37.830002,36.950001,37.000000,17.368835,784800
2001-12-18,37.049999,37.700001,36.970001,37.700001,17.697435,844000
2001-12-19,37.250000,38.599998,37.099998,38.430000,18.040117,1023300
2001-12-20,38.430000,38.430000,37.650002,38.130001,17.899294,587800
2001-12-21,38.599998,38.599998,37.759998,37.799999,17.744379,949100
2001-12-24,37.900002,38.320000,37.900002,38.090000,17.880508,280600
2001-12-26,38.299999,38.939999,38.290001,38.520000,18.082365,463500
2001-12-27,38.549999,38.950001,38.230000,38.950001,18.284212,511200
2001-12-28,39.230000,39.230000,38.520000,38.900002,18.260744,493400
2001-12-31,38.880001,39.500000,38.709999,39.110001,18.359325,434800
2002-01-02,38.900002,39.849998,38.250000,39.799999,18.683233,764100
2002-01-03,39.400002,39.669998,39.150002,39.400002,18.495462,644400
2002-01-04,39.400002,39.500000,38.900002,39.310001,18.453213,495100
2002-01-07,39.049999,39.450001,38.860001,39.310001,18.453213,689600
2002-01-08,39.900002,39.950001,39.040001,39.369999,18.481373,950600
2002-01-09,39.500000,40.290001,39.360001,39.930000,18.744253,1251200
2002-01-10,39.849998,41.200001,39.720001,41.099998,19.293489,1536500
2002-01-11,41.099998,41.250000,40.599998,41.000000,19.246540,1232400
2002-01-14,40.900002,41.500000,40.849998,41.360001,19.415535,773000
2002-01-15,41.599998,41.880001,41.500000,41.650002,19.551670,901900
2002-01-16,41.400002,42.049999,41.400002,41.830002,19.636177,1090400
2002-01-17,41.700001,41.950001,41.459999,41.709999,19.579836,1581100
2002-01-18,41.709999,41.990002,41.660000,41.950001,19.692511,804200
2002-01-22,41.880001,41.880001,40.599998,40.599998,19.058786,996200
2002-01-23,40.599998,40.950001,40.439999,40.720001,19.115112,689500
2002-01-24,40.720001,40.980000,40.320000,40.480000,19.002439,599200
2002-01-25,40.400002,40.619999,40.040001,40.450001,18.988365,638700
2002-01-28,40.049999,40.349998,39.799999,40.049999,18.800589,595600
2002-01-29,40.500000,40.799999,39.119999,39.820000,18.692621,1258700
2002-01-30,40.099998,40.130001,39.150002,39.869999,18.716093,861300
2002-01-31,40.020000,41.200001,40.020000,41.180000,19.331047,1183800
2002-02-01,41.250000,41.400002,40.799999,41.259998,19.368595,770400
2002-02-04,41.400002,41.400002,40.840000,41.320000,19.396772,901200
2002-02-05,41.439999,41.560001,41.000000,41.380001,19.424929,1061900
2002-02-06,41.400002,41.590000,40.900002,41.320000,19.396772,1796100
2002-02-07,41.650002,41.939999,41.560001,41.900002,19.827389,1574300
2002-02-08,41.950001,42.000000,41.450001,41.720001,19.742205,1093900
2002-02-11,41.650002,41.840000,40.900002,41.689999,19.728001,1067000
2002-02-12,41.700001,41.900002,40.889999,40.970001,19.387302,1558600
2002-02-13,40.980000,41.270000,40.799999,41.220001,19.505600,1136200
2002-02-14,41.220001,41.220001,40.790001,41.090000,19.444086,567200
2002-02-15,41.150002,41.400002,40.650002,40.700001,19.259525,776500
2002-02-19,40.610001,40.950001,40.410000,40.750000,19.283188,656200
2002-02-20,40.549999,40.680000,39.889999,40.599998,19.212221,642000
2002-02-21,40.599998,41.160000,40.250000,40.290001,19.065517,442600
2002-02-22,40.299999,40.900002,39.700001,40.799999,19.306843,548500
2002-02-25,40.950001,40.990002,40.450001,40.500000,19.164896,550400
2002-02-26,40.299999,40.869999,40.299999,40.709999,19.264259,926900
2002-02-27,40.900002,41.650002,40.889999,41.349998,19.567112,733000
2002-02-28,41.250000,41.900002,41.200001,41.279999,19.533991,787600
2002-03-01,41.299999,41.750000,41.279999,41.500000,19.638102,829200
2002-03-04,41.849998,42.430000,41.580002,42.430000,20.078173,1024400
2002-03-05,42.450001,42.750000,42.000000,42.650002,20.182291,916300
2002-03-06,42.799999,43.389999,42.099998,43.320000,20.499331,1009500
2002-03-07,43.299999,43.430000,42.619999,42.900002,20.300592,1140400
2002-03-08,42.990002,43.400002,42.799999,43.220001,20.452011,969500
2002-03-11,43.230000,43.480000,42.650002,43.139999,20.414162,854600
2002-03-12,43.139999,43.189999,42.549999,42.740002,20.224880,656100
2002-03-13,42.740002,42.740002,42.299999,42.349998,20.040327,484400
2002-03-14,42.450001,42.500000,41.790001,41.950001,19.851049,823700
2002-03-15,41.980000,42.130001,41.799999,41.930000,19.841579,674000
2002-03-18,41.700001,41.830002,41.259998,41.520000,19.647568,1104400
2002-03-19,41.450001,41.740002,41.430000,41.480000,19.628632,1272400
2002-03-20,41.000000,41.840000,40.849998,41.590000,19.680685,1170600
2002-03-21,41.650002,42.590000,41.619999,42.500000,20.111294,836500
2002-03-22,42.720001,43.189999,42.450001,42.889999,20.295855,715000
2002-03-25,42.939999,43.400002,42.340000,43.150002,20.418888,933200
2002-03-26,43.099998,43.439999,42.650002,43.029999,20.362103,814100
2002-03-27,43.029999,43.250000,42.799999,43.009998,20.352640,1006200
2002-03-28,43.049999,43.880001,43.000000,43.410000,20.541920,909100
2002-04-01,43.349998,43.900002,43.110001,43.459999,20.565594,680700
2002-04-02,43.660000,44.029999,43.549999,43.939999,20.792727,649600
2002-04-03,43.900002,44.060001,43.700001,43.950001,20.797457,541300
2002-04-04,43.549999,44.450001,43.549999,43.950001,20.797457,544100
2002-04-05,43.599998,44.139999,43.259998,43.660000,20.660229,356600
2002-04-08,43.660000,44.389999,43.480000,44.299999,20.963079,559700
2002-04-09,44.250000,44.270000,43.650002,43.730000,20.693356,525500
2002-04-10,43.630001,44.689999,43.610001,44.590000,21.100311,629700
2002-04-11,44.700001,45.400002,44.500000,44.500000,21.057724,1290400
2002-04-12,44.450001,44.730000,44.209999,44.549999,21.081377,625000
2002-04-15,44.799999,44.799999,44.110001,44.119999,20.877895,707600
2002-04-16,44.130001,44.740002,44.099998,44.639999,21.123964,916200
2002-04-17,44.750000,45.099998,44.599998,44.900002,21.247002,579800
2002-04-18,44.950001,45.349998,44.799999,45.209999,21.393696,308800
2002-04-19,45.209999,45.470001,45.119999,45.410000,21.488342,657300
2002-04-22,45.650002,46.000000,45.650002,45.910000,21.724934,642300
2002-04-23,46.000000,46.580002,45.950001,46.160000,21.843231,497100
2002-04-24,46.250000,46.500000,46.029999,46.450001,21.980480,946100
2002-04-25,46.250000,46.250000,45.750000,45.930000,21.734398,1075400
2002-04-26,46.000000,46.009998,45.400002,45.599998,21.578251,1744700
2002-04-29,45.610001,46.419998,45.320000,46.099998,21.814842,719600
2002-04-30,46.000000,46.400002,45.860001,46.400002,21.956812,758400
2002-05-01,46.340000,46.349998,45.560001,45.900002,21.720203,996500
2002-05-02,45.799999,46.700001,45.509998,46.700001,22.098768,673300
2002-05-03,46.549999,46.750000,46.049999,46.599998,22.051466,921200
2002-05-06,46.599998,46.669998,46.320000,46.599998,22.051466,485900
2002-05-07,46.700001,46.849998,46.040001,46.090000,21.810123,764300
2002-05-08,46.049999,46.060001,45.270000,45.680000,21.616096,1532700
2002-05-09,45.680000,45.779999,45.480000,45.480000,21.521467,1002600
2002-05-10,45.500000,45.750000,45.000000,45.220001,21.554836,1227400
2002-05-13,45.349998,45.990002,45.049999,45.500000,21.688297,953700
2002-05-14,45.599998,45.630001,45.200001,45.590000,21.731190,904700
2002-05-15,45.540001,45.549999,45.220001,45.290001,21.588198,935900
2002-05-16,45.400002,45.490002,44.509998,44.549999,21.235462,768500
2002-05-17,44.650002,44.669998,43.299999,44.360001,21.144899,1064100
2002-05-20,44.360001,45.180000,44.340000,44.950001,21.426128,607100
2002-05-21,44.970001,45.480000,44.660000,44.919998,21.411837,633400
2002-05-22,44.970001,45.910000,44.970001,45.799999,21.831297,545900
2002-05-23,45.900002,46.150002,45.549999,45.700001,21.783628,746700
2002-05-24,45.700001,46.220001,45.439999,46.070000,21.959988,634000
2002-05-28,46.220001,46.470001,45.900002,46.090000,21.969532,365400
2002-05-29,46.049999,46.049999,45.290001,45.290001,21.588198,633900
2002-05-30,44.799999,45.200001,44.259998,44.400002,21.163967,710900
2002-05-31,43.900002,44.480000,43.900002,43.980000,20.963766,1017100
2002-06-03,43.980000,43.980000,42.869999,43.040001,20.515701,887300
2002-06-04,43.049999,43.910000,42.990002,43.110001,20.549061,1239500
2002-06-05,43.110001,43.189999,42.299999,42.709999,20.358389,749000
2002-06-06,42.810001,42.849998,41.900002,41.900002,19.972303,641700
2002-06-07,41.900002,42.500000,41.549999,42.340000,20.182032,984600
2002-06-10,42.330002,42.980000,42.040001,42.720001,20.363169,929800
2002-06-11,42.759998,43.090000,42.040001,42.150002,20.091471,1019500
2002-06-12,42.049999,42.500000,41.880001,42.049999,20.043800,1310700
2002-06-13,42.099998,42.500000,41.980000,42.110001,20.072395,1153300
2002-06-14,42.110001,42.150002,41.200001,41.599998,19.829298,1257600
2002-06-17,41.650002,42.439999,41.310001,42.349998,20.186796,961000
2002-06-18,42.400002,43.349998,42.349998,43.209999,20.596729,1064700
2002-06-19,43.139999,43.570000,42.750000,42.799999,20.401302,693500
2002-06-20,42.980000,43.500000,42.980000,43.000000,20.496635,919100
2002-06-21,43.049999,43.549999,43.009998,43.500000,20.734959,1766700
2002-06-24,43.500000,43.509998,42.590000,42.630001,20.320263,956200
2002-06-25,42.549999,42.720001,42.099998,42.189999,20.110527,1431300
2002-06-26,41.250000,42.029999,41.200001,41.750000,19.900797,948500
2002-06-27,41.599998,42.049999,41.049999,41.630001,19.843597,1321200
2002-06-28,41.750000,42.599998,41.700001,42.439999,20.229706,1291600
2002-07-01,42.439999,42.580002,42.049999,42.049999,20.043800,915100
2002-07-02,42.049999,42.299999,41.549999,41.750000,19.900797,769100
2002-07-03,41.849998,42.099998,41.500000,41.599998,19.829298,605700
2002-07-05,41.650002,42.130001,41.419998,41.980000,20.010427,309200
2002-07-08,42.500000,42.610001,41.639999,42.009998,20.024727,707700
2002-07-09,41.900002,42.070000,41.040001,41.250000,19.662464,692300
2002-07-10,41.299999,41.299999,38.700001,38.770000,18.480333,1699700
2002-07-11,38.770000,39.730000,38.419998,39.549999,18.852133,1596900
2002-07-12,39.599998,39.599998,37.990002,38.410000,18.308737,1274800
2002-07-15,38.169998,39.349998,36.680000,39.349998,18.756804,1473100
2002-07-16,39.349998,39.799999,38.200001,38.270000,18.242012,1212900
2002-07-17,38.599998,39.130001,37.849998,38.480000,18.342102,1820000
2002-07-18,38.480000,38.500000,37.450001,37.500000,17.874969,1032100
2002-07-19,37.200001,37.500000,35.849998,36.599998,17.445976,1600100
2002-07-22,36.799999,37.000000,35.299999,36.400002,17.350641,1267400
2002-07-23,36.419998,36.419998,32.529999,33.180000,15.815771,2067900
2002-07-24,32.299999,36.139999,32.119999,35.939999,17.131367,1812700
2002-07-25,35.500000,37.509998,35.470001,36.900002,17.588966,1823000
2002-07-26,36.849998,37.389999,36.200001,36.549999,17.422138,1604600
2002-07-29,37.000000,37.279999,36.279999,36.900002,17.588966,1470400
2002-07-30,37.139999,39.900002,37.049999,39.820000,18.980833,1217300
2002-07-31,39.830002,41.290001,39.189999,40.529999,19.319269,1709100
2002-08-01,40.540001,41.540001,39.689999,40.000000,19.066631,1416400
2002-08-02,40.000000,41.000000,39.349998,39.529999,18.842600,1174700
2002-08-05,39.599998,40.639999,39.299999,40.270000,19.195328,1197200
2002-08-06,41.000000,41.770000,40.759998,41.419998,19.743502,708200
2002-08-07,42.000000,42.240002,41.250000,41.689999,19.872198,1030800
2002-08-08,41.500000,42.230000,40.849998,42.230000,20.129599,945800
2002-08-09,41.900002,42.090000,41.000000,41.049999,19.721249,1076700
2002-08-12,40.889999,42.389999,40.799999,42.189999,20.268921,756900
2002-08-13,42.049999,42.060001,41.160000,41.160000,19.774086,660700
2002-08-14,41.099998,43.250000,41.099998,43.250000,20.778162,1019000
2002-08-15,43.200001,43.299999,42.250000,42.709999,20.518734,673900
2002-08-16,42.459999,42.480000,41.700001,41.970001,20.163219,615100
2002-08-19,41.900002,42.840000,41.750000,42.700001,20.513939,539300
2002-08-20,42.590000,43.369999,42.400002,42.840000,20.581186,1064500
2002-08-21,43.000000,44.470001,42.750000,44.419998,21.340260,543500
2002-08-22,44.400002,44.740002,43.119999,43.570000,20.931904,1269800
2002-08-23,43.349998,43.900002,43.150002,43.540001,20.917496,660300
2002-08-26,43.540001,44.660000,43.500000,44.470001,21.364273,675100
2002-08-27,44.650002,44.950001,43.049999,43.230000,20.768559,961600
2002-08-28,43.200001,43.299999,42.700001,42.980000,20.648451,567900
2002-08-29,42.750000,42.950001,41.900002,42.000000,20.177639,576000
2002-08-30,41.849998,42.759998,41.480000,42.189999,20.268921,622200
2002-09-03,41.939999,42.119999,41.000000,41.580002,19.975868,885600
2002-09-04,41.619999,41.900002,40.639999,41.480000,19.927822,777700
2002-09-05,41.400002,41.919998,40.700001,40.990002,19.692415,784600
2002-09-06,40.950001,41.250000,40.599998,40.779999,19.591522,826800
2002-09-09,40.549999,41.139999,39.759998,40.950001,19.673197,776300
2002-09-10,41.000000,41.000000,39.700001,40.000000,19.216801,1101500
2002-09-11,40.000000,40.400002,39.849998,40.150002,19.288866,665000
2002-09-12,40.150002,40.450001,39.639999,39.669998,19.058256,1790200
2002-09-13,39.500000,40.950001,39.450001,40.900002,19.649174,1083500
2002-09-16,40.099998,41.090000,39.660000,40.860001,19.629951,1068500
2002-09-17,41.099998,41.250000,39.090000,39.240002,18.851685,1216200
2002-09-18,39.000000,41.040001,38.799999,40.320000,19.370525,1073200
2002-09-19,40.250000,40.799999,39.700001,40.160000,19.293669,811600
2002-09-20,40.160000,40.160000,38.480000,39.869999,19.154346,1494200
2002-09-23,39.750000,39.799999,39.000000,39.290001,18.875708,1298000
2002-09-24,39.299999,39.320000,38.000000,38.000000,18.255957,2340500
2002-09-25,38.400002,39.200001,38.099998,38.759998,18.621084,1584100
2002-09-26,39.099998,40.799999,39.040001,40.650002,19.529070,1904200
2002-09-27,40.549999,41.150002,39.950001,40.610001,19.509855,1436300
2002-09-30,40.299999,42.000000,39.849998,41.599998,19.985468,1234600
2002-10-01,41.500000,43.189999,40.750000,42.700001,20.513939,1394200
2002-10-02,42.700001,43.759998,42.349998,42.610001,20.470692,1424900
2002-10-03,42.599998,43.000000,41.709999,41.939999,20.148813,1272500
2002-10-04,40.900002,40.910000,39.099998,39.849998,19.144737,1867300
2002-10-07,41.500000,43.700001,40.990002,43.090000,20.701298,3699000
2002-10-08,43.500000,43.500000,39.990002,41.099998,19.745260,2737900
2002-10-09,40.400002,40.549999,37.500000,37.599998,18.063795,2451700
2002-10-10,37.990002,41.279999,36.799999,40.689999,19.548292,2356700
2002-10-11,41.000000,41.049999,38.849998,39.230000,18.846874,2169900
2002-10-14,39.230000,40.349998,37.549999,39.930000,19.183168,1257100
2002-10-15,41.000000,41.000000,39.700001,40.000000,19.216801,1516600
2002-10-16,40.000000,40.049999,37.799999,38.000000,18.255957,2001500
2002-10-17,38.599998,39.250000,37.709999,38.750000,18.616280,1777400
2002-10-18,38.200001,39.349998,37.799999,38.700001,18.592260,1509600
2002-10-21,38.700001,41.349998,38.549999,41.200001,19.793306,1206200
2002-10-22,41.599998,42.299999,40.200001,40.360001,19.389750,1172000
2002-10-23,40.900002,42.900002,40.700001,42.540001,20.437063,1316900
2002-10-24,42.540001,43.790001,41.759998,43.450001,20.874247,1393100
2002-10-25,43.459999,43.650002,42.380001,43.160000,20.734930,811700
2002-10-28,43.799999,44.139999,42.700001,43.110001,20.710903,1049900
2002-10-29,43.119999,43.799999,42.700001,43.650002,20.970325,954000
2002-10-30,44.150002,44.650002,43.400002,44.480000,21.369080,705800
2002-10-31,44.389999,44.500000,43.150002,44.090000,21.181711,1087500
2002-11-01,43.849998,44.599998,43.650002,44.529999,21.393112,715700
2002-11-04,44.540001,45.709999,44.540001,45.250000,21.738998,991500
2002-11-05,45.549999,45.549999,44.639999,44.900002,21.570860,759900
2002-11-06,44.799999,45.599998,44.349998,44.959999,21.599686,790200
2002-11-07,44.299999,44.340000,42.740002,44.160000,21.381802,1607800
2002-11-08,44.169998,44.169998,42.509998,42.740002,20.694252,866900
2002-11-11,42.750000,43.599998,42.240002,43.490002,21.057396,1219300
2002-11-12,44.099998,44.200001,42.150002,42.799999,20.723309,1194300
2002-11-13,42.810001,43.400002,42.560001,42.900002,20.771727,858900
2002-11-14,43.200001,43.450001,42.860001,43.290001,20.960552,1177000
2002-11-15,43.000000,43.759998,43.000000,43.549999,21.086445,1538900
2002-11-18,43.500000,44.250000,43.349998,44.150002,21.376957,810000
2002-11-19,44.160000,44.299999,43.509998,43.869999,21.241383,626500
2002-11-20,43.900002,44.509998,42.400002,42.889999,20.766869,1713200
2002-11-21,42.950001,43.180000,42.599998,42.930000,20.786253,905900
2002-11-22,42.939999,44.230000,42.700001,43.980000,21.294645,886900
2002-11-25,43.990002,44.750000,43.520000,44.250000,21.425365,1340900
2002-11-26,44.259998,44.259998,43.220001,43.220001,20.926657,872400
2002-11-27,43.299999,43.930000,43.049999,43.700001,21.159073,872700
2002-11-29,43.810001,43.990002,43.410000,43.730000,21.173611,341400
2002-12-02,44.099998,44.349998,43.880001,44.160000,21.381802,1146300
2002-12-03,43.799999,44.830002,43.799999,44.610001,21.599688,593400
2002-12-04,44.610001,45.049999,44.000000,44.049999,21.328543,873500
2002-12-05,44.279999,44.619999,43.400002,43.599998,21.110657,648700
2002-12-06,43.450001,43.450001,43.000000,43.230000,20.931505,813800
2002-12-09,43.150002,44.299999,43.150002,43.990002,21.299486,705800
2002-12-10,44.150002,44.270000,43.799999,44.250000,21.425365,734000
2002-12-11,44.200001,45.029999,44.060001,44.950001,21.764305,831600
2002-12-12,44.980000,45.070000,44.509998,44.650002,21.619049,781100
2002-12-13,44.660000,45.180000,44.509998,44.709999,21.648109,1013700
2002-12-16,44.720001,45.520000,44.720001,45.520000,22.040304,1266000
2002-12-17,45.450001,45.799999,45.200001,45.410000,21.987040,719300
2002-12-18,45.299999,45.959999,45.299999,45.700001,22.127449,596800
2002-12-19,45.700001,45.779999,45.020000,45.450001,22.006409,764200
2002-12-20,45.650002,46.299999,45.639999,46.270000,22.403437,1544700
2002-12-23,46.270000,46.419998,45.650002,45.799999,22.175869,649800
2002-12-24,46.000000,46.000000,45.750000,45.849998,22.200085,231100
2002-12-26,45.860001,46.180000,45.799999,45.919998,22.233976,770400
2002-12-27,46.000000,46.290001,45.299999,45.549999,22.054836,419700
2002-12-30,45.650002,46.240002,45.599998,46.139999,22.340492,1039200
2002-12-31,46.130001,46.160000,45.349998,45.590000,22.074190,519400
2003-01-02,45.900002,46.740002,45.669998,46.700001,22.611639,1205600
2003-01-03,46.700001,47.080002,46.439999,46.730000,22.626169,1047400
2003-01-06,46.830002,48.380001,46.830002,48.369999,23.420238,1901800
2003-01-07,48.380001,48.380001,46.599998,47.450001,22.974775,1675100
2003-01-08,47.450001,48.250000,47.400002,47.970001,23.226566,1353600
2003-01-09,48.099998,48.099998,47.299999,47.869999,23.178139,935200
2003-01-10,47.750000,47.750000,47.299999,47.610001,23.052258,566000
2003-01-13,47.619999,48.099998,46.700001,47.959999,23.221722,1324700
2003-01-14,47.950001,48.279999,47.700001,48.040001,23.260458,1520100
2003-01-15,48.049999,48.150002,47.779999,47.900002,23.192661,936400
2003-01-16,48.099998,48.349998,48.000000,48.169998,23.323404,1242300
2003-01-17,48.049999,48.080002,47.349998,47.529999,23.013519,888100
2003-01-21,47.500000,47.750000,46.320000,46.349998,22.442171,954900
2003-01-22,46.000000,46.619999,45.599998,46.150002,22.345327,1431200
2003-01-23,46.299999,46.680000,46.060001,46.070000,22.306602,1092100
2003-01-24,46.080002,46.080002,45.099998,45.799999,22.175869,1203600
2003-01-27,44.950001,45.000000,43.849998,44.049999,21.328543,1200900
2003-01-28,44.599998,44.959999,44.490002,44.900002,21.740101,992000
2003-01-29,44.910000,45.389999,44.130001,45.150002,21.861149,907600
2003-01-30,44.950001,45.470001,44.430000,44.450001,21.522209,1011500
2003-01-31,44.549999,44.580002,44.119999,44.450001,21.522209,913300
2003-02-03,45.000000,46.049999,44.889999,45.849998,22.200085,1845900
2003-02-04,46.450001,46.450001,45.720001,46.000000,22.272711,1732100
2003-02-05,46.009998,46.009998,45.450001,45.500000,22.030615,1077500
2003-02-06,45.299999,45.700001,45.130001,45.240002,21.904728,2601700
2003-02-07,44.900002,45.279999,44.349998,44.580002,21.753462,794800
2003-02-10,44.730000,44.799999,44.290001,44.570000,21.748573,682700
2003-02-11,44.799999,44.799999,43.549999,43.689999,21.319166,902300
2003-02-12,43.799999,44.099998,42.730000,42.849998,20.909275,1117900
2003-02-13,42.860001,44.009998,42.259998,43.700001,21.324043,1235800
2003-02-14,44.349998,44.950001,44.000000,44.889999,21.904718,923900
2003-02-18,44.500000,45.509998,44.330002,45.150002,22.031601,1419600
2003-02-19,45.099998,45.599998,45.000000,45.349998,22.129185,1010500
2003-02-20,45.360001,45.900002,45.200001,45.580002,22.241421,1052600
2003-02-21,45.590000,46.220001,45.500000,45.849998,22.373175,1167900
2003-02-24,45.450001,45.790001,44.849998,45.180000,22.046236,1476400
2003-02-25,45.200001,45.709999,44.820000,45.340000,22.124306,885000
2003-02-26,45.349998,45.650002,45.070000,45.230000,22.070633,932400
2003-02-27,45.450001,45.619999,44.910000,45.180000,22.046236,1403900
2003-02-28,45.419998,45.650002,45.160000,45.549999,22.226789,1169700
2003-03-03,45.599998,46.259998,45.599998,46.240002,22.563473,1556000
2003-03-04,46.049999,46.189999,45.299999,45.680000,22.290211,1104300
2003-03-05,45.680000,46.000000,45.250000,45.900002,22.397562,842300
2003-03-06,45.840000,46.209999,45.299999,45.990002,22.441481,1221100
2003-03-07,45.910000,46.400002,45.700001,46.000000,22.446369,818100
2003-03-10,45.799999,45.939999,45.509998,45.650002,22.275585,906200
2003-03-11,45.599998,46.099998,45.259998,45.299999,22.104782,1010700
2003-03-12,45.349998,45.759998,44.990002,45.680000,22.290211,1082300
2003-03-13,46.500000,47.000000,45.880001,46.930000,22.900167,1781300
2003-03-14,47.000000,47.610001,46.980000,47.509998,23.183187,1715800
2003-03-17,47.610001,48.070000,47.520000,47.980000,23.412540,1655100
2003-03-18,48.000000,48.400002,47.810001,48.060001,23.451572,1443200
2003-03-19,48.029999,48.250000,47.790001,48.220001,23.529644,1394300
2003-03-20,48.230000,48.750000,48.080002,48.660000,23.744343,1034200
2003-03-21,48.950001,49.549999,48.689999,49.490002,24.149361,1532100
2003-03-24,49.500000,49.500000,48.450001,48.570000,23.700432,880200
2003-03-25,48.599998,49.430000,48.599998,49.320000,24.066404,1017400
2003-03-26,49.320000,49.490002,48.630001,48.669998,23.749222,911700
2003-03-27,48.680000,48.680000,47.160000,47.930000,23.388136,2128300
2003-03-28,47.549999,47.689999,47.090000,47.529999,23.192951,1822200
2003-03-31,47.529999,48.380001,47.220001,48.150002,23.495483,1020100
2003-04-01,48.090000,48.250000,47.889999,48.160000,23.500355,1007200
2003-04-02,48.430000,48.849998,48.299999,48.490002,23.661396,755000
2003-04-03,48.599998,48.599998,47.799999,47.990002,23.417414,1039200
2003-04-04,48.049999,48.939999,47.980000,48.730000,23.778507,862200
2003-04-07,49.000000,49.560001,48.400002,48.430000,23.632118,747400
2003-04-08,48.439999,48.439999,46.990002,47.240002,23.051437,2767600
2003-04-09,47.150002,47.599998,46.810001,46.880001,22.875765,1736800
2003-04-10,47.049999,47.130001,46.599998,46.740002,22.807459,1474100
2003-04-11,47.150002,47.320000,46.439999,46.529999,22.704981,2491700
2003-04-14,46.250000,46.599998,46.250000,46.549999,22.714743,1951700
2003-04-15,46.950001,47.650002,46.939999,47.650002,23.251501,1774000
2003-04-16,47.980000,48.200001,47.599998,47.750000,23.300295,1090000
2003-04-17,47.750000,48.090000,47.650002,48.009998,23.427172,705700
2003-04-21,48.049999,48.290001,47.880001,48.000000,23.422298,729300
2003-04-22,48.000000,48.279999,46.549999,48.060001,23.451572,1780100
2003-04-23,47.900002,48.080002,47.669998,48.060001,23.451572,856700
2003-04-24,47.959999,48.680000,47.900002,48.400002,23.617477,975100
2003-04-25,48.400002,48.560001,47.950001,48.080002,23.461332,1136600
2003-04-28,48.080002,48.450001,47.450001,47.470001,23.163664,1888400
2003-04-29,48.049999,48.060001,47.209999,47.220001,23.041679,1930500
2003-04-30,47.220001,47.220001,46.299999,46.610001,22.744026,2551800
2003-05-01,46.610001,46.700001,45.900002,46.349998,22.617147,1451200
2003-05-02,46.750000,47.290001,46.650002,47.200001,23.031921,1528800
2003-05-05,47.099998,47.860001,47.099998,47.610001,23.231991,1211200
2003-05-06,47.750000,48.700001,47.650002,48.299999,23.568686,1491000
2003-05-07,48.299999,48.619999,48.250000,48.500000,23.666281,1195600
2003-05-08,48.250000,48.820000,48.209999,48.630001,23.729717,2161000
2003-05-09,49.020000,49.430000,48.250000,48.520000,23.847677,628900
2003-05-12,48.549999,48.840000,48.230000,48.650002,23.911566,936700
2003-05-13,48.549999,48.810001,48.320000,48.520000,23.847677,843600
2003-05-14,48.799999,48.849998,48.029999,48.070000,23.626501,1205500
2003-05-15,48.250000,48.830002,48.200001,48.650002,23.911566,1420500
2003-05-16,49.000000,49.459999,48.470001,49.380001,24.270365,1719800
2003-05-19,49.380001,49.380001,48.560001,48.750000,23.960714,866300
2003-05-20,49.000000,49.580002,48.880001,49.119999,24.142563,865000
2003-05-21,49.130001,49.130001,48.000000,48.540001,23.857504,1811900
2003-05-22,48.549999,49.389999,48.549999,49.200001,24.181890,1283300
2003-05-23,49.299999,51.580002,49.299999,51.189999,25.159977,2133800
2003-05-27,51.189999,51.650002,50.500000,51.490002,25.307434,1980900
2003-05-28,51.250000,51.630001,50.950001,51.419998,25.273018,1488700
2003-05-29,51.349998,51.990002,50.349998,50.580002,24.860157,1818200
2003-05-30,50.700001,51.990002,50.700001,51.689999,25.405729,1193600
2003-06-02,52.000000,53.020000,51.799999,52.730000,25.916883,1882300
2003-06-03,52.200001,52.990002,51.900002,52.970001,26.034851,1050100
2003-06-04,52.650002,53.509998,52.599998,53.320000,26.206877,805000
2003-06-05,53.310001,53.369999,52.380001,52.380001,25.744871,1008200
2003-06-06,52.450001,52.759998,52.119999,52.209999,25.661310,1023900
2003-06-09,52.209999,52.639999,51.650002,51.849998,25.484373,937200
2003-06-10,51.950001,52.299999,51.650002,51.840000,25.479456,488700
2003-06-11,52.000000,52.610001,51.770000,52.450001,25.779274,998500
2003-06-12,52.549999,53.099998,52.160000,53.099998,26.098753,1014000
2003-06-13,53.299999,53.680000,52.610001,53.020000,26.059433,884500
2003-06-16,53.230000,54.299999,53.070000,54.139999,26.609915,682900
2003-06-17,54.240002,54.380001,53.610001,53.630001,26.359243,905000
2003-06-18,53.799999,53.799999,53.150002,53.529999,26.310093,792500
2003-06-19,53.549999,53.799999,53.119999,53.150002,26.123320,1178900
2003-06-20,53.130001,53.520000,52.869999,53.099998,26.098753,1214000
2003-06-23,53.299999,53.299999,52.270000,52.450001,25.779274,661500
2003-06-24,52.349998,52.630001,52.029999,52.279999,25.695717,525200
2003-06-25,52.349998,53.310001,52.349998,52.720001,25.911980,860800
2003-06-26,52.549999,53.599998,52.529999,53.110001,26.103664,750000
2003-06-27,53.150002,53.680000,52.650002,52.919998,26.010281,803900
2003-06-30,52.799999,53.099998,52.450001,52.779999,25.941458,920200
2003-07-01,52.779999,53.619999,52.130001,53.320000,26.206877,1069700
2003-07-02,53.200001,53.770000,53.150002,53.669998,26.378902,598200
2003-07-03,53.669998,53.900002,53.250000,53.490002,26.290434,497100
2003-07-07,53.700001,54.000000,53.189999,53.209999,26.152819,696000
2003-07-08,53.150002,53.200001,52.340000,52.410000,25.759613,960000
2003-07-09,52.410000,52.650002,52.099998,52.299999,25.705549,1242800
2003-07-10,52.250000,52.250000,50.939999,50.950001,25.042013,1293900
2003-07-11,51.000000,51.270000,50.430000,50.480000,24.811029,1858600
2003-07-14,50.900002,51.119999,50.259998,50.290001,24.717623,1248100
2003-07-15,50.290001,50.290001,49.349998,49.389999,24.275274,1537200
2003-07-16,49.450001,49.560001,48.400002,48.650002,23.911566,1656200
2003-07-17,48.200001,48.529999,47.750000,48.470001,23.823099,1438600
2003-07-18,48.700001,49.790001,48.509998,49.549999,24.353914,1288100
2003-07-21,49.520000,49.849998,48.820000,49.070000,24.117990,708500
2003-07-22,48.990002,50.150002,48.849998,50.090000,24.619328,1015400
2003-07-23,50.099998,50.400002,49.820000,50.279999,24.712715,1021200
2003-07-24,50.279999,51.200001,50.279999,50.720001,24.928978,1560200
2003-07-25,50.720001,51.040001,50.590000,50.900002,25.017445,1110000
2003-07-28,50.910000,51.250000,50.450001,50.590000,24.865084,1667600
2003-07-29,51.000000,51.150002,50.450001,50.790001,24.963385,1430800
2003-07-30,50.900002,51.209999,50.869999,51.020000,25.076427,1171200
2003-07-31,51.110001,51.869999,51.110001,51.509998,25.317257,1036700
2003-08-01,51.490002,51.650002,51.200001,51.299999,25.214039,625800
2003-08-04,51.250000,51.549999,50.500000,51.110001,25.120663,950600
2003-08-05,50.980000,51.230000,50.650002,50.830002,24.983028,1145700
2003-08-06,50.849998,51.849998,50.750000,51.520000,25.322174,845800
2003-08-07,51.349998,51.730000,50.389999,51.700001,25.410646,2457100
2003-08-08,51.270000,51.540001,51.060001,51.470001,25.519726,975400
2003-08-11,51.500000,51.619999,51.299999,51.480000,25.524681,508900
2003-08-12,51.400002,51.910000,51.209999,51.900002,25.732924,558200
2003-08-13,52.000000,52.270000,51.700001,51.900002,25.732924,648600
2003-08-14,52.099998,52.200001,51.869999,51.950001,25.757721,897500
2003-08-15,52.099998,52.150002,51.560001,51.799999,25.683340,308900
2003-08-18,52.000000,52.000000,51.259998,51.570000,25.569309,681600
2003-08-19,51.570000,51.930000,51.509998,51.720001,25.643671,832200
2003-08-20,51.680000,52.020000,51.599998,52.000000,25.782516,591500
2003-08-21,52.099998,52.549999,52.049999,52.099998,25.832088,1210100
2003-08-22,52.299999,52.340000,51.730000,51.849998,25.708130,963600
2003-08-25,51.849998,51.939999,51.580002,51.919998,25.742840,685200
2003-08-26,51.880001,52.400002,51.880001,52.200001,25.881672,901100
2003-08-27,52.299999,52.439999,52.150002,52.250000,25.906469,1022500
2003-08-28,52.340000,52.509998,52.270000,52.400002,25.980843,650300
2003-08-29,52.169998,52.599998,52.070000,52.450001,26.005623,669900
2003-09-02,52.599998,54.160000,52.599998,54.150002,26.848507,1779500
2003-09-03,54.150002,54.650002,54.099998,54.639999,27.091454,1539700
2003-09-04,54.490002,54.540001,54.049999,54.270000,26.908010,1150200
2003-09-05,54.250000,54.450001,53.880001,54.349998,26.947680,983800
2003-09-08,54.349998,54.500000,54.200001,54.490002,27.017088,846000
2003-09-09,54.500000,54.599998,54.099998,54.150002,26.848507,753600
2003-09-10,54.130001,54.150002,53.759998,53.849998,26.699780,1344300
2003-09-11,54.000000,54.000000,53.139999,53.139999,26.347734,1047300
2003-09-12,53.250000,53.299999,52.700001,53.169998,26.362608,1743600
2003-09-15,53.209999,53.299999,52.900002,53.099998,26.327911,970900
2003-09-16,53.000000,54.320000,52.860001,54.209999,26.878262,1630600
2003-09-17,54.400002,54.990002,54.029999,54.230000,26.888193,1218400
2003-09-18,54.230000,54.889999,54.230000,54.639999,27.091454,953100
2003-09-19,54.750000,54.889999,54.520000,54.680000,27.111294,654200
2003-09-22,54.689999,54.689999,53.959999,54.230000,26.888193,528400
2003-09-23,54.270000,54.560001,54.169998,54.349998,26.947680,730000
2003-09-24,54.320000,54.410000,53.849998,54.080002,26.813816,951700
2003-09-25,54.099998,54.150002,53.430000,53.509998,26.531189,879600
2003-09-26,53.509998,54.209999,53.349998,53.950001,26.749346,997400
2003-09-29,54.000000,54.480000,53.549999,54.480000,27.012135,675700
2003-09-30,54.299999,54.500000,53.650002,54.150002,26.848507,922500
2003-10-01,54.099998,54.700001,54.000000,54.619999,27.081551,932300
2003-10-02,54.779999,54.980000,54.400002,54.980000,27.260044,618200
2003-10-03,55.000000,55.299999,54.630001,54.799999,27.170790,1266300
2003-10-06,55.000000,55.020000,54.650002,54.950001,27.245169,704900
2003-10-07,54.950001,55.009998,54.400002,54.799999,27.170790,607200
2003-10-08,55.000000,55.000000,54.090000,54.240002,26.893139,569800
2003-10-09,54.240002,54.570000,53.930000,54.080002,26.813816,1095600
2003-10-10,54.049999,54.150002,53.650002,53.720001,26.635328,695000
2003-10-13,53.799999,54.230000,53.439999,53.500000,26.526232,509700
2003-10-14,53.500000,54.080002,53.400002,54.049999,26.798943,719900
2003-10-15,54.099998,54.099998,53.459999,53.639999,26.595650,1107300
2003-10-16,53.689999,54.000000,53.610001,53.700001,26.625401,930500
2003-10-17,53.950001,54.310001,53.840000,54.150002,26.848507,1330600
2003-10-20,53.900002,54.439999,53.900002,54.389999,26.967516,536100
2003-10-21,54.389999,54.799999,54.139999,54.680000,27.111294,822200
2003-10-22,54.400002,54.700001,54.259998,54.500000,27.022055,846700
2003-10-23,55.000000,55.000000,54.270000,54.570000,27.056757,606300
2003-10-24,54.349998,55.099998,54.250000,54.900002,27.220388,622300
2003-10-27,55.000000,55.299999,54.689999,54.930000,27.235264,681600
2003-10-28,54.970001,55.000000,54.139999,54.500000,27.022055,977600
2003-10-29,54.450001,54.549999,54.000000,54.090000,26.818771,923700
2003-10-30,54.200001,54.360001,53.959999,54.320000,26.932802,596700
2003-10-31,54.419998,54.529999,53.770000,53.900002,26.724569,601700
2003-11-03,54.049999,55.000000,54.049999,54.880001,27.210457,552000
2003-11-04,54.880001,54.950001,54.450001,54.919998,27.230293,999000
2003-11-05,54.919998,55.130001,54.349998,54.680000,27.111294,555700
2003-11-06,54.549999,54.549999,53.939999,54.320000,26.932802,441300
2003-11-07,53.869999,54.000000,53.230000,53.570000,26.782814,1086000
2003-11-10,53.570000,54.270000,53.520000,54.169998,27.082794,597700
2003-11-11,54.180000,54.180000,53.110001,53.599998,26.797821,421800
2003-11-12,53.599998,53.650002,53.299999,53.320000,26.657814,455300
2003-11-13,53.500000,53.840000,53.389999,53.750000,26.872803,594900
2003-11-14,53.630001,53.740002,52.770000,52.880001,26.437840,1293800
2003-11-17,52.880001,52.900002,52.200001,52.310001,26.152874,1733700
2003-11-18,52.439999,52.500000,51.060001,51.060001,25.527925,1380600
2003-11-19,51.200001,52.820000,51.200001,52.560001,26.277859,1185200
2003-11-20,52.400002,52.980000,52.209999,52.439999,26.217867,1145600
2003-11-21,52.700001,52.750000,51.889999,52.240002,26.117870,1205900
2003-11-24,52.299999,52.869999,52.290001,52.650002,26.322857,856700
2003-11-25,52.500000,52.860001,52.480000,52.520000,26.257870,685900
2003-11-26,52.799999,53.139999,52.720001,53.080002,26.537840,572000
2003-11-28,53.080002,53.279999,52.849998,52.860001,26.427845,227900
2003-12-01,53.049999,53.700001,52.880001,53.349998,26.672817,1002400
2003-12-02,53.849998,55.000000,53.849998,54.200001,27.097786,1590800
2003-12-03,54.299999,54.740002,54.209999,54.209999,27.102787,1381600
2003-12-04,54.200001,54.650002,54.160000,54.540001,27.267763,831300
2003-12-05,54.599998,55.240002,54.590000,54.730000,27.362757,846600
2003-12-08,54.650002,55.000000,54.580002,54.750000,27.372763,863900
2003-12-09,54.840000,55.000000,54.080002,54.139999,27.067802,653500
2003-12-10,54.000000,54.349998,53.799999,53.799999,26.897812,768000
2003-12-11,53.900002,54.349998,53.880001,54.099998,27.047794,481500
2003-12-12,54.349998,54.830002,54.259998,54.799999,27.397770,991100
2003-12-15,55.000000,55.349998,54.730000,54.919998,27.457758,997600
2003-12-16,54.700001,55.209999,54.650002,55.150002,27.572754,1118300
2003-12-17,55.020000,55.700001,54.820000,55.700001,27.847733,838700
2003-12-18,55.610001,56.080002,55.340000,55.919998,27.957729,710600
2003-12-19,56.080002,56.400002,55.700001,56.400002,28.197712,1208300
2003-12-22,56.150002,56.930000,56.049999,56.930000,28.462688,822200
2003-12-23,56.840000,56.869999,56.349998,56.610001,28.302675,709500
2003-12-24,56.500000,56.549999,56.160000,56.470001,28.232706,247600
2003-12-26,56.360001,56.540001,56.220001,56.349998,28.172697,170200
2003-12-29,56.349998,57.099998,56.220001,57.060001,28.527668,665400
2003-12-30,56.950001,57.200001,56.900002,57.139999,28.567665,389100
2003-12-31,57.000000,57.240002,56.919998,57.130001,28.562664,551500
2004-01-02,56.950001,57.599998,56.950001,57.250000,28.622663,724600
2004-01-05,57.020000,57.250000,56.009998,56.639999,28.317698,1333400
2004-01-06,56.639999,56.639999,56.290001,56.580002,28.287704,714400
2004-01-07,56.450001,57.139999,56.299999,56.950001,28.472685,958800
2004-01-08,57.000000,57.290001,56.860001,57.279999,28.637661,870100
2004-01-09,57.099998,57.189999,56.639999,56.759998,28.377693,1002900
2004-01-12,56.759998,56.900002,56.099998,56.220001,28.107716,1107200
2004-01-13,56.330002,56.349998,56.029999,56.250000,28.122698,973500
2004-01-14,56.450001,57.400002,56.450001,57.000000,28.497671,690900
2004-01-15,56.950001,56.950001,56.380001,56.779999,28.387688,692700
2004-01-16,56.900002,57.090000,56.680000,57.000000,28.497671,661300
2004-01-20,56.700001,57.200001,56.650002,57.169998,28.582674,679200
2004-01-21,56.700001,58.349998,56.700001,58.340000,29.167635,1284500
2004-01-22,58.299999,58.439999,57.709999,57.970001,28.982628,804400
2004-01-23,57.750000,58.490002,57.450001,58.360001,29.177620,575000
2004-01-26,58.500000,58.500000,57.250000,57.860001,28.927649,1040300
2004-01-27,57.599998,57.799999,57.099998,57.099998,28.547659,668200
2004-01-28,57.400002,58.500000,57.230000,57.830002,28.912651,1401000
2004-01-29,57.549999,58.389999,57.529999,58.349998,29.172619,834200
2004-01-30,57.900002,58.520000,57.700001,58.480000,29.237602,886500
2004-02-02,58.400002,59.349998,58.020000,58.700001,29.347616,1548900
2004-02-03,59.400002,60.200001,59.250000,60.000000,29.997551,2120100
2004-02-04,59.400002,59.849998,59.099998,59.549999,29.772572,1737300
2004-02-05,59.500000,59.750000,58.750000,58.860001,29.427603,1456000
2004-02-06,58.900002,59.639999,58.830002,59.549999,29.772572,1001000
2004-02-09,59.200001,59.610001,58.799999,59.599998,30.024448,1562200
2004-02-10,59.529999,59.570000,59.090000,59.400002,29.923708,1067200
2004-02-11,59.099998,59.560001,58.680000,59.450001,29.948896,1049800
2004-02-12,59.250000,59.349998,58.639999,58.730000,29.586184,703600
2004-02-13,58.619999,58.849998,57.930000,57.990002,29.213396,1460600
2004-02-17,58.450001,58.599998,58.029999,58.340000,29.389719,713900
2004-02-18,58.500000,59.509998,58.500000,59.470001,29.958973,1127000
2004-02-19,59.470001,59.500000,58.599998,58.720001,29.581137,937600
2004-02-20,58.720001,58.790001,57.820000,57.900002,29.168056,1041700
2004-02-23,57.900002,58.029999,57.570000,57.650002,29.042110,703800
2004-02-24,57.700001,57.830002,57.150002,57.360001,28.896019,666300
2004-02-25,57.250000,57.779999,57.180000,57.599998,29.016928,1032700
2004-02-26,57.650002,58.400002,57.650002,58.389999,29.414898,1155600
2004-02-27,58.500000,59.340000,57.470001,59.290001,29.868288,1013900
2004-03-01,59.119999,59.590000,58.849998,59.400002,29.923708,1037600
2004-03-02,59.400002,59.500000,58.599998,58.599998,29.520689,842700
2004-03-03,58.450001,58.880001,57.910000,58.509998,29.475353,752300
2004-03-04,58.599998,58.799999,58.340000,58.439999,29.440094,830500
2004-03-05,58.000000,58.810001,58.000000,58.580002,29.510618,939700
2004-03-08,58.500000,59.820000,58.500000,58.759998,29.601295,897200
2004-03-09,58.730000,59.230000,58.529999,58.970001,29.707075,894100
2004-03-10,58.900002,59.610001,58.779999,58.930000,29.686926,1285600
2004-03-11,58.500000,58.849998,57.720001,57.730000,29.082407,1223800
2004-03-12,57.700001,58.099998,57.410000,57.799999,29.117685,1105400
2004-03-15,57.619999,58.250000,57.270000,57.700001,29.067293,824400
2004-03-16,57.799999,58.200001,57.759998,58.029999,29.233545,943600
2004-03-17,58.099998,59.080002,58.099998,58.750000,29.596252,726700
2004-03-18,58.889999,58.959999,58.189999,58.500000,29.470295,588500
2004-03-19,58.349998,58.880001,58.099998,58.110001,29.273842,663400
2004-03-22,57.689999,58.000000,57.250000,57.430000,28.931271,674300
2004-03-23,57.500000,58.000000,57.490002,57.939999,29.188210,862700
2004-03-24,57.700001,58.000000,57.520000,57.529999,28.981661,877900
2004-03-25,57.700001,58.000000,57.580002,57.750000,29.092501,590900
2004-03-26,57.750000,58.400002,57.750000,58.299999,29.369556,797100
2004-03-29,58.349998,58.889999,58.020000,58.849998,29.646635,714900
2004-03-30,58.799999,59.369999,58.720001,59.369999,29.908592,704100
2004-03-31,59.270000,59.700001,59.110001,59.500000,29.974077,842200
2004-04-01,59.599998,59.900002,59.450001,59.669998,30.059729,685700
2004-04-02,59.919998,59.919998,59.099998,59.369999,29.908592,938200
2004-04-05,59.470001,59.650002,59.240002,59.570000,30.009338,610700
2004-04-06,59.520000,59.730000,59.349998,59.549999,29.999260,811700
2004-04-07,59.430000,59.430000,58.759998,58.869999,29.656712,903800
2004-04-08,58.919998,58.980000,58.150002,58.279999,29.359488,866900
2004-04-12,58.049999,58.349998,56.869999,56.980000,28.704588,1414900
2004-04-13,56.959999,56.959999,55.430000,56.049999,28.236092,1327500
2004-04-14,55.750000,56.200001,55.209999,56.119999,28.271345,1236300
2004-04-15,56.169998,56.840000,55.959999,56.299999,28.362024,1173300
2004-04-16,56.580002,56.590000,55.939999,56.230000,28.326769,1020500
2004-04-19,56.230000,56.230000,55.520000,55.599998,28.009396,1125000
2004-04-20,55.660000,56.169998,55.349998,55.549999,27.984213,1226900
2004-04-21,55.549999,55.880001,55.250000,55.599998,28.009396,792800
2004-04-22,55.500000,56.700001,55.160000,56.349998,28.387209,768400
2004-04-23,56.349998,56.680000,55.779999,56.340000,28.382179,947000
2004-04-26,55.099998,57.029999,55.099998,56.240002,28.331799,958700
2004-04-27,56.240002,56.240002,55.500000,55.730000,28.074871,1244600
2004-04-28,55.529999,55.980000,55.389999,55.480000,27.948938,1654200
2004-04-29,55.549999,55.549999,54.520000,54.520000,27.465322,1788000
2004-04-30,54.700001,54.849998,54.299999,54.599998,27.505627,1600900
2004-05-03,54.400002,54.910000,54.220001,54.720001,27.566076,1402600
2004-05-04,54.619999,54.990002,54.360001,54.380001,27.394806,1445100
2004-05-05,54.400002,54.799999,54.099998,54.099998,27.253738,1354800
2004-05-06,53.700001,53.980000,53.419998,53.740002,27.072390,1791700
2004-05-07,53.080002,53.450001,52.009998,52.240002,26.316736,2310600
2004-05-10,51.480000,52.130001,51.099998,51.900002,26.372633,3086600
2004-05-11,52.049999,52.200001,51.150002,51.380001,26.108414,1171300
2004-05-12,51.450001,51.619999,50.650002,51.090000,25.961044,1213800
2004-05-13,51.099998,51.590000,50.720001,50.880001,25.854332,1292000
2004-05-14,50.950001,51.970001,50.910000,51.669998,26.255754,1291400
2004-05-17,51.000000,51.340000,50.639999,50.680000,25.752699,1233600
2004-05-18,51.180000,51.549999,51.060001,51.419998,26.128721,1356400
2004-05-19,51.619999,51.799999,51.000000,51.099998,25.966125,882600
2004-05-20,51.119999,51.590000,51.029999,51.320000,26.077906,957600
2004-05-21,51.299999,51.980000,51.299999,51.540001,26.189709,966000
2004-05-24,51.630001,52.320000,51.630001,52.270000,26.560642,1024300
2004-05-25,52.270000,53.209999,52.020000,53.090000,26.977314,988000
2004-05-26,53.020000,53.880001,52.959999,53.549999,27.211063,1400400
2004-05-27,53.889999,54.599998,53.700001,53.889999,27.383829,1269400
2004-05-28,54.130001,54.709999,54.049999,54.610001,27.749699,1268600
2004-06-01,55.330002,55.330002,54.540001,54.750000,27.820841,1518800
2004-06-02,55.040001,55.310001,54.529999,54.689999,27.790361,1178500
2004-06-03,54.700001,54.700001,54.259998,54.400002,27.642984,914600
2004-06-04,54.650002,54.830002,54.119999,54.189999,27.536276,587000
2004-06-07,54.380001,54.730000,54.169998,54.709999,27.800522,480100
2004-06-08,54.709999,54.810001,53.720001,53.860001,27.368605,1110300
2004-06-09,53.900002,53.900002,53.169998,53.200001,27.033222,1183700
2004-06-10,53.230000,53.430000,52.509998,53.400002,27.134846,1065500
2004-06-14,53.400002,53.500000,52.980000,53.099998,26.982399,1079900
2004-06-15,53.750000,53.820000,53.430000,53.790001,27.333027,1034700
2004-06-16,53.790001,54.389999,53.790001,54.330002,27.607426,987300
2004-06-17,54.330002,54.830002,54.299999,54.639999,27.764950,792600
2004-06-18,54.439999,55.250000,54.169998,54.980000,27.937716,1040800
2004-06-21,54.650002,55.529999,54.560001,54.980000,27.937716,1043700
2004-06-22,54.980000,55.139999,54.759998,55.080002,27.988529,819500
2004-06-23,55.099998,56.200001,55.099998,56.150002,28.532230,1566800
2004-06-24,56.000000,56.700001,55.889999,56.590000,28.755827,1231200
2004-06-25,56.630001,56.680000,56.299999,56.480000,28.699919,965900
2004-06-28,56.689999,57.160000,56.500000,56.590000,28.755827,793900
2004-06-29,56.599998,56.599998,55.540001,55.860001,28.384871,905200
2004-06-30,55.830002,56.220001,55.320000,56.009998,28.461096,1010700
2004-07-01,55.759998,56.090000,54.939999,55.349998,28.125721,885500
2004-07-02,55.310001,56.250000,55.310001,55.980000,28.445856,1065400
2004-07-06,55.830002,56.459999,55.599998,56.200001,28.557648,1109700
2004-07-07,56.099998,56.320000,55.700001,55.820000,28.364557,1072400
2004-07-08,55.770000,56.200001,55.509998,55.970001,28.440773,1066500
2004-07-09,57.200001,57.200001,55.389999,55.500000,28.201952,797500
2004-07-12,55.590000,55.599998,55.080002,55.250000,28.074909,593900
2004-07-13,55.389999,55.389999,54.810001,54.980000,27.937716,652100
2004-07-14,54.980000,55.759998,54.750000,55.750000,28.328997,831400
2004-07-15,55.799999,56.779999,55.700001,56.389999,28.654203,1195100
2004-07-16,56.840000,57.230000,56.660000,56.950001,28.938751,1093400
2004-07-19,57.090000,57.529999,57.049999,57.310001,29.121702,716000
2004-07-20,57.310001,57.779999,57.060001,57.250000,29.091190,1030200
2004-07-21,57.299999,57.299999,56.130001,56.180000,28.547480,941300
2004-07-22,56.180000,56.180000,55.619999,55.680000,28.293427,863200
2004-07-23,55.860001,55.869999,55.070000,55.130001,28.013933,1061800
2004-07-26,55.299999,55.480000,54.750000,54.900002,27.897064,959900
2004-07-27,55.049999,55.110001,54.430000,54.750000,27.820841,984800
2004-07-28,54.750000,56.130001,54.750000,56.020000,28.466177,1302500
2004-07-29,56.900002,57.459999,56.619999,57.000000,28.964167,1880100
2004-07-30,56.950001,57.500000,56.709999,57.500000,29.218231,1103000
2004-08-02,57.619999,59.189999,57.619999,58.549999,29.751791,2586800
2004-08-03,58.500000,58.560001,58.080002,58.549999,29.751791,1524300
2004-08-04,58.000000,58.840000,57.799999,58.790001,29.873747,926300
2004-08-05,58.779999,58.980000,58.009998,58.090000,29.518040,741000
2004-08-06,58.099998,59.080002,58.099998,58.880001,29.919476,1724300
2004-08-09,58.630001,59.099998,58.480000,59.029999,29.995691,1386300
2004-08-10,58.900002,59.000000,58.450001,58.750000,30.082737,1333900
2004-08-11,58.400002,58.919998,58.209999,58.580002,29.995695,1550700
2004-08-12,58.380001,58.939999,58.110001,58.939999,30.180031,1358400
2004-08-13,58.939999,59.459999,58.680000,59.020000,30.220997,1170700
2004-08-16,58.900002,59.450001,58.900002,59.340000,30.384865,927900
2004-08-17,58.869999,59.290001,58.869999,59.189999,30.308043,1127800
2004-08-18,59.240002,59.650002,59.000000,59.599998,30.517981,1032700
2004-08-19,59.599998,59.639999,59.110001,59.340000,30.384865,1472200
2004-08-20,59.299999,59.740002,59.130001,59.700001,30.569189,622800
2004-08-23,59.599998,59.820000,59.360001,59.419998,30.425821,687300
2004-08-24,59.320000,59.820000,59.220001,59.639999,30.538456,616100
2004-08-25,59.880001,59.930000,59.650002,59.759998,30.599903,485300
2004-08-26,59.660000,60.000000,59.549999,59.950001,30.697201,479400
2004-08-27,59.980000,59.980000,59.619999,59.790001,30.615276,359100
2004-08-30,59.779999,59.790001,59.400002,59.730000,30.584553,562000
2004-08-31,59.790001,60.480000,59.720001,60.299999,30.876423,977200
2004-09-01,60.169998,60.680000,59.950001,60.619999,31.040270,1016600
2004-09-02,61.619999,61.619999,60.619999,60.730000,31.096603,1741300
2004-09-03,60.970001,60.980000,60.299999,60.580002,31.019794,788400
2004-09-07,60.580002,61.049999,60.490002,61.049999,31.260450,1228800
2004-09-08,60.849998,61.049999,60.529999,60.959999,31.214365,1659400
2004-09-09,60.860001,61.709999,60.849998,61.500000,31.490871,2014100
2004-09-10,61.500000,61.980000,61.220001,61.720001,31.603516,1278000
2004-09-13,61.529999,61.650002,61.180000,61.400002,31.439671,1117600
2004-09-14,61.650002,61.650002,60.970001,61.080002,31.275810,774100
2004-09-15,61.080002,61.080002,60.450001,60.900002,31.183643,1017800
2004-09-16,60.900002,61.130001,60.700001,60.770000,31.117079,1212000
2004-09-17,60.770000,60.900002,60.509998,60.669998,31.065874,1539500
2004-09-20,60.529999,60.650002,60.360001,60.400002,30.927607,929700
2004-09-21,60.410000,60.500000,60.209999,60.400002,30.927607,1149200
2004-09-22,60.150002,60.340000,59.900002,60.250000,30.850811,1139400
2004-09-23,59.799999,60.240002,59.509998,59.779999,30.610146,1542200
2004-09-24,59.880001,60.060001,59.650002,59.880001,30.661352,844200
2004-09-27,59.889999,60.279999,59.570000,59.950001,30.697201,1108200
2004-09-28,59.799999,60.900002,59.799999,60.810001,31.137554,1116800
2004-09-29,60.820000,60.820000,60.049999,60.540001,30.999294,969900
2004-09-30,60.500000,60.900002,60.220001,60.610001,31.035151,1127000
2004-10-01,60.630001,60.680000,60.259998,60.450001,30.953224,835600
2004-10-04,60.580002,60.750000,60.080002,60.200001,30.825216,974900
2004-10-05,60.480000,60.930000,60.360001,60.820000,31.142681,1303000
2004-10-06,60.759998,62.130001,60.660000,61.980000,31.736652,1243000
2004-10-07,62.000000,62.470001,61.799999,62.400002,31.951712,1452400
2004-10-08,62.500000,63.189999,62.369999,62.919998,32.217987,1273600
2004-10-11,62.820000,63.349998,62.730000,62.889999,32.202614,1330300
2004-10-12,62.880001,62.970001,62.250000,62.560001,32.033642,1367800
2004-10-13,62.810001,62.860001,61.580002,61.950001,31.721285,674900
2004-10-14,62.000000,62.000000,61.480000,61.799999,31.644468,994000
2004-10-15,62.180000,62.869999,62.110001,62.570000,32.038761,1021100
2004-10-18,62.430000,62.580002,62.049999,62.410000,31.956825,890700
2004-10-19,62.270000,63.000000,62.180000,62.689999,32.100201,1022900
2004-10-20,62.700001,63.209999,62.090000,63.119999,32.320389,971800
2004-10-21,62.930000,63.180000,62.279999,62.439999,31.972197,998400
2004-10-22,62.439999,63.130001,62.040001,62.770000,32.141171,1065700
2004-10-25,62.150002,64.769997,62.150002,64.449997,33.001404,1765800
2004-10-26,64.449997,65.639999,64.220001,65.620003,33.600510,1713600
2004-10-27,65.169998,66.040001,64.839996,64.940002,33.252316,1534600
2004-10-28,64.800003,64.849998,63.959999,64.750000,33.155014,1362300
2004-10-29,64.830002,65.360001,64.500000,65.360001,33.467381,964800
2004-11-01,64.900002,65.360001,64.900002,65.190002,33.380329,1182300
2004-11-02,65.099998,65.099998,63.500000,63.709999,32.622498,1813200
2004-11-03,64.050003,64.839996,63.869999,64.769997,33.165260,1793400
2004-11-04,64.970001,66.169998,64.800003,66.169998,33.882126,1489900
2004-11-05,65.519997,65.800003,64.559998,65.500000,33.539051,1433200
2004-11-08,65.400002,66.849998,65.379997,66.650002,34.127907,1470100
2004-11-09,66.800003,67.120003,66.660004,66.750000,34.179123,999400
2004-11-10,67.000000,67.099998,66.589996,67.000000,34.307129,918900
2004-11-11,67.059998,67.989998,66.860001,67.839996,34.737240,1217800
2004-11-12,67.099998,68.139999,67.050003,68.040001,34.839645,1205800
2004-11-15,67.699997,67.730003,66.730003,66.910004,34.535130,787100
2004-11-16,66.800003,67.669998,66.699997,66.860001,34.509335,647100
2004-11-17,67.199997,67.660004,65.669998,65.830002,33.977703,1388700
2004-11-18,66.019997,66.250000,65.879997,66.000000,34.065449,643300
2004-11-19,65.769997,66.260002,65.290001,65.510002,33.812523,920300
2004-11-22,65.599998,66.900002,65.599998,66.589996,34.369961,934100
2004-11-23,66.489998,67.849998,66.300003,67.320000,34.746761,1204300
2004-11-24,67.980003,67.989998,66.820000,66.849998,34.504166,1147400
2004-11-26,67.000000,67.349998,66.800003,66.919998,34.540287,726400
2004-11-29,67.000000,67.080002,65.480003,65.870003,33.998348,879900
2004-11-30,65.750000,65.970001,64.769997,64.820000,33.456398,1021100
2004-12-01,64.900002,64.970001,64.220001,64.720001,33.404778,1162500
2004-12-02,64.849998,64.900002,63.740002,64.050003,33.058968,1183000
2004-12-03,64.269997,65.070000,64.250000,64.949997,33.523495,987700
2004-12-06,64.949997,65.250000,64.739998,65.199997,33.652523,1046100
2004-12-07,65.250000,65.709999,65.199997,65.279999,33.693821,1100500
2004-12-08,65.290001,65.629997,65.089996,65.139999,33.621559,1118600
2004-12-09,65.139999,65.559998,64.839996,65.470001,33.791897,924800
2004-12-10,65.220001,65.410004,64.669998,65.099998,33.600914,1107700
2004-12-13,65.250000,66.650002,65.199997,66.459999,34.302876,1125300
2004-12-14,66.459999,67.269997,66.339996,66.849998,34.504166,1159500
2004-12-15,66.650002,67.169998,66.580002,67.000000,34.581589,1120000
2004-12-16,66.900002,66.900002,66.029999,66.330002,34.235775,1239500
2004-12-17,65.500000,67.139999,65.500000,66.699997,34.426723,1899300
2004-12-20,66.220001,67.000000,66.000000,66.519997,34.333824,1337900
2004-12-21,66.529999,67.620003,66.510002,67.620003,34.901600,1115000
2004-12-22,67.400002,68.150002,67.400002,67.809998,34.999649,889700
2004-12-23,67.809998,67.910004,67.349998,67.349998,34.762241,400300
2004-12-27,67.250000,68.139999,67.059998,67.059998,34.612553,1040300
2004-12-28,67.540001,67.800003,67.220001,67.599998,34.891285,794800
2004-12-29,67.550003,68.120003,67.180000,67.860001,35.025463,600200
2004-12-30,67.900002,68.669998,67.879997,68.160004,35.180317,567900
2004-12-31,68.099998,68.099998,67.500000,67.589996,34.886108,398300
2005-01-03,67.599998,67.800003,66.449997,66.449997,34.297714,1048700
2005-01-04,66.459999,67.019997,65.900002,65.940002,34.034477,1185500
2005-01-05,65.500000,65.820000,64.870003,64.879997,33.487354,1478700
2005-01-06,64.849998,65.110001,64.480003,64.940002,33.518333,1260600
2005-01-07,65.000000,65.519997,64.760002,64.910004,33.502850,1281800
2005-01-10,64.800003,65.459999,64.599998,65.330002,33.719616,1311100
2005-01-11,65.330002,65.419998,64.750000,65.180000,33.642200,1293800
2005-01-12,65.050003,65.769997,64.760002,65.580002,33.848663,1315000
2005-01-13,65.529999,66.489998,65.529999,65.879997,34.003502,541800
2005-01-14,65.980003,66.699997,65.589996,66.500000,34.323513,859900
2005-01-18,66.000000,67.180000,65.820000,66.989998,34.576427,742200
2005-01-19,67.400002,67.730003,66.570000,66.690002,34.421577,534100
2005-01-20,66.690002,66.849998,65.930000,66.550003,34.349316,952400
2005-01-21,66.550003,67.019997,66.360001,66.699997,34.426723,1092800
2005-01-24,66.800003,68.370003,66.699997,68.010002,35.102879,1515800
2005-01-25,68.010002,68.449997,67.910004,68.019997,35.108036,1073300
2005-01-26,68.050003,69.410004,67.949997,69.010002,35.619041,1318500
2005-01-27,68.760002,69.580002,68.720001,69.470001,35.856457,747800
2005-01-28,69.349998,69.800003,69.120003,69.540001,35.892590,1071200
2005-01-31,69.050003,70.360001,69.010002,69.519997,35.882271,1342800
2005-02-01,69.639999,69.669998,69.010002,69.400002,35.820328,1224000
2005-02-02,69.400002,71.120003,69.269997,70.660004,36.470669,1101600
2005-02-03,69.949997,70.709999,69.809998,70.709999,36.496471,812100
2005-02-04,70.980003,71.580002,70.820000,71.580002,36.945515,783900
2005-02-07,71.019997,71.449997,70.779999,70.900002,36.594528,881900
2005-02-08,70.900002,71.389999,70.750000,71.139999,36.718407,932700
2005-02-09,70.930000,71.059998,70.120003,70.330002,36.577984,760100
2005-02-10,70.309998,70.599998,70.070000,70.349998,36.588398,956100
2005-02-11,69.410004,70.430000,69.410004,70.209999,36.515575,1046100
2005-02-14,69.940002,70.879997,69.750000,70.849998,36.848423,964100
2005-02-15,70.860001,71.099998,70.300003,70.610001,36.723625,760100
2005-02-16,70.330002,70.910004,69.790001,70.790001,36.817245,621900
2005-02-17,70.639999,70.940002,70.449997,70.650002,36.744415,899300
2005-02-18,69.949997,70.150002,68.849998,68.849998,35.808262,988300
2005-02-22,68.269997,68.440002,66.750000,66.779999,34.731674,1584000
2005-02-23,67.160004,67.870003,67.040001,67.849998,35.288158,919200
2005-02-24,67.949997,68.739998,67.599998,68.690002,35.725048,1045600
2005-02-25,68.730003,70.419998,68.379997,70.269997,36.546791,899100
2005-02-28,69.269997,70.120003,69.089996,69.120003,35.948681,1124800
2005-03-01,69.169998,70.410004,69.169998,69.690002,36.245125,1010800
2005-03-02,69.500000,70.239998,69.169998,69.669998,36.234737,731400
2005-03-03,69.699997,70.279999,69.519997,69.870003,36.338749,557300
2005-03-04,70.099998,71.260002,70.099998,71.199997,37.030472,841500
2005-03-07,71.199997,71.940002,71.160004,71.779999,37.332111,662500
2005-03-08,71.379997,71.620003,67.500000,71.169998,37.014881,891300
2005-03-09,70.400002,70.690002,69.889999,70.000000,36.406368,945200
2005-03-10,70.010002,70.730003,69.349998,70.389999,36.609200,761200
2005-03-11,70.250000,70.779999,69.959999,70.000000,36.406368,681200
2005-03-14,70.400002,71.900002,70.000000,71.900002,37.394539,1005700
2005-03-15,71.949997,72.000000,71.199997,71.510002,37.191700,1147300
2005-03-16,71.510002,71.910004,70.419998,70.849998,36.848423,854100
2005-03-17,71.000000,71.129997,70.059998,70.300003,36.562393,1017000
2005-03-18,70.300003,70.750000,69.839996,70.220001,36.520779,1108900
2005-03-21,69.699997,70.599998,69.699997,70.370003,36.598797,651100
2005-03-22,70.570000,70.949997,69.169998,69.269997,36.026688,893500
2005-03-23,68.800003,69.169998,67.800003,68.849998,35.808262,1186400
2005-03-24,69.099998,69.629997,69.099998,69.379997,36.083912,613300
2005-03-28,69.419998,70.290001,69.260002,69.970001,36.390751,576000
2005-03-29,69.970001,70.230003,69.050003,69.160004,35.969498,769100
2005-03-30,69.389999,70.320000,69.160004,69.980003,36.395973,1006400
2005-03-31,70.300003,70.980003,70.300003,70.660004,36.749626,1225000
2005-04-01,71.349998,71.870003,70.760002,71.239998,37.051270,1245300
2005-04-04,71.239998,71.489998,70.459999,70.790001,36.817245,1090100
2005-04-05,71.150002,72.449997,71.050003,72.199997,37.550560,1388800
2005-04-06,72.449997,72.690002,72.080002,72.190002,37.545364,751600
2005-04-07,72.250000,72.839996,72.220001,72.480003,37.696186,624500
2005-04-08,72.519997,72.699997,71.800003,72.449997,37.680595,812300
2005-04-11,72.699997,73.279999,72.669998,72.930000,37.930202,974300
2005-04-12,72.849998,73.370003,72.070000,73.230003,38.086246,1164800
2005-04-13,73.099998,74.519997,72.449997,72.500000,37.706596,856300
2005-04-14,71.849998,72.220001,71.529999,71.559998,37.217693,1469400
2005-04-15,71.559998,71.650002,70.099998,70.099998,36.458359,1098300
2005-04-18,70.000000,71.739998,69.610001,71.339996,37.103291,1214100
2005-04-19,71.449997,71.970001,71.339996,71.750000,37.316525,1210900
2005-04-20,71.050003,71.820000,70.809998,71.500000,37.186497,941100
2005-04-21,71.790001,72.129997,71.550003,72.029999,37.462139,689200
2005-04-22,72.180000,72.500000,71.760002,72.349998,37.628567,853600
2005-04-25,72.339996,76.599998,71.779999,71.779999,37.332111,982600
2005-04-26,70.680000,71.150002,70.419998,70.480003,36.656013,1399200
2005-04-27,70.650002,71.809998,70.040001,71.639999,37.259304,1013000
2005-04-28,71.930000,72.690002,71.419998,71.860001,37.373737,1728000
2005-04-29,71.959999,73.489998,71.519997,73.300003,38.122662,1172700
2005-05-02,73.250000,73.639999,72.940002,73.089996,38.013447,932900
2005-05-03,72.750000,73.089996,71.510002,72.099998,37.498550,1475800
2005-05-04,72.129997,73.099998,71.599998,73.000000,37.966629,1197900
2005-05-05,73.000000,73.320000,72.550003,72.849998,37.888630,959600
2005-05-06,72.699997,72.900002,72.430000,72.599998,37.758606,752400
2005-05-09,72.529999,72.919998,71.900002,72.849998,37.888630,1275500
2005-05-10,72.059998,72.809998,72.029999,72.250000,37.857185,1514300
2005-05-11,72.500000,72.629997,71.739998,72.589996,38.035343,964700
2005-05-12,72.639999,72.639999,71.750000,71.769997,37.605686,648800
2005-05-13,71.900002,71.949997,69.349998,70.430000,36.903549,1471600
2005-05-16,70.180000,70.559998,69.599998,70.559998,36.971664,1205600
2005-05-17,70.379997,71.680000,70.320000,71.500000,37.464199,782800
2005-05-18,72.150002,72.389999,71.370003,71.440002,37.432758,856000
2005-05-19,71.500000,71.750000,71.080002,71.389999,37.406570,942700
2005-05-20,71.000000,71.070000,70.489998,71.010002,37.207455,1510600
2005-05-23,71.139999,71.750000,70.570000,71.650002,37.542797,940300
2005-05-24,71.760002,71.790001,71.099998,71.320000,37.369881,909500
2005-05-25,71.339996,71.449997,70.699997,71.070000,37.238907,514500
2005-05-26,71.300003,71.900002,70.830002,71.629997,37.532318,752800
2005-05-27,71.680000,72.209999,71.660004,72.070000,37.762871,739000
2005-05-31,72.269997,72.559998,71.820000,71.830002,37.637119,1004200
2005-06-01,71.949997,73.379997,71.860001,72.839996,38.166332,1197500
2005-06-02,72.800003,72.919998,72.459999,72.500000,37.988197,832800
2005-06-03,72.699997,72.919998,72.410004,72.699997,38.092968,1002400
2005-06-06,72.900002,73.720001,72.699997,73.690002,38.611706,854100
2005-06-07,73.940002,74.970001,73.690002,73.930000,38.737469,831700
2005-06-08,74.099998,74.180000,73.440002,73.500000,38.512154,569500
2005-06-09,73.500000,73.599998,73.000000,73.500000,38.512154,589600
2005-06-10,73.480003,73.760002,73.080002,73.599998,38.564548,600600
2005-06-13,73.589996,74.059998,73.370003,73.830002,38.685055,518000
2005-06-14,73.580002,74.430000,73.529999,74.160004,38.857971,465000
2005-06-15,74.449997,74.449997,73.029999,73.440002,38.480709,784200
2005-06-16,73.440002,73.540001,72.699997,72.989998,38.244923,857000
2005-06-17,73.349998,73.970001,73.220001,73.629997,38.580276,805500
2005-06-20,73.519997,74.430000,73.480003,74.160004,38.857971,639800
2005-06-21,74.480003,75.059998,74.410004,74.790001,39.188095,1139000
2005-06-22,75.110001,75.419998,74.709999,75.349998,39.481506,663700
2005-06-23,75.300003,76.089996,75.199997,75.870003,39.753975,1148900
2005-06-24,75.690002,76.050003,74.750000,74.910004,39.250957,857500
2005-06-27,74.860001,75.459999,74.699997,75.010002,39.303360,707000
2005-06-28,75.250000,75.660004,75.099998,75.500000,39.560101,938600
2005-06-29,75.750000,76.059998,75.250000,75.510002,39.565327,1368300
2005-06-30,75.550003,75.949997,75.260002,75.550003,39.586304,2466900
2005-07-01,75.750000,75.790001,75.250000,75.769997,39.701565,1415800
2005-07-05,75.300003,76.610001,75.239998,76.510002,40.089329,725300
2005-07-06,76.470001,76.809998,75.440002,75.459999,39.539139,986400
2005-07-07,75.209999,76.059998,75.099998,76.040001,39.843060,1150500
2005-07-08,75.949997,76.589996,75.690002,76.580002,40.125992,1145200
2005-07-11,76.500000,77.230003,76.500000,77.089996,40.393219,824800
2005-07-12,77.290001,77.330002,76.559998,76.940002,40.314629,790500
2005-07-13,77.099998,77.440002,76.730003,77.110001,40.403709,919100
2005-07-14,77.110001,77.489998,75.570000,75.830002,39.733006,953400
2005-07-15,75.820000,76.150002,75.580002,75.800003,39.717289,699600
2005-07-18,75.849998,76.180000,75.650002,75.820000,39.727783,783800
2005-07-19,76.070000,76.459999,75.760002,76.099998,39.874493,802200
2005-07-20,75.900002,76.000000,75.480003,75.800003,39.717289,1281100
2005-07-21,75.690002,75.800003,74.650002,75.519997,39.570580,1493000
2005-07-22,75.820000,77.010002,75.800003,76.930000,40.309383,773800
2005-07-25,76.500000,77.720001,76.449997,77.010002,40.351295,1023300
2005-07-26,77.260002,77.750000,77.010002,77.449997,40.581852,935200
2005-07-27,77.900002,78.120003,77.459999,77.599998,40.660450,755800
2005-07-28,77.650002,78.139999,76.970001,78.000000,40.870052,570400
2005-07-29,77.849998,78.500000,77.820000,77.940002,40.838615,859900
2005-08-01,78.099998,78.300003,75.889999,75.900002,39.769676,1117400
2005-08-02,76.099998,77.959999,76.089996,77.599998,40.660450,1171600
2005-08-03,77.599998,79.220001,77.389999,78.430000,41.095341,1143500
2005-08-04,78.449997,78.449997,77.559998,78.000000,40.870052,799100
2005-08-05,77.739998,77.779999,75.919998,76.379997,40.021191,810400
2005-08-08,76.320000,77.099998,74.870003,74.879997,39.235237,1186700
2005-08-09,74.900002,76.029999,74.900002,75.599998,39.612507,1075700
2005-08-10,75.750000,76.209999,74.760002,75.050003,39.607220,1577600
2005-08-11,75.300003,76.099998,75.199997,75.500000,39.844711,886900
2005-08-12,75.519997,75.860001,74.910004,75.550003,39.871086,659200
2005-08-15,75.669998,76.000000,75.260002,75.800003,40.003036,362500
2005-08-16,75.889999,76.050003,74.830002,75.000000,39.580833,635100
2005-08-17,74.730003,74.989998,74.169998,74.639999,39.390854,1068600
2005-08-18,74.699997,75.339996,74.110001,75.139999,39.654713,615000
2005-08-19,75.500000,75.699997,75.059998,75.330002,39.755009,794700
2005-08-22,75.330002,76.000000,75.279999,75.900002,40.055782,799200
2005-08-23,75.900002,76.779999,75.900002,76.629997,40.441055,640700
2005-08-24,76.760002,77.610001,76.400002,76.470001,40.356628,813000
2005-08-25,76.650002,77.180000,76.500000,76.930000,40.599369,529900
2005-08-26,77.900002,78.129997,77.230003,77.290001,40.789383,873700
2005-08-29,76.199997,77.510002,76.150002,77.379997,40.836876,865200
2005-08-30,77.199997,77.389999,76.099998,76.620003,40.435791,1651600
2005-08-31,76.129997,76.309998,74.459999,74.910004,39.533333,4592500
2005-09-01,74.750000,74.910004,73.199997,73.650002,38.868382,5461200
2005-09-02,74.000000,76.029999,73.900002,75.550003,39.871086,2909300
2005-09-06,75.599998,76.410004,75.410004,75.660004,39.929161,2219700
2005-09-07,75.400002,75.629997,74.489998,74.720001,39.433067,2016400
2005-09-08,74.349998,74.620003,73.949997,74.019997,39.063637,1418000
2005-09-09,74.010002,75.330002,73.989998,74.800003,39.475292,1890100
2005-09-12,74.599998,74.790001,73.900002,74.040001,39.074203,1396300
2005-09-13,73.300003,73.860001,73.000000,73.120003,38.588680,1535600
2005-09-14,73.089996,73.860001,72.959999,73.690002,38.889477,1337400
2005-09-15,73.489998,74.449997,73.489998,74.019997,39.063637,997600
2005-09-16,74.900002,74.949997,74.239998,74.769997,39.459446,1638600
2005-09-19,75.919998,76.110001,74.900002,75.239998,39.707500,1407000
2005-09-20,74.739998,75.250000,74.330002,74.389999,39.258907,1659700
2005-09-21,74.000000,74.419998,72.129997,72.250000,38.129536,2679800
2005-09-22,71.599998,71.959999,70.519997,71.029999,37.485683,2049700
2005-09-23,70.860001,72.250000,70.550003,72.000000,37.997597,2065600
2005-09-26,73.750000,74.050003,72.830002,73.139999,38.599228,1741200
2005-09-27,73.000000,73.519997,72.940002,73.199997,38.630901,1083700
2005-09-28,73.410004,73.889999,72.639999,73.470001,38.773365,1163400
2005-09-29,73.250000,74.629997,73.139999,74.230003,39.174473,925500
2005-09-30,74.199997,74.699997,73.910004,74.320000,39.221977,1276200
2005-10-03,75.989998,76.110001,75.150002,75.989998,40.103283,1649200
2005-10-04,75.989998,76.419998,74.209999,74.419998,39.274738,1849800
2005-10-05,74.300003,74.300003,72.089996,72.099998,38.050377,1687400
2005-10-06,71.900002,72.290001,70.110001,71.519997,37.744270,2218300
2005-10-07,71.949997,72.230003,71.430000,71.680000,37.828735,905900
2005-10-10,72.199997,72.199997,70.250000,70.660004,37.290428,803000
2005-10-11,71.199997,71.610001,70.309998,70.500000,37.205982,1849200
2005-10-12,70.570000,71.379997,69.629997,69.900002,36.889336,1205200
2005-10-13,69.400002,69.699997,68.250000,68.900002,36.361591,1420000
2005-10-14,69.150002,69.849998,69.150002,69.720001,36.794342,1416200
2005-10-17,69.739998,70.500000,69.500000,69.989998,36.936821,1681800
2005-10-18,69.940002,70.000000,68.529999,68.540001,36.171619,1359400
2005-10-19,69.540001,69.680000,67.970001,69.260002,36.551575,1612600
2005-10-20,69.510002,69.529999,67.019997,67.160004,35.443321,1429400
2005-10-21,67.510002,68.570000,67.370003,68.379997,36.087158,1109600
2005-10-24,68.750000,70.300003,68.750000,70.300003,37.100433,888000
2005-10-25,70.440002,71.000000,69.500000,69.919998,36.899887,1428600
2005-10-26,69.500000,69.730003,68.540001,68.639999,36.224373,1265100
2005-10-27,68.739998,69.180000,67.760002,68.220001,36.002739,931100
2005-10-28,68.699997,70.489998,68.550003,70.440002,37.174320,929300
2005-10-31,70.669998,71.199997,70.309998,70.720001,37.322086,1121800
2005-11-01,69.000000,69.169998,67.000000,68.639999,36.224373,3811200
2005-11-02,68.300003,69.110001,67.919998,69.110001,36.472427,1401300
2005-11-03,69.900002,71.019997,69.489998,70.559998,37.237663,1985000
2005-11-04,70.809998,70.949997,69.430000,69.830002,36.852406,1127100
2005-11-07,69.839996,70.940002,69.309998,69.860001,36.868229,1285500
2005-11-08,69.370003,69.820000,68.930000,69.199997,36.804401,2218300
2005-11-09,69.449997,69.820000,69.059998,69.250000,36.830997,907900
2005-11-10,69.500000,69.540001,68.150002,69.370003,36.894829,888500
2005-11-11,69.500000,69.500000,68.370003,68.959999,36.676769,783900
2005-11-14,68.800003,69.190002,67.959999,68.230003,36.288509,1037400
2005-11-15,68.010002,68.660004,67.760002,67.800003,36.059811,764300
2005-11-16,68.199997,68.400002,67.779999,67.930000,36.128944,763200
2005-11-17,68.180000,68.790001,67.970001,68.529999,36.448078,1392400
2005-11-18,68.150002,68.949997,68.000000,68.699997,36.538475,1338800
2005-11-21,68.849998,69.169998,68.330002,68.669998,36.522530,1121700
2005-11-22,68.199997,69.269997,68.199997,69.260002,36.836315,1089500
2005-11-23,69.260002,70.760002,69.260002,70.300003,37.389450,941900
2005-11-25,70.639999,71.000000,70.500000,71.000000,37.761753,278800
2005-11-28,70.769997,71.480003,70.360001,71.150002,37.841526,1099000
2005-11-29,71.650002,72.000000,70.900002,70.980003,37.751118,907900
2005-11-30,71.180000,71.389999,69.970001,70.000000,37.229877,980000
2005-12-01,70.400002,71.059998,70.120003,70.610001,37.554314,1006100
2005-12-02,70.720001,70.839996,70.040001,70.190002,37.330944,521700
2005-12-05,69.150002,70.059998,68.830002,69.900002,37.176704,1055200
2005-12-06,70.150002,70.300003,69.599998,69.820000,37.134155,1107300
2005-12-07,69.919998,70.250000,68.940002,69.260002,36.836315,753500
2005-12-08,69.449997,70.260002,69.449997,69.930000,37.192657,814200
2005-12-09,70.180000,71.110001,70.059998,70.449997,37.469223,973600
2005-12-12,70.910004,71.250000,69.730003,70.000000,37.229877,779300
2005-12-13,70.080002,70.620003,69.860001,70.529999,37.511761,568400
2005-12-14,70.739998,72.489998,70.650002,70.680000,37.591549,2521600
2005-12-15,70.699997,71.489998,70.699997,71.250000,37.894711,1894600
2005-12-16,71.449997,71.570000,70.389999,70.400002,37.442635,1429000
2005-12-19,70.330002,70.580002,69.669998,69.800003,37.123520,1175000
2005-12-20,69.669998,70.279999,69.650002,70.250000,37.362862,584600
2005-12-21,70.150002,70.500000,68.980003,69.180000,36.793770,696900
2005-12-22,69.320000,69.550003,69.050003,69.180000,36.793770,703800
2005-12-23,69.430000,69.470001,69.099998,69.180000,36.793770,624800
2005-12-27,69.169998,69.680000,69.150002,69.269997,36.841640,577000
2005-12-28,69.370003,69.860001,68.879997,69.120003,36.761864,522100
2005-12-29,68.949997,69.360001,68.849998,68.860001,36.623562,413900
2005-12-30,68.790001,68.940002,68.290001,68.650002,36.511883,659300
2006-01-03,69.150002,70.510002,69.129997,70.459999,37.474537,1701400
2006-01-04,70.559998,70.830002,69.290001,70.220001,37.346905,1230600
2006-01-05,70.400002,70.430000,69.680000,69.800003,37.123520,959000
2006-01-06,70.500000,70.769997,69.730003,70.580002,37.538361,830500
2006-01-09,70.620003,70.820000,69.809998,70.239998,37.357529,669200
2006-01-10,69.900002,70.779999,69.680000,70.430000,37.458584,680700
2006-01-11,70.800003,70.849998,69.949997,70.070000,37.267113,847900
2006-01-12,70.150002,70.830002,69.980003,70.669998,37.586231,1085700
2006-01-13,70.919998,71.050003,70.489998,70.870003,37.692616,1232000
2006-01-17,70.379997,71.139999,70.110001,71.099998,37.814922,840400
2006-01-18,71.190002,71.629997,71.040001,71.239998,37.889381,794200
2006-01-19,70.959999,71.680000,70.610001,71.580002,38.070236,1362000
2006-01-20,71.430000,71.699997,70.349998,70.480003,37.485188,1106900
2006-01-23,70.639999,71.000000,70.269997,70.419998,37.453266,660200
2006-01-24,70.389999,70.980003,70.279999,70.930000,37.724514,698800
2006-01-25,70.900002,71.309998,69.620003,69.709999,37.075645,1187500
2006-01-26,70.589996,70.589996,68.660004,68.889999,36.639530,1507200
2006-01-27,68.889999,69.809998,68.849998,69.779999,37.112881,1044400
2006-01-30,69.779999,69.940002,69.139999,69.230003,36.820370,1079700
2006-01-31,68.849998,70.239998,68.349998,69.510002,36.969284,1438500
2006-02-01,69.930000,70.320000,69.370003,69.599998,37.017155,1457900
2006-02-02,69.690002,69.940002,68.790001,68.989998,36.692719,1483000
2006-02-03,68.449997,69.269997,67.970001,69.010002,36.703365,1896700
2006-02-06,69.910004,69.910004,68.809998,69.830002,37.139484,1254000
2006-02-07,69.690002,69.959999,69.129997,69.900002,37.176704,1235500
2006-02-08,69.279999,69.750000,69.160004,69.599998,37.305347,2151000
2006-02-09,69.519997,69.889999,69.330002,69.660004,37.337513,1463500
2006-02-10,69.629997,70.190002,69.500000,70.000000,37.519745,1157600
2006-02-13,69.900002,69.980003,69.419998,69.610001,37.310692,598200
2006-02-14,69.790001,69.889999,68.790001,69.120003,37.048077,1075200
2006-02-15,69.250000,70.099998,69.099998,70.099998,37.573330,1491500
2006-02-16,70.010002,70.339996,69.620003,70.230003,37.643024,1073600
2006-02-17,70.400002,70.949997,70.279999,70.769997,37.932449,1101900
2006-02-21,70.970001,71.599998,70.910004,71.519997,38.334446,1060700
2006-02-22,71.949997,72.970001,71.730003,72.750000,38.993740,2082800
2006-02-23,72.800003,72.860001,72.120003,72.250000,38.725727,1647000
2006-02-24,72.250000,72.529999,72.089996,72.180000,38.688232,918000
2006-02-27,72.379997,72.709999,72.309998,72.589996,38.907982,1139600
2006-02-28,72.300003,72.620003,72.139999,72.510002,38.865093,1051500
2006-03-01,72.449997,72.470001,71.739998,72.000000,38.591736,1799100
2006-03-02,71.769997,71.959999,71.239998,71.489998,38.318378,1527300
2006-03-03,71.150002,71.500000,70.870003,70.940002,38.023571,1394900
2006-03-06,71.150002,71.160004,69.779999,69.800003,37.412544,1408300
2006-03-07,69.529999,69.910004,69.199997,69.900002,37.466145,983400
2006-03-08,69.959999,70.779999,69.040001,70.250000,37.653744,1326100
2006-03-09,71.000000,71.000000,70.190002,70.290001,37.675167,1084300
2006-03-10,70.160004,71.000000,69.849998,70.930000,38.018200,994500
2006-03-13,71.000000,71.540001,70.849998,71.440002,38.291588,879100
2006-03-14,71.300003,71.720001,70.910004,71.529999,38.339806,1003900
2006-03-15,71.330002,71.550003,70.849998,71.279999,38.205811,889700
2006-03-16,71.570000,72.129997,71.379997,71.959999,38.570301,885100
2006-03-17,72.000000,72.139999,71.500000,71.639999,38.398766,938800
2006-03-20,71.849998,71.910004,70.620003,70.949997,38.028931,800900
2006-03-21,71.050003,71.080002,69.820000,70.070000,37.557259,1072700
2006-03-22,70.099998,70.580002,69.779999,70.529999,37.803810,578500
2006-03-23,70.480003,70.489998,69.570000,70.150002,37.600140,736800
2006-03-24,70.250000,70.449997,69.760002,69.980003,37.509033,551800
2006-03-27,69.900002,70.000000,69.269997,69.419998,37.208862,521200
2006-03-28,69.220001,69.809998,68.949997,69.720001,37.369671,970400
2006-03-29,69.849998,70.209999,69.400002,70.080002,37.562622,701200
2006-03-30,69.879997,70.139999,68.930000,69.190002,37.085583,1236500
2006-03-31,69.169998,69.449997,68.750000,68.940002,36.951584,833100
2006-04-03,69.000000,69.599998,68.970001,69.300003,37.144554,857300
2006-04-04,69.120003,70.309998,68.839996,69.910004,37.471512,1143200
2006-04-05,69.919998,71.129997,69.889999,71.059998,38.087887,1009500
2006-04-06,70.900002,71.050003,70.000000,70.199997,37.626934,1028600
2006-04-07,70.099998,70.150002,69.080002,69.570000,37.289272,1373800
2006-04-10,69.559998,70.220001,69.059998,69.120003,37.048077,896100
2006-04-11,69.199997,69.250000,67.930000,68.150002,36.528149,1206600
2006-04-12,68.150002,68.510002,68.000000,68.050003,36.474545,966700
2006-04-13,67.699997,68.050003,67.540001,67.669998,36.270878,873700
2006-04-17,68.550003,68.550003,66.779999,67.760002,36.319118,489400
2006-04-18,67.730003,69.309998,67.730003,69.309998,37.149899,1204000
2006-04-19,69.309998,69.830002,68.839996,69.459999,37.230312,1132300
2006-04-20,69.279999,70.250000,69.279999,69.970001,37.503658,1270500
2006-04-21,70.320000,70.650002,69.760002,70.089996,37.567982,809100
2006-04-24,69.849998,70.809998,69.360001,70.639999,37.862778,869700
2006-04-25,70.690002,70.690002,68.980003,69.379997,37.187431,1427000
2006-04-26,69.269997,69.800003,68.389999,68.860001,36.908699,872400
2006-04-27,68.500000,70.239998,68.260002,70.019997,37.530457,864000
2006-04-28,69.900002,70.269997,69.489998,69.940002,37.487591,692300
2006-05-01,69.940002,70.400002,68.610001,69.010002,36.989120,760000
2006-05-02,69.220001,70.010002,69.120003,69.540001,37.273190,768500
2006-05-03,69.349998,69.599998,68.199997,68.430000,36.678242,1366500
2006-05-04,68.699997,68.849998,68.209999,68.599998,36.769352,862300
2006-05-05,69.089996,70.529999,69.080002,70.459999,37.766300,938000
2006-05-08,70.410004,70.570000,70.190002,70.330002,37.696617,893400
2006-05-09,69.400002,69.620003,68.660004,68.769997,37.145676,1713300
2006-05-10,68.500000,69.879997,68.470001,69.860001,37.734440,1095200
2006-05-11,69.650002,69.730003,68.699997,69.269997,37.415737,695700
2006-05-12,68.830002,69.129997,67.849998,68.120003,36.794582,996100
2006-05-15,67.599998,68.949997,67.599998,68.769997,37.145676,933800
2006-05-16,68.760002,68.889999,68.370003,68.449997,36.972832,495800
2006-05-17,67.849998,68.529999,67.139999,67.980003,36.718960,1276900
2006-05-18,67.080002,68.699997,67.080002,67.879997,36.664955,1007600
2006-05-19,67.949997,69.309998,67.699997,68.559998,37.032249,1349900
2006-05-22,68.580002,69.570000,68.309998,68.830002,37.178066,1417200
2006-05-23,68.900002,69.309998,68.150002,68.220001,36.848602,1123900
2006-05-24,68.000000,68.629997,67.220001,68.180000,36.826992,866200
2006-05-25,68.400002,68.779999,68.150002,68.750000,37.134865,812200
2006-05-26,69.029999,69.629997,68.870003,69.559998,37.572380,1045800
2006-05-30,69.099998,69.779999,69.019997,69.400002,37.485966,1000000
2006-05-31,69.400002,70.900002,69.400002,70.110001,37.869453,1169700
2006-06-01,69.870003,71.610001,69.690002,71.580002,38.663479,1756900
2006-06-02,71.750000,72.389999,71.360001,72.309998,39.057770,1008200
2006-06-05,72.199997,72.550003,71.760002,71.980003,38.879543,1408200
2006-06-06,72.050003,72.169998,71.199997,71.870003,38.820129,1216300
2006-06-07,71.919998,71.930000,71.150002,71.239998,38.479828,815900
2006-06-08,71.239998,72.199997,71.059998,71.879997,38.825520,1484300
2006-06-09,71.400002,72.639999,71.389999,72.480003,39.149605,881000
2006-06-12,72.570000,72.970001,72.250000,72.510002,39.165813,813400
2006-06-13,72.449997,72.620003,71.589996,71.889999,38.830936,1289300
2006-06-14,71.900002,71.900002,70.680000,71.190002,38.452812,685500
2006-06-15,71.250000,71.660004,70.699997,71.449997,38.593254,1228200
2006-06-16,71.199997,71.800003,70.889999,71.080002,38.393406,1219000
2006-06-19,71.309998,71.339996,70.059998,70.410004,38.031513,776300
2006-06-20,70.470001,70.839996,70.089996,70.470001,38.063915,825500
2006-06-21,70.239998,70.669998,69.779999,70.239998,37.939671,756100
2006-06-22,70.050003,70.160004,69.370003,69.989998,37.804657,949200
2006-06-23,69.860001,70.440002,69.550003,69.730003,37.664211,617800
2006-06-26,69.830002,70.349998,69.580002,69.879997,37.745224,620200
2006-06-27,69.919998,70.650002,69.879997,70.080002,37.853264,889400
2006-06-28,70.209999,70.730003,70.099998,70.540001,38.101730,832000
2006-06-29,70.949997,71.389999,70.180000,70.599998,38.134125,1988900
2006-06-30,70.699997,71.019997,70.379997,70.750000,38.215160,1566300
2006-07-03,71.000000,71.529999,70.800003,71.449997,38.593254,572900
2006-07-05,71.239998,71.660004,71.089996,71.459999,38.598644,739800
2006-07-06,71.250000,71.440002,70.989998,71.349998,38.539249,975500
2006-07-07,71.389999,72.419998,71.360001,72.059998,38.922733,1025900
2006-07-10,72.000000,72.660004,71.989998,72.550003,39.187416,1024000
2006-07-11,72.449997,73.339996,72.449997,73.250000,39.565514,1308400
2006-07-12,73.430000,74.180000,73.150002,73.339996,39.614128,1504600
2006-07-13,73.209999,74.190002,73.199997,73.360001,39.624924,1338000
2006-07-14,73.489998,73.980003,73.169998,73.589996,39.749168,1314000
2006-07-17,73.720001,74.470001,73.570000,74.160004,40.057049,978800
2006-07-18,74.790001,75.690002,74.550003,75.389999,40.721416,2302100
2006-07-19,75.489998,76.339996,75.250000,76.029999,41.067116,1399200
2006-07-20,76.169998,76.309998,75.730003,76.089996,41.099529,1207600
2006-07-21,76.750000,76.769997,76.230003,76.610001,41.380405,1681600
2006-07-24,76.730003,77.449997,76.550003,77.400002,41.807117,1313700
2006-07-25,77.400002,77.930000,77.339996,77.750000,41.996151,1420400
2006-07-26,77.860001,78.139999,77.800003,77.949997,42.104191,1705800
2006-07-27,78.400002,78.500000,77.239998,77.250000,41.726089,1316400
2006-07-28,77.419998,78.199997,77.160004,77.610001,41.920551,1095600
2006-07-31,77.269997,77.940002,77.029999,77.099998,41.645065,998500
2006-08-01,77.209999,78.050003,76.800003,77.900002,42.077183,1125000
2006-08-02,77.849998,78.230003,77.629997,77.980003,42.120399,779500
2006-08-03,77.669998,77.989998,77.440002,77.709999,41.974560,973600
2006-08-04,77.989998,78.110001,77.440002,77.900002,42.077183,673700
2006-08-07,77.900002,78.160004,76.959999,77.059998,41.623470,1210200
2006-08-08,77.309998,79.099998,77.250000,78.800003,42.563320,2243700
2006-08-09,78.980003,79.699997,78.570000,78.790001,42.557919,1288900
2006-08-10,78.500000,78.790001,78.209999,78.540001,42.422890,1142500
2006-08-11,78.040001,78.279999,77.599998,77.779999,42.303230,702500
2006-08-14,78.199997,78.449997,77.919998,78.050003,42.450073,778400
2006-08-15,78.300003,78.699997,78.089996,78.580002,42.738338,742600
2006-08-16,78.800003,79.199997,77.220001,77.309998,42.047596,1150900
2006-08-17,77.480003,77.599998,76.550003,77.010002,41.884422,1037300
2006-08-18,77.010002,77.989998,77.000000,77.459999,42.129200,982100
2006-08-21,77.489998,78.099998,77.220001,77.440002,42.118305,962800
2006-08-22,77.599998,78.050003,77.489998,78.000000,42.422882,1440800
2006-08-23,78.000000,78.010002,77.040001,77.269997,42.025852,918600
2006-08-24,77.550003,77.800003,77.150002,77.389999,42.091106,636300
2006-08-25,76.959999,77.300003,76.919998,77.080002,41.922520,1233100
2006-08-28,77.000000,77.489998,76.809998,77.330002,42.058487,1056700
2006-08-29,77.300003,77.379997,76.820000,76.949997,41.851818,1098100
2006-08-30,76.989998,77.000000,76.690002,76.879997,41.813721,725400
2006-08-31,76.980003,77.790001,76.959999,77.650002,42.232513,1246200
2006-09-01,77.650002,77.940002,77.400002,77.540001,42.172680,741800
2006-09-05,77.400002,77.400002,76.580002,77.019997,41.889854,878800
2006-09-06,76.580002,77.330002,76.290001,76.930000,41.840923,994700
2006-09-07,76.800003,77.599998,76.769997,77.230003,42.004082,1162600
2006-09-08,76.699997,78.150002,76.699997,78.110001,42.482704,724200
2006-09-11,77.930000,79.050003,77.889999,79.000000,42.966759,1494700
2006-09-12,79.000000,79.000000,77.500000,77.820000,42.324963,1259700
2006-09-13,77.820000,78.529999,77.209999,78.410004,42.645878,938200
2006-09-14,78.300003,79.029999,77.690002,77.750000,42.286903,1131400
2006-09-15,78.070000,78.570000,78.010002,78.379997,42.629547,830400
2006-09-18,78.150002,78.339996,77.500000,77.720001,42.270588,899900
2006-09-19,77.750000,78.199997,77.629997,77.980003,42.411987,957800
2006-09-20,77.970001,78.180000,77.739998,77.760002,42.292343,906700
2006-09-21,77.739998,77.800003,77.199997,77.690002,42.254284,578700
2006-09-22,77.669998,77.820000,77.000000,77.010002,41.884422,1281900
2006-09-25,77.230003,78.589996,77.059998,78.040001,42.444618,1083200
2006-09-26,78.410004,78.459999,77.849998,78.029999,42.439201,800100
2006-09-27,78.080002,79.900002,78.010002,79.790001,43.396423,1664300
2006-09-28,79.779999,80.000000,79.080002,79.519997,43.249577,781700
2006-09-29,79.610001,79.669998,78.220001,78.230003,42.547970,1497600
2006-10-02,78.379997,79.690002,78.379997,79.300003,43.129917,1083900
2006-10-03,79.300003,80.620003,79.010002,80.330002,43.690128,2210300
2006-10-04,80.199997,80.480003,79.870003,80.449997,43.755383,1256200
2006-10-05,80.080002,80.500000,80.010002,80.360001,43.706432,1010400
2006-10-06,80.470001,80.690002,79.830002,80.629997,43.853291,935500
2006-10-09,80.580002,80.769997,80.070000,80.680000,43.880497,918600
2006-10-10,80.750000,81.940002,80.690002,81.879997,44.533142,1033000
2006-10-11,81.800003,81.900002,80.839996,81.349998,44.244881,1486500
2006-10-12,81.430000,81.550003,80.699997,81.389999,44.266655,754100
2006-10-13,81.389999,81.779999,81.059998,81.199997,44.163303,816400
2006-10-16,81.209999,82.389999,81.209999,82.379997,44.805080,916100
2006-10-17,82.629997,84.290001,82.570000,84.070000,45.724236,2541200
2006-10-18,84.500000,85.529999,84.440002,85.360001,46.425850,2665400
2006-10-19,85.360001,85.510002,84.940002,85.320000,46.404099,1212700
2006-10-20,85.550003,85.839996,84.849998,85.300003,46.393219,1551300
2006-10-23,84.879997,85.690002,84.879997,85.459999,46.480225,1286400
2006-10-24,84.199997,85.449997,84.190002,85.209999,46.344273,2030000
2006-10-25,85.459999,86.760002,85.419998,86.500000,47.045883,1797700
2006-10-26,86.459999,86.779999,86.190002,86.440002,47.013237,1093200
2006-10-27,86.199997,86.730003,86.199997,86.449997,47.018677,1026200
2006-10-30,86.860001,86.860001,86.269997,86.610001,47.105709,856900
2006-10-31,86.900002,86.940002,85.709999,85.830002,46.681473,1566200
2006-11-01,86.059998,86.629997,85.529999,86.199997,46.882694,1896400
2006-11-02,86.190002,86.269997,84.919998,85.290001,46.387787,1051600
2006-11-03,84.930000,85.089996,83.989998,84.260002,45.827579,1370000
2006-11-06,85.510002,86.150002,84.800003,85.949997,46.746735,2371000
2006-11-07,85.949997,86.320000,85.779999,85.879997,46.708668,1145800
2006-11-08,85.099998,86.449997,85.099998,86.139999,47.146538,730700
2006-11-09,86.139999,86.540001,86.040001,86.330002,47.250538,646400
2006-11-10,86.400002,86.860001,86.349998,86.730003,47.469460,1085200
2006-11-13,86.699997,87.949997,86.510002,87.639999,47.967522,2909100
2006-11-14,87.750000,88.050003,87.260002,88.019997,48.175499,1252500
2006-11-15,87.949997,88.629997,87.910004,88.599998,48.492954,1358900
2006-11-16,89.000000,89.849998,88.949997,89.190002,48.815861,1813200
2006-11-17,88.800003,89.419998,88.660004,89.349998,48.903442,1171500
2006-11-20,89.000000,89.559998,88.970001,89.370003,48.914398,902300
2006-11-21,89.000000,89.220001,88.910004,89.029999,48.728298,731500
2006-11-22,88.980003,89.669998,88.980003,89.349998,48.903442,675100
2006-11-24,89.099998,89.449997,89.040001,89.309998,48.881546,243000
2006-11-27,89.059998,89.779999,88.910004,89.290001,48.870605,1230900
2006-11-28,89.160004,89.949997,88.559998,89.910004,49.209949,1358000
2006-11-29,89.940002,91.480003,89.870003,91.470001,50.063766,1182700
2006-11-30,91.180000,91.580002,90.760002,91.320000,49.981651,1237200
2006-12-01,91.099998,91.820000,90.500000,90.830002,49.713482,1527300
2006-12-04,91.379997,92.089996,91.139999,92.000000,50.353848,1321000
2006-12-05,92.000000,92.680000,91.860001,91.949997,50.326492,1199200
2006-12-06,91.919998,92.440002,91.580002,92.120003,50.419533,1206500
2006-12-07,92.199997,92.389999,91.459999,91.529999,50.096596,964400
2006-12-08,91.529999,91.870003,91.080002,91.230003,49.932400,839800
2006-12-11,91.400002,92.000000,91.239998,91.879997,50.288174,745700
2006-12-12,92.000000,92.400002,91.489998,92.279999,50.507103,946900
2006-12-13,92.260002,92.699997,92.000000,92.339996,50.539932,719400
2006-12-14,92.389999,92.860001,91.879997,92.419998,50.583729,1329700
2006-12-15,92.410004,92.599998,92.099998,92.599998,50.682243,1075800
2006-12-18,92.489998,93.110001,92.129997,92.349998,50.545429,880600
2006-12-19,92.489998,93.440002,92.410004,93.230003,51.027096,1127000
2006-12-20,93.250000,94.029999,93.099998,93.279999,51.054424,784300
2006-12-21,93.209999,93.639999,92.830002,93.000000,50.901196,589100
2006-12-22,93.050003,93.150002,92.440002,92.800003,50.791710,680600
2006-12-26,92.800003,93.169998,92.650002,92.989998,50.895687,336500
2006-12-27,93.449997,93.500000,92.800003,93.019997,50.912117,420900
2006-12-28,92.769997,93.220001,92.330002,92.339996,50.539932,531400
2006-12-29,92.309998,92.720001,92.169998,92.320000,50.528996,622300
2007-01-03,92.320000,93.419998,92.089996,92.980003,50.890240,1319900
2007-01-04,92.989998,94.160004,92.599998,94.080002,51.492287,2610100
2007-01-05,93.599998,93.690002,91.279999,91.760002,50.222504,2269500
2007-01-08,91.559998,92.459999,90.870003,91.070000,49.844852,1686800
2007-01-09,91.169998,91.620003,90.540001,91.010002,49.812019,1029700
2007-01-10,90.839996,92.089996,90.839996,91.959999,50.331970,676500
2007-01-11,92.050003,92.959999,91.849998,91.879997,50.288174,1141800
2007-01-12,91.599998,91.800003,90.309998,90.459999,49.510967,1156200
2007-01-16,90.440002,90.949997,90.260002,90.709999,49.647812,1520500
2007-01-17,90.900002,90.900002,89.599998,90.750000,49.669704,1562800
2007-01-18,90.900002,91.010002,90.349998,90.449997,49.505493,1144000
2007-01-19,90.250000,91.040001,90.000000,91.029999,49.822952,1123800
2007-01-22,91.349998,92.470001,90.889999,92.120003,50.419533,1377000
2007-01-23,92.120003,92.470001,91.800003,92.089996,50.403130,1024600
2007-01-24,91.889999,92.459999,91.809998,92.449997,50.600140,669500
2007-01-25,92.580002,92.779999,91.779999,91.820000,50.255333,727300
2007-01-26,91.589996,92.019997,91.220001,91.879997,50.288174,617100
2007-01-29,91.500000,92.220001,91.500000,92.160004,50.441425,948600
2007-01-30,92.540001,93.000000,92.160004,92.589996,50.676792,1178900
2007-01-31,92.290001,93.000000,91.839996,92.849998,50.819077,1267900
2007-02-01,92.519997,94.730003,92.449997,94.620003,51.787849,2014300
2007-02-02,94.500000,95.290001,94.070000,95.129997,52.066986,1514700
2007-02-05,94.900002,98.129997,94.699997,97.699997,53.473598,3023700
2007-02-06,97.320000,98.059998,96.820000,97.919998,53.594006,2095700
2007-02-07,97.389999,98.040001,96.919998,97.919998,53.891212,1064500
2007-02-08,98.800003,98.800003,97.599998,98.239998,54.067329,1207500
2007-02-09,98.400002,99.000000,97.750000,98.120003,54.001278,925300
2007-02-12,97.900002,98.660004,97.500000,97.919998,53.891212,1104300
2007-02-13,98.300003,99.610001,97.720001,99.519997,54.771790,1305700
2007-02-14,99.580002,100.389999,99.510002,99.949997,55.008430,1087500
2007-02-15,99.989998,100.000000,99.220001,99.239998,54.617680,1299000
2007-02-16,99.400002,99.660004,98.879997,99.660004,54.848843,1542500
2007-02-20,98.510002,100.000000,98.510002,99.830002,54.942402,1114900
2007-02-21,99.650002,99.800003,98.699997,99.620003,54.826817,1144600
2007-02-22,99.440002,100.470001,99.059998,99.940002,55.002922,1032700
2007-02-23,99.940002,101.349998,99.650002,100.949997,55.558781,1126400
2007-02-26,102.309998,105.199997,102.000000,102.849998,56.604481,1373100
2007-02-27,102.150002,102.550003,97.860001,98.570000,54.248936,1537100
2007-02-28,98.570000,99.970001,97.570000,98.750000,54.348003,2154000
2007-03-01,98.750000,98.919998,96.839996,98.559998,54.243439,1860900
2007-03-02,98.440002,98.559998,96.250000,96.250000,52.972122,1502500
2007-03-05,95.500000,96.830002,95.180000,95.580002,52.603371,1589300
2007-03-06,95.830002,96.830002,95.580002,96.489998,53.104218,1618700
2007-03-07,95.940002,97.500000,95.879997,96.559998,53.142723,1166400
2007-03-08,96.809998,98.000000,96.559998,97.879997,53.869183,1596000
2007-03-09,98.070000,98.559998,97.330002,97.830002,53.841679,1979500
2007-03-12,97.669998,99.250000,97.669998,99.099998,54.540627,1004500
2007-03-13,99.739998,100.559998,98.459999,98.550003,54.237946,2520900
2007-03-14,98.510002,99.389999,97.269997,98.989998,54.480087,1836700
2007-03-15,98.919998,100.400002,98.410004,100.129997,55.107502,2391100
2007-03-16,100.139999,100.910004,99.370003,99.779999,54.914879,2315700
2007-03-19,100.029999,100.970001,99.610001,100.650002,55.393692,1017200
2007-03-20,100.900002,102.089996,99.919998,102.089996,56.186203,1278700
2007-03-21,101.720001,104.500000,101.029999,104.169998,57.330959,1986600
2007-03-22,104.169998,104.480003,103.309998,104.139999,57.314442,1864800
2007-03-23,104.300003,104.419998,103.629997,104.059998,57.270424,1453600
2007-03-26,103.739998,104.370003,103.320000,104.239998,57.369469,1720400
2007-03-27,103.750000,104.989998,103.660004,104.680000,57.611652,1179300
2007-03-28,104.099998,104.779999,103.910004,104.120003,57.303444,1091400
2007-03-29,104.980003,105.260002,104.099998,105.160004,57.875805,1250800
2007-03-30,105.250000,106.129997,104.059998,104.919998,57.743721,1720200
2007-04-02,105.790001,107.760002,104.879997,107.639999,59.240723,1602000
2007-04-03,107.889999,108.820000,107.459999,108.660004,59.802086,1707100
2007-04-04,108.820000,109.400002,107.860001,108.470001,59.697495,1248800
2007-04-05,108.480003,110.360001,108.059998,109.300003,60.154305,950200
2007-04-09,109.360001,110.690002,109.349998,110.349998,60.732178,887100
2007-04-10,110.250000,110.599998,109.660004,110.300003,60.704674,769100
2007-04-11,110.300003,110.809998,108.879997,109.089996,60.038731,1309100
2007-04-12,109.000000,109.050003,107.540001,108.650002,59.796562,1355700
2007-04-13,108.800003,109.779999,108.360001,109.739998,60.396454,1289500
2007-04-16,109.989998,111.220001,109.559998,111.129997,61.161461,1107000
2007-04-17,110.769997,111.980003,110.250000,111.889999,61.579746,1352700
2007-04-18,111.790001,113.169998,111.349998,112.860001,62.113594,1593700
2007-04-19,112.599998,113.089996,111.519997,112.680000,62.014507,1668400
2007-04-20,113.690002,114.019997,112.800003,113.900002,62.685966,1959300
2007-04-23,114.059998,115.209999,113.349998,114.949997,63.263817,1186100
2007-04-24,114.510002,115.559998,114.199997,115.290001,63.450951,1244000
2007-04-25,115.400002,116.680000,115.120003,116.459999,64.094864,1036400
2007-04-26,117.790001,117.790001,114.959999,115.099998,63.346394,1082600
2007-04-27,114.199997,115.599998,113.910004,114.120003,62.807014,1225800
2007-04-30,114.540001,115.339996,113.139999,113.139999,62.267673,1022100
2007-05-01,113.599998,115.330002,113.000000,115.199997,63.401421,1688700
2007-05-02,115.250000,116.330002,115.070000,116.050003,63.869205,691500
2007-05-03,116.300003,116.910004,115.629997,116.440002,64.083885,1222100
2007-05-04,116.760002,117.480003,116.500000,117.269997,64.540665,892600
2007-05-07,117.519997,119.099998,117.290001,118.699997,65.327652,973400
2007-05-08,117.949997,118.370003,117.000000,118.059998,65.272400,1155800
2007-05-09,117.910004,118.519997,117.440002,118.500000,65.515640,989400
2007-05-10,118.000000,118.699997,117.790001,117.790001,65.123116,1267100
2007-05-11,118.089996,118.599998,117.500000,118.370003,65.443779,1128600
2007-05-14,117.989998,119.160004,117.989998,118.529999,65.532242,649500
2007-05-15,118.800003,120.470001,118.599998,119.080002,65.836342,922300
2007-05-16,119.500000,119.879997,118.760002,119.519997,66.079597,993600
2007-05-17,119.000000,119.480003,118.470001,118.690002,65.620720,699700
2007-05-18,118.930000,119.059998,117.769997,118.269997,65.388512,1306400
2007-05-21,118.400002,118.510002,117.260002,117.620003,65.029121,1450500
2007-05-22,117.699997,117.849998,115.900002,116.010002,64.139008,1358800
2007-05-23,116.519997,117.000000,114.290001,114.410004,63.254406,1178700
2007-05-24,114.419998,114.480003,110.879997,110.940002,61.335922,1906300
2007-05-25,111.150002,112.040001,109.709999,110.910004,61.319347,1275600
2007-05-29,111.360001,113.129997,111.360001,111.879997,61.855625,1124800
2007-05-30,111.379997,113.120003,110.940002,112.699997,62.308994,1374200
2007-05-31,112.699997,113.480003,112.209999,112.900002,62.419559,1602200
2007-06-01,112.309998,113.570000,111.500000,112.269997,62.071266,1182300
2007-06-04,112.099998,112.129997,110.300003,111.720001,61.767166,1071800
2007-06-05,111.089996,112.059998,109.980003,110.000000,60.816216,1608400
2007-06-06,109.970001,109.970001,108.190002,108.779999,60.141727,1513500
2007-06-07,108.190002,108.809998,104.010002,104.309998,57.670368,2916700
2007-06-08,104.309998,107.669998,104.000000,106.800003,59.047024,2099300
2007-06-11,106.500000,109.830002,106.279999,109.000000,60.263332,2028500
2007-06-12,108.500000,109.169998,107.720001,108.050003,59.738113,2309000
2007-06-13,108.980003,110.309998,108.279999,109.750000,60.678009,1331700
2007-06-14,109.690002,110.879997,109.199997,110.360001,61.015270,1207200
2007-06-15,111.400002,112.809998,111.320000,112.339996,62.109943,1463300
2007-06-18,112.489998,112.800003,110.500000,110.690002,61.197742,992400
2007-06-19,110.180000,110.550003,108.919998,109.150002,60.346264,2126100
2007-06-20,109.690002,109.900002,106.480003,106.480003,58.870113,2769400
2007-06-21,106.110001,108.910004,105.900002,108.269997,59.859741,1873400
2007-06-22,107.519997,107.900002,105.180000,105.180000,58.151367,2926900
2007-06-25,105.120003,107.860001,105.000000,107.129997,59.229473,2439400
2007-06-26,107.150002,108.230003,105.949997,105.949997,58.577103,2291700
2007-06-27,104.910004,107.180000,104.360001,107.169998,59.251595,1916300
2007-06-28,107.779999,108.480003,106.650002,106.650002,58.964081,1690100
2007-06-29,106.870003,107.839996,106.000000,107.349998,59.351109,1261100
2007-07-02,108.209999,109.870003,107.949997,109.870003,60.744343,1175100
2007-07-03,109.599998,110.500000,107.970001,108.870003,60.191467,710800
2007-07-05,108.500000,109.589996,106.849998,108.580002,60.031128,984000
2007-07-06,108.330002,108.349998,106.480003,107.250000,59.295818,995100
2007-07-09,107.080002,107.250000,106.209999,106.620003,58.947502,1505500
2007-07-10,105.900002,106.690002,103.919998,103.919998,57.454739,2227700
2007-07-11,104.129997,105.589996,103.839996,105.510002,58.333813,1397000
2007-07-12,105.519997,108.519997,105.510002,108.519997,59.997986,1432900
2007-07-13,108.230003,110.470001,107.870003,110.250000,60.954453,1037100
2007-07-16,108.550003,110.089996,107.910004,107.910004,59.660751,1130100
2007-07-17,107.910004,108.849998,107.080002,107.769997,59.583302,1351300
2007-07-18,107.730003,109.660004,107.099998,109.419998,60.495537,1592000
2007-07-19,109.470001,111.220001,108.589996,109.720001,60.661427,1838900
2007-07-20,111.400002,111.400002,106.500000,106.760002,59.024918,2135500
2007-07-23,107.779999,108.419998,106.930000,107.599998,59.489326,1316000
2007-07-24,109.320000,109.320000,102.809998,102.849998,56.863152,1798200
2007-07-25,105.690002,105.690002,101.260002,103.489998,57.217033,1922500
2007-07-26,101.599998,102.419998,98.019997,99.510002,55.016579,4179700
2007-07-27,99.099998,100.769997,97.839996,97.839996,54.093273,2098100
2007-07-30,97.839996,99.089996,96.050003,98.400002,54.402885,1883200
2007-07-31,99.949997,106.800003,99.500000,99.959999,55.265347,2803800
2007-08-01,101.639999,102.570000,98.980003,101.190002,55.945400,2368300
2007-08-02,100.930000,103.110001,100.540001,102.660004,56.758125,1752200
2007-08-03,102.180000,103.669998,98.559998,98.559998,54.491329,2152400
2007-08-06,97.489998,104.059998,97.489998,103.610001,57.283344,2556500
2007-08-07,102.370003,105.410004,102.010002,104.410004,57.725658,2738500
2007-08-08,98.629997,105.650002,97.919998,102.699997,57.191040,3006700
2007-08-09,102.699997,102.699997,97.169998,98.589996,54.902306,2635300
2007-08-10,98.099998,100.589996,96.809998,97.989998,54.568150,2779300
2007-08-13,98.389999,101.080002,98.029999,100.000000,55.687489,1469500
2007-08-14,100.500000,100.739998,98.230003,98.529999,54.868877,1443900
2007-08-15,98.860001,101.870003,95.750000,95.980003,53.448849,1856500
2007-08-16,95.800003,97.419998,91.940002,96.510002,53.744015,2940300
2007-08-17,100.300003,104.139999,94.970001,99.839996,55.598389,2028800
2007-08-20,100.250000,100.730003,98.070000,99.690002,55.514858,1040400
2007-08-21,99.050003,101.000000,99.050003,100.000000,55.687489,1380700
2007-08-22,101.169998,102.589996,100.400002,102.339996,56.990582,1421900
2007-08-23,104.419998,105.120003,100.660004,103.029999,57.374813,1291800
2007-08-24,103.279999,105.290001,101.760002,105.110001,58.533115,1173000
2007-08-27,105.699997,105.699997,101.500000,101.519997,56.533947,1937500
2007-08-28,100.860001,101.769997,99.000000,99.239998,55.264282,1790000
2007-08-29,100.150002,103.059998,99.959999,102.919998,57.313568,1389900
2007-08-30,101.800003,103.489998,101.680000,102.389999,57.018414,1149100
2007-08-31,103.160004,104.449997,101.940002,103.620003,57.703369,1661300
2007-09-04,104.389999,106.120003,103.379997,105.260002,58.616661,1388900
2007-09-05,104.190002,104.500000,103.010002,103.830002,57.820320,1303800
2007-09-06,102.120003,106.470001,102.120003,106.290001,59.190231,1217000
2007-09-07,104.800003,105.720001,103.730003,104.440002,58.160004,1240800
2007-09-10,105.080002,105.330002,103.379997,104.239998,58.048630,920600
2007-09-11,104.459999,104.900002,103.099998,104.900002,58.416180,905700
2007-09-12,104.820000,105.680000,104.309998,105.120003,58.538692,1477900
2007-09-13,106.199997,106.279999,104.830002,105.459999,58.728024,1349200
2007-09-14,105.300003,106.220001,104.519997,105.699997,58.861691,1102000
2007-09-17,105.279999,105.760002,104.629997,105.110001,58.533115,720100
2007-09-18,105.419998,108.970001,105.419998,106.989998,59.580044,1678900
2007-09-19,107.820000,109.589996,107.309998,109.190002,60.805187,1159900
2007-09-20,108.809998,109.820000,108.510002,108.800003,60.587997,654900
2007-09-21,109.480003,110.379997,108.800003,109.589996,61.027920,1468000
2007-09-24,109.239998,110.760002,109.239998,109.599998,61.033485,690200
2007-09-25,109.050003,110.489998,108.860001,109.769997,61.128166,827300
2007-09-26,109.480003,111.239998,108.550003,110.959999,61.790829,813500
2007-09-27,109.239998,111.949997,109.239998,110.550003,61.562534,1078800
2007-09-28,110.690002,111.070000,108.000000,108.290001,60.303986,1033500
2007-10-01,108.820000,110.339996,108.209999,110.339996,61.445560,690700
2007-10-02,110.250000,110.480003,109.169998,109.760002,61.122581,897900
2007-10-03,109.330002,110.970001,109.050003,110.589996,61.584785,1206700
2007-10-04,110.739998,113.050003,109.639999,112.699997,62.759815,1064900
2007-10-05,113.529999,115.199997,112.889999,114.589996,63.812290,1435300
2007-10-08,114.599998,115.050003,113.080002,113.750000,63.344524,525900
2007-10-09,115.410004,117.000000,113.839996,115.989998,64.591911,1273400
2007-10-10,115.550003,115.959999,114.470001,115.010002,64.046181,752700
2007-10-11,115.839996,116.339996,114.169998,114.849998,63.957081,1237800
2007-10-12,114.849998,116.120003,114.250000,115.419998,64.274506,882900
2007-10-15,115.599998,115.879997,113.290001,114.120003,63.550537,1653800
2007-10-16,113.980003,114.889999,113.400002,113.830002,63.389088,905400
2007-10-17,115.019997,115.199997,112.440002,113.660004,63.294399,1237600
2007-10-18,113.449997,114.949997,112.500000,114.739998,63.895813,894300
2007-10-19,113.989998,115.139999,112.139999,112.190002,62.475796,1435400
2007-10-22,111.360001,114.820000,111.120003,113.540001,63.227600,1343400
2007-10-23,114.000000,114.230003,112.809998,113.459999,63.183029,996900
2007-10-24,112.580002,115.000000,112.500000,114.849998,63.957081,1394200
2007-10-25,115.169998,118.000000,114.699997,117.779999,65.588730,2299700
2007-10-26,119.180000,119.660004,118.139999,119.489998,66.540993,1835500
2007-10-29,119.500000,120.860001,119.349998,119.699997,66.657913,1541400
2007-10-30,119.300003,120.669998,118.760002,119.589996,66.596664,1016200
2007-10-31,120.599998,120.889999,118.750000,119.870003,66.752586,1279000
2007-11-01,119.250000,119.629997,117.870003,117.959999,65.688965,2159700
2007-11-02,117.989998,119.400002,117.260002,118.690002,66.095505,1918000
2007-11-05,121.000000,125.000000,120.500000,124.150002,69.136032,3340400
2007-11-06,120.269997,123.879997,120.269997,123.540001,68.796333,2494900
2007-11-07,122.339996,122.570000,120.360001,120.379997,67.446030,2304500
2007-11-08,120.970001,122.930000,120.000000,122.209999,68.471329,2339100
2007-11-09,120.839996,122.779999,119.360001,119.459999,66.930588,2635400
2007-11-12,117.680000,119.300003,115.440002,115.980003,64.980858,2973200
2007-11-13,115.970001,117.650002,115.760002,117.650002,65.916481,2048000
2007-11-14,118.129997,118.879997,117.019997,117.699997,65.944534,1526000
2007-11-15,117.709999,118.900002,116.000000,118.339996,66.303108,1974400
2007-11-16,119.639999,119.739998,116.250000,117.699997,65.944534,3054700
2007-11-19,117.190002,118.489998,117.129997,118.110001,66.174210,2155900
2007-11-20,118.540001,119.559998,117.839996,119.139999,66.751328,1527700
2007-11-21,119.050003,119.129997,115.220001,115.309998,64.605461,1983500
2007-11-23,116.349998,116.349998,114.099998,115.129997,64.504616,708100
2007-11-26,115.370003,116.559998,114.040001,114.440002,64.118027,2078500
2007-11-27,114.930000,116.559998,114.720001,116.309998,65.165741,2107100
2007-11-28,117.000000,118.709999,116.180000,118.709999,66.510391,1862500
2007-11-29,117.940002,118.809998,117.339996,118.419998,66.347916,1361100
2007-11-30,118.059998,119.769997,118.059998,119.540001,66.975433,2009500
2007-12-03,120.000000,120.680000,119.320000,119.690002,67.059479,1475500
2007-12-04,119.209999,121.099998,119.010002,120.070000,67.272369,1450400
2007-12-05,121.430000,122.599998,120.139999,122.360001,68.555420,1387500
2007-12-06,122.320000,122.570000,120.620003,122.570000,68.673073,822800
2007-12-07,123.040001,123.389999,120.930000,122.459999,68.611458,989200
2007-12-10,122.559998,122.639999,121.230003,121.660004,68.163216,993400
2007-12-11,121.599998,122.449997,118.760002,118.760002,66.538414,1247900
2007-12-12,121.660004,122.120003,116.470001,117.809998,66.006119,2945300
2007-12-13,117.169998,120.040001,116.760002,120.040001,67.255562,1392300
2007-12-14,120.489998,120.489998,116.809998,116.870003,65.479477,1273700
2007-12-17,116.559998,116.860001,114.739998,115.300003,64.599861,1554700
2007-12-18,116.400002,117.599998,115.989998,117.290001,65.714798,1029800
2007-12-19,117.540001,118.320000,116.300003,116.599998,65.328194,1127100
2007-12-20,117.220001,119.010002,116.540001,118.820000,66.572014,1310300
2007-12-21,120.239998,121.349998,119.660004,120.059998,67.266777,1809000
2007-12-24,120.510002,120.930000,119.839996,120.050003,67.261162,249700
2007-12-26,119.930000,120.239998,119.089996,119.320000,66.852180,375400
2007-12-27,119.110001,120.889999,118.800003,118.910004,66.622482,905000
2007-12-28,120.169998,120.970001,119.080002,120.739998,67.647766,879800
2007-12-31,120.059998,120.669998,118.639999,119.519997,66.964226,754200
2008-01-02,119.269997,120.400002,116.809998,117.040001,65.574753,1420200
2008-01-03,117.620003,119.269997,117.459999,117.989998,66.106987,1006300
2008-01-04,117.110001,119.800003,117.110001,118.699997,66.504791,1460500
2008-01-07,119.519997,123.540001,119.300003,123.370003,69.121300,2068700
2008-01-08,123.529999,127.480003,123.470001,124.889999,69.972900,4442100
2008-01-09,124.309998,126.070000,123.889999,126.070000,70.634026,1650900
2008-01-10,124.879997,126.199997,121.830002,124.309998,69.647949,2443500
2008-01-11,121.500000,125.129997,121.010002,124.389999,69.692772,2134600
2008-01-14,125.419998,126.309998,122.980003,123.099998,68.970016,2200000
2008-01-15,121.820000,123.580002,119.919998,119.919998,67.188316,2271400
2008-01-16,120.000000,121.180000,117.830002,118.370003,66.319901,1808600
2008-01-17,118.489998,118.489998,111.830002,112.199997,62.863010,3491800
2008-01-18,113.190002,121.970001,110.120003,111.250000,62.330750,2925600
2008-01-22,106.480003,109.080002,103.250000,107.239998,60.084038,3688600
2008-01-23,104.309998,111.699997,99.449997,111.669998,62.566044,2811900
2008-01-24,111.500000,111.620003,107.919998,108.199997,60.621883,2211000
2008-01-25,109.459999,110.879997,106.000000,106.330002,59.574184,2944500
2008-01-28,106.320000,108.260002,105.180000,106.940002,59.915955,1555100
2008-01-29,106.900002,108.449997,105.250000,106.339996,59.579754,2362000
2008-01-30,106.750000,107.529999,104.449997,104.790001,58.711349,3363200
2008-01-31,104.440002,108.860001,102.839996,108.180000,60.610687,2662300
2008-02-01,108.360001,109.879997,107.260002,109.570000,61.389458,1471200
2008-02-04,110.099998,112.660004,108.870003,111.760002,62.616489,1676700
2008-02-05,110.019997,111.010002,105.980003,105.980003,59.378098,1915800
2008-02-06,106.919998,107.379997,103.860001,104.570000,59.005650,2693900
2008-02-07,103.790001,106.050003,103.300003,105.360001,59.451447,1897700
2008-02-08,104.480003,105.339996,103.559998,104.300003,58.853302,1391000
2008-02-11,104.250000,107.080002,103.809998,106.949997,60.348621,1833200
2008-02-12,106.949997,109.290001,106.919998,107.779999,60.816998,1848900
2008-02-13,108.820000,109.900002,108.040001,108.860001,61.426403,1894000
2008-02-14,108.860001,109.860001,106.050003,106.570000,60.134216,1750400
2008-02-15,106.290001,107.370003,105.410004,106.489998,60.089043,1818600
2008-02-19,107.500000,107.580002,105.339996,106.010002,59.818199,1282800
2008-02-20,106.040001,106.610001,104.220001,106.260002,59.959293,1193700
2008-02-21,106.449997,106.800003,103.430000,103.779999,58.559906,1308800
2008-02-22,104.410004,104.610001,102.680000,104.500000,58.966183,1901200
2008-02-25,104.790001,105.110001,103.040001,104.410004,58.915375,2100000
2008-02-26,104.110001,106.410004,103.529999,106.410004,60.043911,1502100
2008-02-27,106.040001,106.599998,103.199997,103.570000,58.441391,1810000
2008-02-28,103.010002,104.699997,102.089996,104.370003,58.892796,1689300
2008-02-29,103.440002,106.080002,101.959999,102.739998,57.973045,2258200
2008-03-03,103.000000,105.790001,102.839996,105.449997,59.502224,2528000
2008-03-04,104.400002,108.550003,104.400002,108.470001,61.206314,2646500
2008-03-05,108.500000,110.330002,107.599998,108.959999,61.482800,2397800
2008-03-06,108.860001,109.099998,106.720001,106.809998,60.269611,1596500
2008-03-07,106.180000,106.389999,104.519997,105.480003,59.519146,1637400
2008-03-10,105.410004,105.900002,103.860001,104.779999,59.124142,1238400
2008-03-11,106.930000,108.500000,106.089996,108.430000,61.183731,1641600
2008-03-12,108.500000,110.080002,107.690002,107.900002,60.884678,1841300
2008-03-13,106.599998,109.349998,105.800003,108.930000,61.465885,1547500
2008-03-14,109.500000,109.500000,105.389999,107.300003,60.546108,2165600
2008-03-17,105.519997,107.709999,104.849998,106.860001,60.297859,1668500
2008-03-18,109.370003,109.370003,105.099998,107.279999,60.534847,2272000
2008-03-19,108.489998,109.000000,104.830002,104.830002,59.152374,1691900
2008-03-20,105.500000,105.739998,103.250000,105.550003,59.558655,2005500
2008-03-24,105.800003,107.279999,103.750000,104.639999,59.045162,1298000
2008-03-25,104.639999,105.970001,103.889999,105.050003,59.276508,1795400
2008-03-26,104.470001,107.080002,104.279999,106.519997,60.105995,1281400
2008-03-27,106.970001,109.360001,106.970001,108.379997,61.155537,1683400
2008-03-28,109.029999,110.000000,107.800003,108.059998,60.974960,1225600
2008-03-31,108.430000,109.279999,107.620003,109.080002,61.550514,1194700
2008-04-01,109.459999,110.699997,108.330002,110.400002,62.295361,1351500
2008-04-02,110.570000,111.500000,110.099998,110.830002,62.537987,938500
2008-04-03,110.730003,112.089996,110.050003,111.379997,62.848335,1444800
2008-04-04,111.330002,113.570000,111.040001,111.349998,62.831406,1467800
2008-04-07,111.739998,111.739998,109.739998,110.360001,62.272747,1073500
2008-04-08,109.800003,112.320000,109.510002,111.989998,63.192539,1192700
2008-04-09,111.830002,112.889999,110.830002,111.500000,62.916042,1345300
2008-04-10,110.870003,111.529999,108.360001,108.680000,61.324825,2528400
2008-04-11,108.080002,110.040001,107.940002,109.190002,61.612572,994500
2008-04-14,109.010002,109.699997,108.150002,109.279999,61.663387,909600
2008-04-15,109.550003,109.849998,108.290001,109.349998,61.702881,821400
2008-04-16,110.500000,112.800003,109.790001,112.680000,63.581905,1407900
2008-04-17,112.510002,114.559998,112.300003,114.290001,64.490364,1428900
2008-04-18,114.050003,115.400002,113.190002,113.860001,64.247734,1464600
2008-04-21,113.459999,114.139999,112.330002,114.089996,64.377518,1401900
2008-04-22,114.080002,115.919998,113.410004,115.629997,65.246468,1604300
2008-04-23,115.849998,117.370003,115.269997,115.919998,65.410126,1610500
2008-04-24,115.629997,116.419998,113.209999,113.720001,64.168732,1340500
2008-04-25,117.750000,117.750000,112.959999,113.209999,63.880962,1493000
2008-04-28,113.160004,113.400002,111.639999,112.540001,63.502903,1450200
2008-04-29,112.760002,112.779999,111.010002,112.019997,63.209476,1776400
2008-04-30,112.019997,114.980003,111.800003,114.860001,64.812012,2239100
2008-05-01,114.470001,115.610001,113.320000,114.000000,64.326714,1838400
2008-05-02,114.779999,116.709999,114.449997,115.849998,65.370621,1288600
2008-05-05,115.459999,115.800003,114.019997,114.720001,64.733002,1181300
2008-05-06,114.029999,115.379997,113.099998,115.190002,64.998207,973900
2008-05-07,115.019997,115.019997,112.370003,112.620003,63.964512,1085200
2008-05-08,113.389999,114.860001,112.480003,113.800003,64.634689,917100
2008-05-09,113.370003,115.599998,110.970001,114.320000,64.930061,861900
2008-05-12,114.349998,115.790001,113.940002,115.699997,65.713844,887900
2008-05-13,115.699997,116.000000,113.779999,115.459999,65.577530,1367000
2008-05-14,115.230003,116.449997,114.550003,116.339996,66.077309,1122400
2008-05-15,115.820000,119.459999,115.040001,118.150002,67.105347,2876100
2008-05-16,117.410004,119.250000,117.000000,119.099998,67.644928,2016700
2008-05-19,119.220001,121.690002,118.080002,121.010002,68.729729,2284400
2008-05-20,120.449997,122.379997,120.440002,121.889999,69.229546,2307000
2008-05-21,121.639999,123.269997,119.900002,120.040001,68.178795,2312800
2008-05-22,120.190002,122.269997,119.620003,122.010002,69.297722,1770400
2008-05-23,121.760002,122.029999,120.000000,120.379997,68.371918,2168200
2008-05-27,119.959999,122.209999,119.940002,121.820000,69.189804,1046000
2008-05-28,122.349998,122.989998,120.279999,121.059998,68.758133,988400
2008-05-29,121.080002,122.019997,119.980003,120.809998,68.616165,1273400
2008-05-30,120.660004,121.519997,119.680000,120.769997,68.593437,1127000
2008-06-02,120.000000,120.940002,119.300003,120.000000,68.156120,1136700
2008-06-03,120.639999,121.089996,116.839996,117.150002,66.537399,2159400
2008-06-04,117.290001,119.519997,117.199997,119.300003,67.758507,1750000
2008-06-05,119.470001,119.839996,118.260002,119.839996,68.065231,1475200
2008-06-06,119.260002,119.629997,117.449997,117.760002,66.883873,1790200
2008-06-09,118.000000,120.910004,117.849998,120.260002,68.303764,902100
2008-06-10,119.400002,121.830002,118.870003,121.510002,69.013748,2114100
2008-06-11,120.870003,121.360001,118.430000,118.500000,67.304138,1775200
2008-06-12,118.500000,119.660004,118.180000,118.860001,67.508629,1158200
2008-06-13,119.849998,122.220001,119.379997,121.209999,68.843361,1560600
2008-06-16,120.680000,121.190002,119.300003,121.019997,68.735435,708000
2008-06-17,121.150002,121.849998,119.699997,120.029999,68.173134,881900
2008-06-18,119.720001,122.000000,119.449997,121.400002,68.951256,1382100
2008-06-19,120.470001,122.500000,120.139999,122.150002,69.377251,2092000
2008-06-20,121.849998,122.250000,119.919998,120.980003,68.712708,1715300
2008-06-23,121.570000,123.139999,121.010002,122.839996,69.769127,1735200
2008-06-24,122.629997,122.800003,121.410004,121.650002,69.093269,1390700
2008-06-25,121.860001,122.669998,121.180000,122.199997,69.405632,1033700
2008-06-26,119.040001,121.290001,117.529999,117.879997,66.952026,2357100
2008-06-27,118.029999,118.910004,116.470001,117.720001,66.861137,2495300
2008-06-30,117.660004,121.089996,117.059998,120.480003,68.428711,2328300
2008-07-01,119.459999,122.239998,118.529999,121.220001,68.849052,2122300
2008-07-02,121.489998,122.879997,120.989998,120.989998,68.718399,1454000
2008-07-03,121.750000,122.199997,120.029999,120.500000,68.440079,893200
2008-07-07,120.830002,121.660004,118.320000,119.620003,67.940269,1108500
2008-07-08,119.680000,120.680000,117.190002,118.589996,67.355263,1954500
2008-07-09,119.099998,122.510002,119.080002,121.550003,69.036461,1759000
2008-07-10,121.919998,122.139999,120.989998,121.980003,69.280708,1203200
2008-07-11,120.879997,121.290001,119.169998,119.709999,67.991379,1852200
2008-07-14,120.889999,120.889999,118.449997,118.730003,67.434776,1148000
2008-07-15,117.730003,118.800003,116.500000,118.279999,67.179199,2127900
2008-07-16,118.180000,118.940002,114.940002,115.610001,65.662720,1875600
2008-07-17,110.400002,115.150002,109.070000,110.660004,62.851280,2650900
2008-07-18,113.419998,115.769997,110.120003,110.599998,62.817192,3058900
2008-07-21,111.169998,113.379997,110.120003,113.019997,64.191689,2385000
2008-07-22,112.139999,114.769997,111.370003,112.410004,63.845230,1870500
2008-07-23,112.309998,112.309998,107.349998,108.320000,61.522243,2423800
2008-07-24,107.300003,108.349998,104.269997,106.449997,60.460136,2744500
2008-07-25,106.760002,107.930000,105.220001,107.010002,60.778225,2123300
2008-07-28,106.169998,108.800003,106.169998,106.870003,60.698700,1178300
2008-07-29,105.800003,110.300003,105.779999,109.589996,62.243557,1578900
2008-07-30,109.339996,110.480003,108.769997,110.180000,62.578678,2284200
2008-07-31,109.300003,110.190002,106.620003,106.919998,60.727077,1640900
2008-08-01,107.169998,108.040001,103.879997,104.120003,59.136791,2358200
2008-08-04,104.750000,106.050003,102.809998,102.830002,58.404091,2869900
2008-08-05,103.680000,105.660004,101.970001,103.900002,59.011845,1953400
2008-08-06,103.400002,105.699997,103.099998,103.680000,59.315018,1082400
2008-08-07,103.400002,105.379997,102.180000,103.239998,59.063324,1250800
2008-08-08,104.230003,104.230003,101.669998,102.050003,58.382530,1628500
2008-08-11,102.099998,103.809998,101.209999,102.699997,58.754383,1500200
2008-08-12,102.650002,102.669998,99.250000,99.589996,56.975178,1679400
2008-08-13,99.459999,101.080002,99.300003,100.860001,57.701717,2091600
2008-08-14,100.419998,100.419998,98.820000,98.879997,56.568993,1726400
2008-08-15,99.019997,100.889999,98.099998,100.550003,57.524368,2423900
2008-08-18,100.800003,101.150002,99.389999,99.980003,57.198280,1160500
2008-08-19,99.360001,100.620003,99.360001,99.839996,57.118187,1430400
2008-08-20,99.489998,101.080002,99.239998,100.900002,57.724602,1205900
2008-08-21,100.570000,103.550003,100.320000,103.099998,58.983227,1688400
2008-08-22,103.349998,103.629997,102.080002,102.500000,58.639965,861800
2008-08-25,102.029999,103.320000,101.580002,102.870003,58.851658,1149100
2008-08-26,103.029999,106.599998,102.820000,106.110001,60.705223,2252800
2008-08-27,106.339996,106.989998,105.660004,106.349998,60.842552,954300
2008-08-28,106.769997,106.989998,104.949997,106.209999,60.762459,806200
2008-08-29,105.919998,106.260002,103.110001,103.389999,59.149136,1228400
2008-09-02,104.010002,105.269997,99.769997,100.120003,57.278366,2680300
2008-09-03,100.629997,100.959999,98.260002,99.589996,56.975178,2091200
2008-09-04,99.339996,100.330002,97.720001,98.860001,56.557522,1679200
2008-09-05,98.269997,100.540001,96.320000,96.849998,55.407619,2451300
2008-09-08,98.720001,99.059998,96.489998,97.660004,55.871010,2291900
2008-09-09,98.830002,102.870003,94.099998,94.699997,54.177620,3287800
2008-09-10,95.209999,96.900002,94.860001,95.900002,54.864117,1375700
2008-09-11,95.250000,98.110001,93.449997,97.949997,56.036915,2019600
2008-09-12,97.620003,101.150002,97.330002,100.599998,57.552975,1536300
2008-09-15,97.480003,99.239998,96.629997,96.739998,55.344677,2798100
2008-09-16,95.940002,97.389999,88.629997,92.449997,52.890381,3772400
2008-09-17,91.040001,91.529999,86.129997,87.290001,49.938354,3906400
2008-09-18,88.089996,90.279999,85.750000,87.349998,49.972710,3565700
2008-09-19,87.760002,94.580002,85.019997,91.239998,52.198158,3177200
2008-09-22,91.540001,91.900002,89.519997,89.769997,51.357162,1185900
2008-09-23,89.769997,91.980003,89.500000,89.809998,51.380047,1578400
2008-09-24,89.610001,90.750000,88.139999,90.570000,51.814838,1176400
2008-09-25,91.040001,94.660004,90.410004,93.570000,53.531143,1558300
2008-09-26,92.839996,94.099998,89.160004,90.529999,51.791950,1469300
2008-09-29,89.589996,90.889999,83.779999,84.820000,48.525280,2823000
2008-09-30,85.029999,89.150002,85.029999,89.010002,50.922379,2506100
2008-10-01,88.050003,89.099998,86.330002,87.989998,50.338825,1353100
2008-10-02,87.620003,88.389999,85.610001,86.650002,49.572231,2264800
2008-10-03,87.389999,89.760002,86.360001,86.650002,49.572231,1681200
2008-10-06,85.199997,87.660004,81.180000,82.919998,47.438305,3383500
2008-10-07,83.519997,85.260002,78.940002,79.300003,45.367313,2737600
2008-10-08,78.180000,80.699997,76.070000,76.070000,43.519447,4220100
2008-10-09,76.470001,77.910004,73.349998,73.410004,41.997662,3442600
2008-10-10,70.739998,71.830002,61.930000,68.250000,39.045624,4857900
2008-10-13,70.080002,77.940002,68.099998,77.940002,44.589249,2238200
2008-10-14,80.389999,81.070000,75.800003,79.309998,45.373035,3354300
2008-10-15,77.949997,77.949997,73.309998,73.500000,42.049137,2921900
2008-10-16,73.379997,77.559998,70.139999,77.250000,44.194511,3818500
2008-10-17,77.000000,84.389999,75.330002,80.849998,46.254051,3117700
2008-10-20,81.690002,87.709999,79.680000,87.589996,50.109989,2112800
2008-10-21,87.029999,87.029999,81.239998,82.000000,46.911983,2293900
2008-10-22,80.050003,80.629997,72.860001,75.610001,43.256279,2747600
2008-10-23,75.940002,80.639999,73.260002,79.500000,45.481739,2204400
2008-10-24,75.230003,80.970001,72.379997,79.269997,45.350136,2667300
2008-10-27,81.070000,81.070000,73.379997,73.760002,42.197903,2045500
2008-10-28,75.360001,81.290001,72.459999,81.010002,46.345589,1928900
2008-10-29,81.580002,84.309998,78.919998,79.720001,45.607582,1995100
2008-10-30,81.989998,83.389999,78.010002,81.330002,46.528675,1730000
2008-10-31,79.190002,82.800003,76.910004,78.050003,44.652191,2044300
2008-11-03,78.050003,79.580002,76.220001,79.169998,45.292950,1276500
2008-11-04,81.139999,83.910004,80.180000,82.290001,47.077881,1691100
2008-11-05,82.750000,85.500000,78.639999,78.930000,45.155628,2138000
2008-11-06,78.739998,79.500000,74.730003,76.169998,43.576649,1402200
2008-11-07,76.519997,80.860001,75.250000,80.099998,46.280685,1323100
2008-11-10,81.650002,81.650002,76.669998,78.199997,45.182896,1486700
2008-11-11,77.029999,79.379997,75.730003,77.910004,45.015335,910000
2008-11-12,76.709999,77.449997,75.250000,75.860001,43.830868,1235900
2008-11-13,76.300003,82.820000,74.000000,82.820000,47.852261,2048900
2008-11-14,80.300003,84.000000,79.010002,79.989998,46.217129,1645000
2008-11-17,78.709999,81.430000,76.410004,78.370003,45.281113,1746900
2008-11-18,77.820000,79.400002,76.110001,79.129997,45.720226,2368700
2008-11-19,79.129997,82.300003,78.260002,78.260002,45.217564,2218300
2008-11-20,77.169998,81.889999,76.019997,76.989998,44.483780,3145600
2008-11-21,78.730003,85.760002,77.150002,85.760002,49.550949,4105800
2008-11-24,85.879997,87.580002,83.279999,84.949997,49.082947,3416100
2008-11-25,86.550003,86.959999,82.139999,83.989998,48.528278,2134700
2008-11-26,82.589996,84.589996,81.360001,83.900002,48.476288,1698900
2008-11-28,84.080002,85.180000,83.250000,85.099998,49.169598,456300
2008-12-01,83.239998,83.989998,81.139999,81.139999,46.881584,1688500
2008-12-02,82.139999,83.209999,80.949997,82.959999,47.933155,1641000
2008-12-03,81.250000,84.150002,80.680000,83.860001,48.453163,2343800
2008-12-04,83.029999,84.190002,80.029999,81.660004,47.182034,2497900
2008-12-05,80.519997,83.349998,77.279999,83.110001,48.019825,2533700
2008-12-08,84.260002,85.000000,80.250000,81.820000,47.274487,2192900
2008-12-09,81.639999,82.059998,79.339996,79.849998,46.136238,1781500
2008-12-10,80.959999,81.360001,79.080002,80.889999,46.737133,1609400
2008-12-11,80.589996,82.839996,80.010002,80.660004,46.604252,2000700
2008-12-12,78.570000,82.040001,78.559998,81.540001,47.112690,1388500
2008-12-15,82.029999,82.040001,79.480003,80.629997,46.586910,1300500
2008-12-16,81.120003,83.129997,79.669998,82.589996,47.719364,1962200
2008-12-17,81.760002,82.370003,80.209999,80.970001,46.783352,955600
2008-12-18,81.379997,83.500000,80.550003,81.480003,47.078041,2029300
2008-12-19,82.080002,83.870003,81.529999,81.860001,47.297596,1693400
2008-12-22,81.620003,83.169998,80.599998,81.980003,47.366913,1213500
2008-12-23,82.279999,82.650002,80.370003,80.730003,46.644684,986800
2008-12-24,80.760002,81.589996,80.550003,81.480003,47.078041,228200
2008-12-26,82.129997,82.839996,81.370003,81.720001,47.216705,297400
2008-12-29,81.779999,81.989998,80.690002,81.709999,47.210918,621400
2008-12-30,82.250000,82.599998,81.580002,82.290001,47.546032,737100
2008-12-31,82.830002,83.870003,82.589996,83.129997,48.031384,1044000
2009-01-02,83.709999,84.980003,82.889999,84.690002,48.932735,1047500
2009-01-05,84.669998,86.410004,84.300003,85.440002,49.366051,1578200
2009-01-06,85.559998,86.610001,83.379997,84.000000,48.534050,1847700
2009-01-07,82.959999,84.269997,82.430000,82.930000,47.915821,1877700
2009-01-08,82.849998,83.480003,82.099998,82.940002,47.921608,1501200
2009-01-09,81.730003,81.730003,78.470001,80.120003,46.292248,3015100
2009-01-12,80.320000,81.430000,80.300003,80.820000,46.696690,1438600
2009-01-13,80.959999,80.959999,77.059998,77.610001,44.841999,1999300
2009-01-14,76.570000,77.059998,74.589996,76.190002,44.021549,2318900
2009-01-15,76.209999,76.830002,74.220001,76.169998,44.009983,1799400
2009-01-16,77.050003,78.290001,75.849998,77.110001,44.553097,1563800
2009-01-20,76.919998,79.940002,76.440002,78.309998,45.246441,2692300
2009-01-21,79.250000,79.419998,75.959999,77.860001,44.986443,1929600
2009-01-22,76.620003,78.190002,76.190002,77.370003,44.703323,1794800
2009-01-23,76.169998,78.410004,75.239998,78.059998,45.102005,1705900
2009-01-26,78.190002,80.570000,77.870003,79.680000,46.038033,1483200
2009-01-27,80.209999,80.209999,78.699997,79.680000,46.038033,1174800
2009-01-28,80.110001,81.000000,79.110001,79.830002,46.124687,1407100
2009-01-29,78.760002,79.989998,77.050003,77.529999,44.795773,2044500
2009-01-30,77.449997,78.589996,76.059998,76.360001,44.119759,1882800
2009-02-02,73.519997,74.529999,73.239998,73.379997,42.397945,2566600
2009-02-03,73.309998,74.360001,71.000000,73.809998,42.646408,2613300
2009-02-04,74.489998,74.639999,71.529999,73.250000,42.322834,2725500
2009-02-05,71.699997,74.059998,71.589996,72.849998,42.091743,2087400
2009-02-06,72.589996,74.610001,71.349998,74.290001,42.923740,3070700
2009-02-09,73.900002,74.279999,72.290001,72.550003,42.345917,1832900
2009-02-10,72.129997,72.820000,70.300003,70.570000,41.190220,1786000
2009-02-11,70.769997,71.389999,69.930000,70.800003,41.324478,1482000
2009-02-12,69.110001,70.309998,67.889999,69.370003,40.489807,2069500
2009-02-13,69.620003,70.860001,68.930000,69.980003,40.845856,1444200
2009-02-17,69.730003,70.300003,68.029999,69.360001,40.483967,2935100
2009-02-18,69.970001,70.010002,68.180000,68.669998,40.081230,2093800
2009-02-19,69.029999,70.730003,68.760002,69.500000,40.565693,1490800
2009-02-20,68.260002,69.449997,66.959999,67.639999,39.480038,2395000
2009-02-23,68.150002,68.660004,65.470001,66.019997,38.534481,2125000
2009-02-24,66.669998,68.410004,66.139999,68.250000,39.836079,1839800
2009-02-25,67.629997,69.349998,67.250000,68.470001,39.964512,2106000
2009-02-26,68.970001,70.199997,68.290001,68.389999,39.917789,2122200
2009-02-27,67.150002,68.949997,65.660004,67.389999,39.334129,1862000
2009-03-02,66.330002,68.410004,65.320000,65.400002,38.172611,1885700
2009-03-03,65.839996,66.839996,62.529999,63.040001,36.795113,2121100
2009-03-04,63.779999,65.519997,63.330002,64.489998,37.641453,1749500
2009-03-05,63.380001,63.599998,62.049999,63.450001,37.034431,2154000
2009-03-06,63.889999,65.709999,62.029999,63.520000,37.075275,1850200
2009-03-09,63.480000,64.110001,60.689999,61.209999,35.726986,2112000
2009-03-10,62.099998,63.450001,61.599998,62.939999,36.736755,2341000
2009-03-11,63.220001,63.279999,61.320000,61.410000,35.843723,2389800
2009-03-12,61.549999,61.750000,60.060001,61.110001,35.668617,2492200
2009-03-13,61.450001,61.770000,59.869999,60.529999,35.330078,2615100
2009-03-16,61.070000,63.029999,61.040001,62.439999,36.444908,2436900
2009-03-17,62.520000,64.139999,61.500000,64.139999,37.437164,1877300
2009-03-18,63.849998,67.309998,62.869999,66.809998,38.995583,3099700
2009-03-19,66.970001,68.199997,66.629997,67.529999,39.415840,1799700
2009-03-20,67.589996,68.559998,66.779999,67.050003,39.135674,1453900
2009-03-23,67.730003,69.230003,67.209999,69.230003,40.408112,849200
2009-03-24,68.639999,69.059998,67.370003,67.389999,39.334129,1092600
2009-03-25,67.570000,68.419998,66.199997,67.019997,39.118164,1000400
2009-03-26,67.400002,68.930000,66.180000,68.830002,40.174614,1116200
2009-03-27,67.669998,68.470001,67.559998,68.000000,39.690174,735600
2009-03-30,66.760002,67.660004,65.910004,66.930000,39.065628,1074900
2009-03-31,67.300003,68.989998,67.029999,68.089996,39.742691,1394800
2009-04-01,67.540001,68.989998,67.269997,68.699997,40.098747,1658300
2009-04-02,69.739998,70.470001,68.250000,69.639999,40.647392,1287500
2009-04-03,69.540001,69.980003,68.580002,69.220001,40.402256,1188800
2009-04-06,68.500000,69.220001,67.769997,68.230003,39.824421,1041900
2009-04-07,67.290001,68.989998,67.029999,67.849998,39.602604,1366000
2009-04-08,68.199997,68.199997,66.410004,67.730003,39.532578,1601500
2009-04-09,68.940002,69.019997,65.589996,65.839996,38.429420,2369200
2009-04-13,65.779999,65.910004,64.169998,64.440002,37.612263,1926700
2009-04-14,63.900002,64.800003,63.389999,63.980000,37.343781,1294400
2009-04-15,63.950001,65.550003,63.950001,65.449997,38.201790,1427900
2009-04-16,65.680000,67.160004,64.849998,66.849998,39.018925,2236100
2009-04-17,67.139999,68.400002,66.480003,68.190002,39.801060,1561500
2009-04-20,67.400002,68.050003,66.589996,66.620003,38.884682,1251900
2009-04-21,66.900002,67.150002,65.919998,66.129997,38.598690,1563100
2009-04-22,65.580002,65.809998,64.839996,65.029999,37.956642,1424000
2009-04-23,65.169998,65.220001,64.080002,64.839996,37.845737,1567900
2009-04-24,65.160004,65.459999,63.500000,64.000000,37.355453,1703500
2009-04-27,64.589996,65.459999,63.959999,64.690002,37.758198,3130200
2009-04-28,64.540001,64.830002,63.860001,64.279999,37.518883,2434500
2009-04-29,64.820000,65.400002,64.190002,65.029999,37.956642,1480700
2009-04-30,65.599998,65.750000,63.930000,64.769997,37.804878,2253100
2009-05-01,64.900002,66.900002,64.720001,66.900002,39.048119,5193300
2009-05-04,67.570000,71.080002,66.889999,71.080002,41.487900,3869500
2009-05-05,70.820000,72.040001,70.449997,71.779999,41.896461,2623500
2009-05-06,72.349998,73.129997,71.730003,73.089996,42.661083,2135100
2009-05-07,73.750000,74.790001,72.970001,74.580002,43.530766,2272500
2009-05-08,75.139999,76.480003,74.269997,74.699997,43.600800,2335700
2009-05-11,74.379997,74.379997,72.510002,73.449997,43.306011,1914000
2009-05-12,74.250000,74.519997,73.040001,74.309998,43.813061,2133800
2009-05-13,74.010002,75.480003,73.320000,73.809998,43.518265,3663800
2009-05-14,74.050003,74.360001,72.050003,73.570000,43.376770,2221800
2009-05-15,73.139999,73.930000,72.550003,73.419998,43.288334,3393200
2009-05-18,73.930000,74.059998,71.750000,73.540001,43.359070,2177000
2009-05-19,73.370003,75.500000,73.370003,74.750000,44.072483,2009400
2009-05-20,75.389999,76.110001,73.889999,74.080002,43.677460,2187100
2009-05-21,73.879997,73.980003,71.750000,72.099998,42.510052,1885900
2009-05-22,72.099998,73.190002,72.029999,72.580002,42.793064,1444400
2009-05-26,72.410004,73.739998,71.190002,73.739998,43.477005,1164200
2009-05-27,73.739998,73.900002,72.230003,72.510002,42.751797,998000
2009-05-28,72.580002,73.970001,72.180000,73.680000,43.441620,1195700
2009-05-29,74.120003,74.910004,73.309998,74.620003,43.995853,1051600
2009-06-01,75.389999,76.930000,74.940002,76.800003,45.281162,1566400
2009-06-02,76.669998,77.400002,75.169998,75.580002,44.561874,1421800
2009-06-03,75.519997,75.769997,73.349998,74.139999,43.712830,1121400
2009-06-04,74.650002,74.860001,73.930000,74.440002,43.889717,930700
2009-06-05,74.889999,75.620003,73.669998,74.169998,43.730515,1027200
2009-06-08,73.910004,74.800003,72.910004,73.500000,43.335495,1205400
2009-06-09,73.809998,74.529999,73.040001,73.459999,43.311916,1281300
2009-06-10,73.500000,74.860001,73.500000,74.510002,43.930996,1074300
2009-06-11,74.430000,77.089996,74.099998,76.010002,44.815380,1385600
2009-06-12,75.820000,78.669998,74.949997,78.239998,46.130199,1600900
2009-06-15,77.470001,77.809998,75.430000,76.239998,44.950981,1006000
2009-06-16,76.330002,77.379997,75.940002,76.480003,45.092499,1506500
2009-06-17,76.220001,77.099998,75.309998,76.220001,44.939198,1075700
2009-06-18,76.830002,78.430000,76.419998,78.160004,46.083015,1209000
2009-06-19,78.220001,78.779999,76.769997,76.870003,45.322437,2611500
2009-06-22,76.779999,77.540001,76.019997,76.730003,45.239895,1346800
2009-06-23,76.620003,76.620003,75.389999,75.769997,44.673878,1013500
2009-06-24,76.120003,76.820000,74.779999,75.540001,44.538273,1143100
2009-06-25,76.910004,78.019997,75.750000,77.510002,45.699787,2352600
2009-06-26,77.330002,77.510002,76.370003,76.430000,45.063011,2998800
2009-06-29,76.629997,78.430000,76.500000,78.230003,46.124287,1404800
2009-06-30,78.379997,78.379997,76.940002,77.519997,45.705662,1356400
2009-07-01,77.730003,78.690002,77.550003,78.180000,46.094807,806600
2009-07-02,77.540001,77.540001,74.680000,74.680000,44.031227,930300
2009-07-06,74.470001,76.400002,74.150002,75.470001,44.497005,1056000
2009-07-07,75.220001,75.360001,73.000000,73.080002,43.087856,1039300
2009-07-08,73.650002,74.580002,72.680000,73.269997,43.199879,1306000
2009-07-09,73.290001,73.919998,72.360001,73.430000,43.294231,850700
2009-07-10,72.910004,73.620003,72.400002,72.709999,42.869720,1040900
2009-07-13,72.709999,73.910004,72.260002,73.750000,43.482899,903200
2009-07-14,73.989998,74.919998,73.500000,74.820000,44.113758,1296700
2009-07-15,75.250000,75.620003,74.199997,75.580002,44.561874,1526400
2009-07-16,75.580002,75.830002,74.370003,75.639999,44.597225,945600
2009-07-17,75.650002,75.660004,74.160004,74.860001,44.137348,891300
2009-07-20,73.510002,76.360001,71.760002,76.269997,44.968662,1923000
2009-07-21,76.480003,77.849998,76.290001,77.589996,45.746941,1476700
2009-07-22,77.139999,77.699997,76.320000,77.250000,45.546494,1147400
2009-07-23,76.860001,79.919998,76.860001,79.389999,46.808239,1727300
2009-07-24,79.190002,81.050003,79.089996,80.959999,47.733894,1154800
2009-07-27,80.980003,81.260002,79.860001,80.260002,47.321175,1053100
2009-07-28,79.379997,80.459999,78.510002,79.540001,46.896671,1379900
2009-07-29,79.220001,79.949997,78.379997,79.330002,46.772869,1060100
2009-07-30,79.970001,81.440002,79.830002,80.739998,47.604195,1285200
2009-07-31,81.019997,81.300003,80.250000,80.330002,47.362446,1170800
2009-08-03,81.120003,81.510002,80.129997,80.980003,47.745689,999200
2009-08-04,80.900002,80.900002,77.830002,78.250000,46.136105,1541600
2009-08-05,78.290001,78.290001,76.470001,77.370003,45.617245,1271300
2009-08-06,77.180000,79.150002,77.010002,78.900002,46.519321,1841500
2009-08-07,79.529999,79.910004,78.750000,78.870003,46.501648,995900
2009-08-10,78.129997,78.250000,76.889999,77.980003,46.418304,531400
2009-08-11,77.910004,79.230003,77.589996,78.790001,46.900463,937800
2009-08-12,78.629997,80.529999,78.379997,79.779999,47.489777,1144100
2009-08-13,79.870003,80.099998,78.750000,79.800003,47.501698,955200
2009-08-14,79.820000,80.269997,78.629997,79.059998,47.061176,1012600
2009-08-17,78.589996,78.669998,77.449997,78.150002,46.519489,1179100
2009-08-18,78.129997,79.120003,77.910004,79.050003,47.055225,1162400
2009-08-19,78.540001,80.230003,78.470001,79.540001,47.346909,1723300
2009-08-20,79.730003,80.040001,79.339996,79.809998,47.507610,950400
2009-08-21,80.110001,81.919998,79.959999,81.779999,48.680305,1097200
2009-08-24,81.889999,82.389999,81.139999,81.720001,48.644577,1169800
2009-08-25,81.790001,82.339996,81.599998,81.790001,48.686249,1672200
2009-08-26,81.489998,81.949997,80.699997,81.000000,48.215992,1279300
2009-08-27,80.680000,80.910004,79.709999,80.250000,47.769531,1427900
2009-08-28,80.330002,80.690002,79.309998,79.949997,47.590977,1713200
2009-08-31,79.860001,79.860001,78.570000,79.000000,47.025452,865300
2009-09-01,78.519997,79.830002,78.519997,78.830002,46.924263,1515000
2009-09-02,78.730003,79.150002,78.230003,78.489998,46.721878,888300
2009-09-03,78.589996,79.510002,78.589996,79.480003,47.311195,968000
2009-09-04,79.699997,79.800003,79.110001,79.580002,47.370716,864400
2009-09-08,79.930000,79.930000,79.059998,79.529999,47.340973,873900
2009-09-09,79.540001,79.550003,78.570000,78.959999,47.001671,1336100
2009-09-10,78.949997,78.949997,77.919998,78.080002,46.477833,1389300
2009-09-11,78.440002,78.440002,77.580002,77.690002,46.245689,1223500
2009-09-14,77.559998,78.589996,77.330002,78.489998,46.721878,1454400
2009-09-15,78.389999,78.650002,77.519997,78.480003,46.715916,1820800
2009-09-16,78.739998,80.050003,78.290001,80.029999,47.638577,1673000
2009-09-17,79.620003,80.199997,79.339996,79.580002,47.370716,1340700
2009-09-18,80.570000,81.260002,79.769997,80.889999,48.150513,2005700
2009-09-21,80.580002,81.089996,79.410004,80.589996,47.971935,1326400
2009-09-22,80.510002,80.800003,79.989998,80.430000,47.876690,924500
2009-09-23,80.110001,81.720001,80.110001,80.209999,47.745731,962400
2009-09-24,80.519997,81.099998,79.620003,79.820000,47.513599,806400
2009-09-25,79.529999,80.000000,79.300003,79.360001,47.239754,507200
2009-09-28,79.540001,80.300003,79.430000,79.800003,47.501698,492900
2009-09-29,79.800003,80.660004,79.500000,80.459999,47.894543,1309900
2009-09-30,80.349998,80.449997,79.300003,79.860001,47.537380,1220800
2009-10-01,79.239998,79.330002,77.660004,77.820000,46.323063,1093800
2009-10-02,77.169998,77.669998,77.000000,77.379997,46.061153,1111600
2009-10-05,77.750000,79.089996,77.019997,78.720001,46.858810,1299700
2009-10-06,78.900002,79.610001,78.349998,79.220001,47.156414,1421500
2009-10-07,78.739998,79.269997,78.540001,78.940002,46.989746,836800
2009-10-08,78.980003,79.370003,78.589996,78.860001,46.942139,1345700
2009-10-09,79.120003,80.629997,79.120003,79.730003,47.460003,2126400
2009-10-12,79.809998,80.449997,79.620003,80.019997,47.632622,952200
2009-10-13,79.680000,80.050003,78.699997,78.809998,46.912373,974900
2009-10-14,79.339996,79.470001,78.269997,78.820000,46.918331,1062500
2009-10-15,78.230003,80.470001,78.230003,80.150002,47.710014,1549400
2009-10-16,79.620003,80.910004,79.300003,80.639999,48.001698,1050000
2009-10-19,80.419998,81.169998,80.360001,80.970001,48.198120,1525700
2009-10-20,81.190002,81.820000,79.400002,80.000000,47.620712,764000
2009-10-21,80.010002,81.809998,79.800003,80.750000,48.067184,1180400
2009-10-22,80.500000,81.320000,79.500000,80.889999,48.150513,1285700
2009-10-23,80.860001,80.889999,78.790001,79.290001,47.198090,1007300
2009-10-26,79.260002,80.489998,78.209999,78.410004,46.674267,1166800
2009-10-27,78.570000,79.440002,78.019997,78.379997,46.656425,1089500
2009-10-28,78.379997,78.830002,77.239998,77.639999,46.215900,1469100
2009-10-29,77.809998,78.669998,77.150002,78.550003,46.757603,864400
2009-10-30,78.459999,78.760002,76.559998,76.720001,45.668262,1421800
2009-11-02,76.989998,77.959999,76.459999,77.199997,45.954002,1105100
2009-11-03,77.199997,77.260002,76.099998,76.260002,45.394466,1143000
2009-11-04,77.489998,77.699997,76.269997,76.820000,45.727791,1133100
2009-11-05,77.370003,77.879997,76.860001,77.680000,46.239731,833300
2009-11-06,77.860001,77.860001,76.519997,77.010002,45.840889,820100
2009-11-09,77.070000,77.580002,76.470001,77.580002,46.634369,746200
2009-11-10,77.199997,78.290001,77.199997,77.529999,46.604313,845900
2009-11-11,77.949997,78.150002,77.139999,77.559998,46.622349,697000
2009-11-12,77.559998,78.220001,76.720001,76.790001,46.159477,575400
2009-11-13,76.900002,78.820000,76.379997,78.639999,47.271549,1680200
2009-11-16,78.849998,79.989998,78.760002,79.669998,47.890709,1110400
2009-11-17,79.680000,79.839996,79.230003,79.419998,47.740421,473000
2009-11-18,79.209999,79.459999,78.540001,78.720001,47.319656,821300
2009-11-19,78.290001,78.589996,77.239998,77.809998,46.772606,956500
2009-11-20,77.519997,78.139999,77.209999,77.790001,46.760612,870700
2009-11-23,78.269997,79.470001,78.269997,78.940002,47.451878,505600
2009-11-24,79.120003,79.500000,78.620003,79.260002,47.644245,667600
2009-11-25,79.330002,80.300003,79.059998,80.059998,48.125118,524200
2009-11-27,78.699997,79.290001,78.099998,78.500000,47.187405,351400
2009-11-30,78.570000,79.230003,78.250000,78.650002,47.277561,1169400
2009-12-01,79.239998,81.089996,78.870003,81.050003,48.720234,1460900
2009-12-02,81.120003,82.309998,80.889999,81.519997,49.002762,1266100
2009-12-03,81.629997,82.160004,80.860001,81.059998,48.726250,1171900
2009-12-04,81.779999,82.190002,79.129997,80.459999,48.365578,1559400
2009-12-07,80.599998,81.589996,80.459999,81.150002,48.780338,1046000
2009-12-08,80.830002,81.230003,80.089996,80.919998,48.642097,1182500
2009-12-09,80.930000,81.000000,80.370003,80.879997,48.618034,744400
2009-12-10,81.349998,82.089996,80.809998,81.750000,49.141014,1349600
2009-12-11,81.870003,83.110001,81.680000,83.059998,49.928482,1029700
2009-12-14,83.699997,84.129997,83.309998,83.760002,50.349243,1217000
2009-12-15,83.370003,83.669998,82.459999,83.000000,49.892395,1069500
2009-12-16,83.449997,83.449997,82.150002,82.349998,49.501690,1007000
2009-12-17,82.050003,83.339996,81.779999,82.730003,49.730118,1565300
2009-12-18,81.000000,83.250000,81.000000,83.040001,49.916443,2885700
2009-12-21,83.459999,84.250000,83.089996,84.010002,50.499523,1306300
2009-12-22,84.250000,84.440002,82.730003,82.879997,49.820278,1070600
2009-12-23,82.900002,83.260002,82.550003,82.809998,49.778183,808300
2009-12-24,82.980003,83.580002,82.980003,83.449997,50.162907,259900
2009-12-28,83.489998,83.739998,83.150002,83.349998,50.102783,672500
2009-12-29,83.699997,83.779999,83.169998,83.260002,50.048695,515000
2009-12-30,82.879997,83.480003,82.769997,83.080002,49.940495,544900
2009-12-31,83.400002,83.400002,81.820000,81.839996,49.195099,659800
2010-01-04,82.099998,82.730003,81.750000,82.150002,49.381447,1049400
2010-01-05,82.279999,82.300003,80.360001,80.839996,48.593990,1157100
2010-01-06,80.790001,81.339996,80.419998,81.250000,48.840454,1011900
2010-01-07,80.959999,81.029999,80.250000,80.279999,48.257374,1243600
2010-01-08,80.379997,80.570000,79.220001,79.510002,47.794518,1652800
2010-01-11,79.980003,81.529999,79.750000,81.050003,48.720234,2014100
2010-01-12,81.769997,82.120003,81.199997,81.720001,49.122978,1786400
2010-01-13,81.709999,83.010002,81.660004,82.879997,49.820278,1104200
2010-01-14,82.870003,83.089996,82.150002,82.800003,49.772186,966000
2010-01-15,82.550003,82.620003,80.930000,81.849998,49.201138,1918900
2010-01-19,81.900002,82.190002,80.870003,82.160004,49.387466,884100
2010-01-20,81.949997,81.949997,80.059998,81.059998,48.726250,1263500
2010-01-21,81.580002,82.730003,79.300003,79.750000,47.938793,2484000
2010-01-22,79.739998,79.809998,78.480003,78.540001,47.211456,1455700
2010-01-25,79.199997,79.239998,77.760002,78.730003,47.325668,1176000
2010-01-26,78.589996,79.550003,78.099998,79.309998,47.674301,1297900
2010-01-27,79.300003,79.300003,77.720001,78.720001,47.319656,1031900
2010-01-28,78.849998,79.029999,77.080002,77.099998,46.345848,1630800
2010-01-29,77.489998,77.820000,76.230003,76.309998,45.870956,2528800
2010-02-01,76.620003,77.430000,75.900002,77.230003,46.423988,1383800
2010-02-02,77.290001,79.730003,76.610001,78.779999,47.355694,1713300
2010-02-03,79.000000,79.930000,78.779999,79.739998,47.932755,1634400
2010-02-04,79.080002,80.180000,77.040001,77.110001,46.351833,2353100
2010-02-05,76.970001,77.209999,75.519997,77.089996,46.339828,1891300
2010-02-08,77.050003,77.349998,76.220001,76.290001,45.858932,1008400
2010-02-09,75.910004,76.940002,75.540001,76.260002,46.296032,2135900
2010-02-10,77.709999,77.709999,75.949997,76.669998,46.544945,1956100
2010-02-11,76.730003,77.769997,75.980003,77.550003,47.079182,2168900
2010-02-12,76.519997,77.230003,76.300003,77.139999,46.830269,1645300
2010-02-16,77.769997,79.000000,77.550003,78.989998,47.953362,1063400
2010-02-17,79.440002,79.519997,77.839996,78.260002,47.510201,2060200
2010-02-18,78.089996,78.750000,77.699997,78.040001,47.376640,1477000
2010-02-19,77.989998,78.820000,77.389999,78.750000,47.807655,1774000
2010-02-22,79.180000,79.180000,77.610001,77.720001,47.182373,1089200
2010-02-23,77.690002,77.889999,76.900002,77.400002,46.988121,1167600
2010-02-24,77.440002,77.440002,75.690002,76.730003,46.581371,1416700
2010-02-25,76.370003,76.559998,75.250000,76.519997,46.453873,1232000
2010-02-26,76.419998,76.760002,75.870003,75.970001,46.119976,1452700
2010-03-01,76.070000,78.150002,75.970001,77.769997,47.212730,1348100
2010-03-02,78.129997,78.720001,78.129997,78.449997,47.625546,1842200
2010-03-03,78.449997,78.639999,77.650002,77.830002,47.249153,1181400
2010-03-04,77.730003,78.279999,77.269997,78.239998,47.498070,1118000
2010-03-05,78.279999,79.639999,77.989998,79.449997,48.232628,1482600
2010-03-08,79.470001,79.690002,79.279999,79.550003,48.293335,1080100
2010-03-09,79.339996,79.580002,78.900002,79.169998,48.062656,1254200
2010-03-10,79.019997,79.570000,78.889999,79.519997,48.275124,1006100
2010-03-11,79.290001,79.800003,78.940002,79.800003,48.445114,756700
2010-03-12,79.870003,79.870003,78.139999,78.250000,47.504135,717900
2010-03-15,78.360001,78.919998,77.910004,78.809998,47.844101,739300
2010-03-16,78.949997,80.379997,78.419998,80.260002,48.724342,995700
2010-03-17,80.309998,80.650002,79.769997,80.580002,48.918617,1291400
2010-03-18,80.370003,80.440002,79.419998,80.370003,48.791157,1553800
2010-03-19,80.690002,80.910004,80.120003,80.690002,48.985401,1925100
2010-03-22,80.400002,80.870003,79.849998,79.910004,48.511883,1133000
2010-03-23,80.019997,80.529999,79.739998,80.070000,48.609028,960000
2010-03-24,80.000000,80.000000,79.150002,79.199997,48.080856,813200
2010-03-25,79.389999,79.889999,78.500000,79.389999,48.196201,1953700
2010-03-26,79.349998,80.480003,79.129997,80.279999,48.736481,1349600
2010-03-29,80.599998,81.750000,80.559998,81.610001,49.543911,949600
2010-03-30,81.470001,82.110001,81.239998,82.050003,49.811039,964400
2010-03-31,81.559998,81.860001,80.760002,81.349998,49.386078,892300
2010-04-01,81.760002,82.650002,81.629997,82.320000,49.974964,785600
2010-04-05,82.339996,82.339996,80.080002,81.610001,49.543911,2747600
2010-04-06,81.389999,84.330002,80.930000,84.070000,51.037342,2208900
2010-04-07,83.779999,83.919998,81.720001,82.099998,49.841385,2368900
2010-04-08,81.940002,82.250000,81.430000,81.970001,49.762455,1339500
2010-04-09,81.940002,82.370003,81.080002,82.260002,49.938522,873900
2010-04-12,82.589996,82.849998,82.029999,82.209999,49.908165,778100
2010-04-13,82.110001,82.110001,81.139999,81.660004,49.574268,1300300
2010-04-14,81.779999,82.239998,81.010002,81.379997,49.404308,1500000
2010-04-15,81.489998,81.620003,80.680000,81.059998,49.210026,1306100
2010-04-16,81.000000,81.239998,79.889999,80.190002,48.681870,1365500
2010-04-19,80.010002,80.620003,79.709999,80.550003,48.900414,1127900
2010-04-20,80.910004,81.699997,80.739998,81.699997,49.598553,983900
2010-04-21,81.589996,82.190002,81.510002,82.000000,49.780689,1465600
2010-04-22,81.650002,82.209999,81.110001,82.080002,49.829247,1402400
2010-04-23,81.809998,82.290001,81.379997,82.279999,49.950657,941800
2010-04-26,82.250000,82.559998,81.699997,81.730003,49.616779,971600
2010-04-27,81.169998,82.139999,80.180000,80.360001,48.785053,1053900
2010-04-28,80.860001,81.070000,79.709999,79.949997,48.536163,1970600
2010-04-29,80.220001,81.150002,79.660004,80.550003,48.900414,952900
2010-04-30,80.690002,81.879997,80.250000,81.290001,49.349628,1422300
2010-05-03,81.540001,81.959999,81.099998,81.570000,49.519634,1151700
2010-05-04,81.000000,81.089996,79.260002,79.639999,48.347977,1051100
2010-05-05,79.220001,79.989998,78.589996,79.190002,48.074780,1142000
2010-05-06,79.080002,79.330002,72.599998,76.599998,46.502434,2530400
2010-05-07,76.599998,76.949997,74.790001,75.790001,46.010715,2777000
2010-05-10,77.500000,77.500000,75.870003,76.660004,47.054180,2072500
2010-05-11,76.089996,78.559998,75.779999,77.629997,47.649551,1608500
2010-05-12,77.480003,79.260002,77.480003,78.970001,48.472046,1478800
2010-05-13,78.660004,79.779999,77.820000,78.669998,48.287926,1609600
2010-05-14,78.209999,78.669998,77.150002,77.419998,47.520653,1510200
2010-05-17,77.570000,77.779999,76.639999,77.470001,47.551346,1526500
2010-05-18,77.599998,78.099998,76.820000,76.949997,47.232182,1455800
2010-05-19,76.809998,77.290001,76.370003,76.800003,47.140102,1259900
2010-05-20,75.400002,76.379997,74.550003,74.739998,45.875683,1368300
2010-05-21,74.000000,75.050003,72.930000,74.599998,45.789738,2050300
2010-05-24,74.190002,75.139999,73.639999,73.800003,45.298695,1328900
2010-05-25,72.400002,72.949997,71.279999,72.820000,44.697170,1755500
2010-05-26,73.370003,73.930000,72.800003,73.169998,44.912006,1529300
2010-05-27,73.730003,75.820000,73.610001,75.820000,46.538578,1660000
2010-05-28,76.019997,76.250000,74.669998,75.070000,46.078236,2271700
2010-06-01,74.940002,75.309998,73.129997,73.230003,44.948822,1751700
2010-06-02,73.620003,74.330002,73.070000,74.269997,45.587185,1581600
2010-06-03,74.650002,74.940002,74.300003,74.550003,45.759045,1890700
2010-06-04,73.610001,73.629997,71.739998,71.989998,44.187706,3129300
2010-06-07,72.239998,73.410004,72.010002,72.349998,44.408691,1753200
2010-06-08,72.160004,73.010002,71.860001,72.790001,44.678761,2117900
2010-06-09,73.279999,73.430000,72.050003,72.260002,44.353416,1782000
2010-06-10,73.099998,73.550003,72.849998,73.419998,45.065449,1510500
2010-06-11,72.709999,74.500000,72.559998,74.389999,45.660831,1710200
2010-06-14,74.889999,75.739998,74.309998,75.099998,46.096649,1397000
2010-06-15,75.580002,76.790001,75.349998,76.790001,47.133965,1133000
2010-06-16,76.309998,78.120003,75.989998,77.480003,47.557495,1522200
2010-06-17,77.690002,78.080002,76.790001,77.970001,47.858265,1332200
2010-06-18,78.010002,78.360001,77.680000,78.099998,47.938053,932200
2010-06-21,78.580002,78.720001,76.820000,77.379997,47.496109,1144500
2010-06-22,76.129997,76.629997,74.449997,74.739998,45.875683,2875700
2010-06-23,74.779999,74.970001,73.239998,73.510002,45.120693,1534700
2010-06-24,73.379997,74.389999,72.949997,73.089996,44.862892,1426000
2010-06-25,73.129997,73.970001,72.300003,73.430000,45.071587,1599200
2010-06-28,73.690002,74.300003,73.230003,73.930000,45.378490,1018100
2010-06-29,73.199997,73.199997,72.010002,72.440002,44.463921,1420800
2010-06-30,72.120003,72.910004,71.430000,71.620003,43.960609,1726000
2010-07-01,71.720001,71.730003,70.349998,71.190002,43.696659,1378400
2010-07-02,71.339996,71.739998,70.459999,70.699997,43.395901,1418000
2010-07-06,71.529999,72.519997,70.989998,72.180000,44.304314,1416000
2010-07-07,72.330002,74.320000,72.290001,74.290001,45.599445,1340500
2010-07-08,74.879997,74.919998,74.160004,74.639999,45.814278,1575400
2010-07-09,74.570000,76.250000,74.330002,76.110001,46.716579,2062100
2010-07-12,75.589996,76.489998,75.550003,76.010002,46.655193,1110700
2010-07-13,76.370003,77.129997,75.879997,76.559998,46.992783,1280000
2010-07-14,76.199997,76.419998,75.320000,76.180000,46.759548,1275900
2010-07-15,75.989998,77.250000,75.750000,77.040001,47.287418,1273400
2010-07-16,76.760002,77.000000,75.730003,75.959999,46.624508,1258800
2010-07-19,76.639999,77.870003,76.160004,77.639999,47.655704,1511400
2010-07-20,76.610001,78.099998,76.330002,78.000000,47.876667,1127300
2010-07-21,78.220001,78.370003,76.150002,76.550003,46.986656,1038100
2010-07-22,77.260002,78.510002,77.050003,78.269997,48.042389,1631400
2010-07-23,78.120003,78.949997,77.610001,78.290001,48.054668,1225000
2010-07-26,78.449997,79.000000,78.309998,78.820000,48.379997,1135000
2010-07-27,78.309998,79.860001,77.970001,79.779999,48.969246,1360400
2010-07-28,79.610001,80.029999,79.269997,79.349998,48.705315,1265400
2010-07-29,79.790001,80.000000,77.919998,78.199997,47.999435,1561700
2010-07-30,77.559998,78.080002,77.160004,77.510002,47.575905,1451800
2010-08-02,78.349998,79.790001,78.349998,79.559998,48.834206,1494000
2010-08-03,79.190002,80.000000,76.500000,79.180000,48.600960,960200
2010-08-04,79.349998,79.660004,78.300003,78.940002,48.453636,977600
2010-08-05,78.589996,79.690002,78.199997,79.480003,48.785099,1801700
2010-08-06,78.629997,79.980003,78.629997,79.750000,48.950821,1649000
2010-08-09,80.000000,80.199997,79.500000,79.650002,48.889442,1537500
2010-08-10,78.639999,79.800003,77.860001,79.550003,49.342224,1571100
2010-08-11,78.589996,78.910004,78.059998,78.580002,48.740574,1433800
2010-08-12,77.459999,78.379997,77.169998,77.919998,48.331188,1183900
2010-08-13,77.629997,79.029999,77.519997,78.110001,48.449043,941300
2010-08-16,77.779999,78.230003,77.070000,78.160004,48.480061,1534900
2010-08-17,78.660004,79.830002,78.370003,79.230003,49.143749,1108700
2010-08-18,79.269997,79.660004,78.339996,79.379997,49.236797,1293100
2010-08-19,79.099998,79.099998,77.040001,77.860001,48.293987,1213900
2010-08-20,77.290001,77.769997,76.580002,77.459999,48.045883,1092800
2010-08-23,78.019997,79.029999,77.790001,78.389999,48.622726,1100300
2010-08-24,77.690002,78.860001,77.510002,78.169998,48.486271,1448100
2010-08-25,77.900002,78.449997,77.209999,78.309998,48.573105,1271100
2010-08-26,78.669998,78.760002,77.459999,77.500000,48.070698,1350900
2010-08-27,77.820000,80.089996,77.589996,79.639999,49.398052,2468900
2010-08-30,79.550003,79.669998,78.349998,78.349998,48.597916,1183600
2010-08-31,77.940002,79.230003,77.370003,78.839996,48.901840,1321900
2010-09-01,79.279999,80.550003,79.250000,80.330002,49.826042,2286900
2010-09-02,80.589996,80.680000,79.580002,79.930000,49.577930,1067100
2010-09-03,80.410004,80.800003,79.699997,79.970001,49.602737,1513300
2010-09-07,79.580002,80.260002,79.580002,79.769997,49.478691,1306400
2010-09-08,80.010002,80.419998,79.459999,79.620003,49.385651,987400
2010-09-09,80.349998,80.790001,80.180000,80.320000,49.819847,1259000
2010-09-10,80.180000,80.430000,79.720001,80.089996,49.677170,1144100
2010-09-13,80.680000,80.680000,79.389999,79.559998,49.348431,1403200
2010-09-14,78.279999,78.849998,77.040001,78.139999,48.467678,2134500
2010-09-15,78.070000,78.550003,77.459999,78.370003,48.610325,1367800
2010-09-16,78.120003,78.440002,77.550003,77.699997,48.194752,1464400
2010-09-17,78.160004,78.160004,76.540001,76.680000,47.562073,2676100
2010-09-20,76.290001,77.089996,76.160004,76.750000,47.605480,2209900
2010-09-21,76.540001,76.800003,76.019997,76.379997,47.375988,2670300
2010-09-22,76.389999,77.389999,76.389999,77.050003,47.791588,1921800
2010-09-23,76.410004,77.099998,75.879997,76.400002,47.388397,2003200
2010-09-24,76.690002,77.489998,76.690002,77.050003,47.791588,1804700
2010-09-27,77.050003,77.930000,76.699997,77.250000,47.915634,1646600
2010-09-28,77.519997,77.699997,76.589996,77.559998,48.107906,1647300
2010-09-29,77.430000,77.510002,76.459999,77.239998,47.909428,1161700
2010-09-30,77.440002,77.739998,76.300003,76.529999,47.469040,1334900
2010-10-01,76.699997,77.419998,76.510002,77.169998,47.865993,1245600
2010-10-04,77.169998,77.489998,76.160004,76.660004,47.549664,1184000
2010-10-05,77.309998,77.900002,76.889999,77.639999,48.157536,1296100
2010-10-06,77.440002,77.589996,76.459999,76.669998,47.555859,1896800
2010-10-07,77.029999,77.120003,76.410004,76.440002,47.413216,1434100
2010-10-08,76.309998,76.720001,75.919998,76.120003,47.214725,1427900
2010-10-11,76.150002,77.879997,76.110001,77.139999,47.847393,1443300
2010-10-12,76.940002,77.050003,76.400002,76.809998,47.642712,1356700
2010-10-13,77.260002,77.620003,76.870003,77.300003,47.946636,1359600
2010-10-14,77.339996,77.750000,76.879997,77.000000,47.760544,1218100
2010-10-15,77.540001,77.690002,76.519997,76.970001,47.741959,1445700
2010-10-18,77.089996,77.720001,77.029999,77.459999,48.045883,702200
2010-10-19,76.769997,77.070000,76.349998,76.529999,47.469040,1393700
2010-10-20,76.779999,77.629997,76.709999,77.110001,47.828770,1148800
2010-10-21,77.000000,77.370003,75.080002,75.279999,46.693676,2533900
2010-10-22,75.160004,75.580002,74.500000,74.589996,46.265717,1929900
2010-10-25,74.529999,74.750000,73.269997,73.730003,45.732292,1840200
2010-10-26,73.610001,74.349998,73.279999,74.099998,45.961777,1685400
2010-10-27,73.650002,73.650002,72.669998,73.260002,45.440754,2233900
2010-10-28,73.599998,74.209999,73.599998,73.970001,45.881149,2042500
2010-10-29,73.949997,74.639999,73.660004,74.529999,46.228489,2162000
2010-11-01,75.370003,77.080002,73.199997,73.830002,45.794323,3107000
2010-11-02,74.139999,74.830002,74.139999,74.559998,46.247108,1346500
2010-11-03,74.580002,74.709999,73.790001,74.660004,46.309132,1206100
2010-11-04,75.180000,75.760002,74.870003,75.400002,46.768127,2127100
2010-11-05,75.500000,75.690002,74.949997,75.400002,46.768127,1278400
2010-11-08,75.010002,75.230003,74.639999,75.209999,46.650280,1253000
2010-11-09,74.500000,74.730003,73.720001,73.839996,46.311592,1811200
2010-11-10,73.709999,73.760002,72.610001,73.320000,45.985455,1714600
2010-11-11,72.910004,73.699997,72.910004,73.410004,46.041893,1951100
2010-11-12,73.059998,73.180000,72.160004,72.260002,45.320633,1268800
2010-11-15,72.400002,72.849998,72.379997,72.550003,45.502514,1186700
2010-11-16,72.099998,72.650002,71.639999,71.989998,45.151302,1438300
2010-11-17,71.709999,73.000000,71.709999,72.650002,45.565235,2474200
2010-11-18,73.250000,73.449997,72.750000,73.190002,45.903927,1672900
2010-11-19,73.010002,74.190002,72.459999,73.739998,46.248859,2611600
2010-11-22,73.279999,73.550003,72.570000,73.419998,46.048180,1826000
2010-11-23,72.970001,72.970001,71.800003,72.349998,45.377079,1558400
2010-11-24,72.519997,72.849998,72.250000,72.489998,45.464886,1137700
2010-11-26,71.809998,72.790001,71.750000,72.320000,45.358265,416300
2010-11-29,72.029999,72.050003,71.220001,71.949997,45.126205,948800
2010-11-30,71.660004,71.739998,71.120003,71.239998,44.680908,2306200
2010-12-01,71.959999,72.209999,71.370003,71.849998,45.063499,2053800
2010-12-02,71.949997,72.550003,71.779999,72.349998,45.377079,1909700
2010-12-03,72.110001,72.699997,71.989998,72.389999,45.402172,1744400
2010-12-06,72.309998,72.320000,71.290001,71.330002,44.737347,1290900
2010-12-07,71.760002,71.900002,70.339996,70.410004,44.160332,2535200
2010-12-08,70.160004,70.519997,69.360001,69.430000,43.545689,3682300
2010-12-09,69.489998,69.910004,68.650002,69.820000,43.790295,1943800
2010-12-10,69.860001,70.599998,69.650002,70.370003,44.135254,1406900
2010-12-13,70.669998,70.989998,70.419998,70.669998,44.323410,1698300
2010-12-14,70.550003,71.050003,70.199997,70.709999,44.348503,1314700
2010-12-15,70.510002,70.720001,70.220001,70.290001,44.085068,1558200
2010-12-16,70.300003,70.650002,70.040001,70.419998,44.166599,1254900
2010-12-17,70.000000,70.510002,69.730003,70.510002,44.223057,4514000
2010-12-20,70.510002,70.959999,70.199997,70.790001,44.398663,780500
2010-12-21,70.860001,71.000000,70.110001,70.510002,44.223057,1644200
2010-12-22,70.470001,71.919998,70.470001,71.570000,44.887878,1257100
2010-12-23,71.570000,71.720001,71.330002,71.550003,44.875336,844800
2010-12-27,71.500000,71.620003,71.019997,71.440002,44.806343,546300
2010-12-28,71.419998,71.570000,70.940002,71.500000,44.843967,527100
2010-12-29,71.550003,71.570000,71.070000,71.080002,44.580563,651900
2010-12-30,71.010002,71.250000,70.489998,70.800003,44.404945,848300
2010-12-31,70.680000,71.099998,70.639999,70.830002,44.423759,608700
2011-01-03,71.730003,72.190002,71.430000,71.970001,45.138748,1448000
2011-01-04,72.139999,73.220001,71.580002,73.110001,45.853748,1794600
2011-01-05,72.239998,72.660004,72.000000,72.529999,45.489971,2164800
2011-01-06,72.250000,72.430000,71.809998,72.050003,45.188934,1538200
2011-01-07,72.230003,72.449997,71.779999,72.349998,45.377079,1473200
2011-01-10,72.269997,72.760002,72.000000,72.629997,45.552704,1255800
2011-01-11,72.720001,73.029999,72.110001,72.190002,45.276733,1110300
2011-01-12,72.570000,72.779999,72.209999,72.699997,45.596588,913200
2011-01-13,72.779999,72.930000,72.360001,72.769997,45.640507,810000
2011-01-14,72.760002,73.230003,72.529999,73.110001,45.853748,711100
2011-01-18,72.599998,73.000000,72.339996,72.669998,45.577782,1119700
2011-01-19,72.610001,73.169998,72.419998,72.559998,45.508793,1017500
2011-01-20,72.620003,73.750000,72.620003,73.230003,45.929005,1074400
2011-01-21,73.660004,73.660004,72.330002,73.040001,45.809853,1134500
2011-01-24,73.139999,74.500000,73.120003,73.769997,46.267689,1539400
2011-01-25,73.510002,73.820000,73.269997,73.500000,46.098354,1319400
2011-01-26,73.610001,73.730003,72.720001,73.129997,45.866295,877300
2011-01-27,73.129997,73.279999,72.320000,72.790001,45.653049,1035200
2011-01-28,72.720001,73.070000,72.000000,72.070000,45.201466,960000
2011-01-31,72.220001,72.470001,71.970001,72.169998,45.264194,1463500
2011-02-01,72.550003,73.889999,72.529999,73.860001,46.324146,1504300
2011-02-02,73.519997,73.690002,73.239998,73.330002,45.991734,975100
2011-02-03,73.379997,73.489998,72.959999,73.209999,45.916466,1106200
2011-02-04,73.300003,73.360001,72.379997,73.250000,45.941559,973100
2011-02-07,73.440002,73.959999,73.320000,73.910004,46.355507,1409200
2011-02-08,73.250000,73.250000,72.419998,72.699997,46.114449,1089100
2011-02-09,72.059998,72.629997,72.059998,72.620003,46.063713,814000
2011-02-10,72.360001,72.610001,72.180000,72.489998,45.981251,841900
2011-02-11,72.110001,72.470001,72.000000,72.110001,45.740204,1028500
2011-02-14,72.169998,72.169998,71.139999,71.360001,45.264484,1669100
2011-02-15,71.260002,71.959999,71.050003,71.830002,45.562614,866100
2011-02-16,71.919998,72.070000,71.050003,71.360001,45.264484,691400
2011-02-17,71.220001,72.000000,71.209999,71.809998,45.549919,807400
2011-02-18,71.559998,71.879997,71.500000,71.709999,45.486485,680600
2011-02-22,71.250000,71.669998,71.120003,71.459999,45.327911,786100
2011-02-23,71.480003,71.669998,71.040001,71.089996,45.093208,909500
2011-02-24,71.209999,71.279999,70.610001,70.809998,44.915611,1217300
2011-02-25,71.160004,71.220001,70.570000,70.930000,44.991730,747700
2011-02-28,71.050003,71.830002,71.000000,71.199997,45.162991,1709500
2011-03-01,71.419998,71.760002,70.849998,70.879997,44.960030,1275900
2011-03-02,71.000000,71.489998,70.699997,71.150002,45.131275,1243300
2011-03-03,71.540001,72.970001,71.500000,72.580002,46.038342,1474000
2011-03-04,72.639999,72.910004,71.639999,72.250000,45.829006,1019400
2011-03-07,72.540001,73.379997,72.330002,72.940002,46.266693,1393800
2011-03-08,72.970001,73.540001,72.379997,73.300003,46.495049,1457900
2011-03-09,73.320000,74.260002,73.209999,74.180000,47.053234,925600
2011-03-10,73.559998,74.190002,73.220001,73.629997,46.704357,1436700
2011-03-11,73.589996,74.040001,73.459999,73.690002,46.742424,909800
2011-03-14,70.989998,71.949997,69.320000,70.089996,44.458912,4903900
2011-03-15,68.910004,69.309998,68.089996,68.489998,43.444008,3305400
2011-03-16,68.400002,68.470001,66.309998,66.650002,42.276882,2774400
2011-03-17,66.879997,67.000000,64.720001,65.470001,41.528397,3742600
2011-03-18,65.919998,66.019997,65.250000,65.639999,41.636215,3335900
2011-03-21,66.400002,66.400002,65.510002,65.690002,41.667942,2183400
2011-03-22,65.849998,67.169998,65.610001,66.900002,42.435440,2515000
2011-03-23,66.750000,67.199997,66.360001,66.940002,42.460827,1100500
2011-03-24,67.260002,67.639999,66.900002,67.000000,42.498882,1163800
2011-03-25,67.029999,67.150002,66.430000,66.610001,42.251495,1212200
2011-03-28,66.900002,67.139999,66.559998,66.599998,42.245155,1014900
2011-03-29,66.650002,67.529999,66.559998,67.330002,42.708221,1143200
2011-03-30,67.470001,68.510002,67.470001,68.000000,43.133194,1407700
2011-03-31,68.000000,68.580002,67.029999,67.209999,42.632080,1764000
2011-04-01,67.690002,67.790001,67.199997,67.639999,42.904842,1219200
2011-04-04,67.870003,67.889999,67.139999,67.339996,42.714546,1175300
2011-04-05,67.320000,67.370003,66.620003,66.739998,42.333973,2006300
2011-04-06,66.849998,67.690002,66.849998,67.220001,42.638443,1737900
2011-04-07,67.160004,67.199997,66.629997,66.650002,42.276882,1261100
2011-04-08,66.860001,67.160004,66.080002,66.300003,42.054871,1867800
2011-04-11,66.309998,66.400002,65.220001,65.440002,41.509357,3191300
2011-04-12,65.370003,65.699997,65.190002,65.360001,41.458614,2103800
2011-04-13,65.699997,65.959999,65.360001,65.529999,41.566448,1901300
2011-04-14,65.279999,65.930000,65.150002,65.760002,41.712337,1421400
2011-04-15,65.750000,66.849998,65.699997,66.519997,42.194412,1629300
2011-04-18,66.279999,66.379997,65.650002,65.970001,41.845539,1391300
2011-04-19,66.190002,67.150002,65.809998,67.129997,42.581348,1986500
2011-04-20,67.610001,68.250000,67.480003,67.699997,42.942890,1703400
2011-04-21,67.849998,68.089996,67.410004,68.059998,43.171253,999500
2011-04-25,68.070000,68.959999,67.989998,68.650002,43.545494,1414200
2011-04-26,69.059998,69.519997,68.699997,69.160004,43.868999,1800000
2011-04-27,69.360001,69.800003,69.099998,69.639999,44.173470,1581100
2011-04-28,69.389999,70.000000,68.820000,69.980003,44.389141,2042300
2011-04-29,70.050003,70.400002,69.000000,69.720001,44.224216,1473300
2011-05-02,69.750000,69.860001,68.750000,69.199997,43.894363,1912900
2011-05-03,69.209999,69.839996,68.680000,69.519997,44.097343,1569500
2011-05-04,69.440002,69.620003,68.849998,69.300003,43.957790,1293300
2011-05-05,69.129997,69.320000,68.500000,68.699997,43.577202,1418700
2011-05-06,69.320000,69.820000,69.089996,69.330002,43.976826,1474200
2011-05-09,69.370003,69.459999,68.550003,69.019997,43.780190,1250600
2011-05-10,68.370003,69.430000,68.230003,69.099998,44.364441,1325700
2011-05-11,69.129997,69.250000,68.680000,68.940002,44.261723,1565600
2011-05-12,68.620003,69.879997,68.620003,69.779999,44.801029,1310300
2011-05-13,69.870003,69.940002,68.830002,68.989998,44.293804,1249300
2011-05-16,68.989998,69.330002,68.660004,68.889999,44.229607,1810500
2011-05-17,68.870003,69.290001,68.720001,68.989998,44.293804,936800
2011-05-18,68.989998,69.139999,68.510002,68.839996,44.197517,911800
2011-05-19,69.220001,69.220001,68.750000,69.190002,44.422215,1071200
2011-05-20,69.059998,69.349998,68.730003,69.040001,44.325920,910200
2011-05-23,68.410004,68.709999,67.459999,67.500000,43.337185,1707800
2011-05-24,67.769997,67.820000,67.209999,67.230003,43.163837,2079000
2011-05-25,67.199997,67.260002,66.430000,66.699997,42.823563,1915100
2011-05-26,66.480003,67.309998,66.440002,67.220001,43.157429,1234800
2011-05-27,68.400002,68.980003,67.550003,67.769997,43.510551,1864900
2011-05-31,67.989998,68.169998,67.720001,68.150002,43.754517,1164700
2011-06-01,68.080002,68.120003,67.370003,67.379997,43.260136,1181200
2011-06-02,67.529999,67.540001,66.580002,67.250000,43.176674,1317100
2011-06-03,66.599998,67.120003,66.510002,66.610001,42.765781,1287700
2011-06-06,66.610001,66.709999,66.180000,66.440002,42.656635,867700
2011-06-07,66.730003,67.379997,66.519997,67.129997,43.099636,1376000
2011-06-08,67.169998,67.510002,66.919998,67.339996,43.234455,1525400
2011-06-09,67.400002,68.220001,67.120003,67.879997,43.581154,1174500
2011-06-10,67.610001,68.050003,67.480003,67.769997,43.510551,1506200
2011-06-13,67.949997,69.019997,67.809998,68.839996,44.197517,1705700
2011-06-14,69.440002,70.050003,68.940002,69.370003,44.537781,2183800
2011-06-15,68.949997,69.690002,68.190002,68.320000,43.863651,1693400
2011-06-16,68.519997,69.099998,68.400002,68.610001,44.049843,1643500
2011-06-17,69.029999,69.739998,68.919998,69.349998,44.524948,1391000
2011-06-20,69.300003,69.709999,68.800003,69.400002,44.557049,1158500
2011-06-21,69.720001,69.730003,69.129997,69.389999,44.550625,1018300
2011-06-22,69.000000,69.309998,68.739998,68.790001,44.165417,1242300
2011-06-23,68.309998,68.470001,67.790001,68.220001,43.799454,1329200
2011-06-24,68.440002,69.029999,67.980003,68.169998,43.767345,3060000
2011-06-27,68.440002,69.410004,68.290001,69.239998,44.454323,1393300
2011-06-28,69.320000,69.500000,68.949997,69.160004,44.402969,1060600
2011-06-29,69.349998,69.349998,68.129997,68.290001,43.844391,2403700
2011-06-30,68.400002,68.400002,67.940002,68.279999,43.837978,1838300
2011-07-01,68.400002,68.440002,68.089996,68.379997,43.902164,2176700
2011-07-05,68.120003,68.160004,67.099998,67.330002,43.228065,2194400
2011-07-06,67.330002,68.599998,67.019997,67.449997,43.305080,2228500
2011-07-07,67.830002,68.050003,67.120003,68.010002,43.664612,1725800
2011-07-08,67.690002,68.279999,67.620003,67.940002,43.619678,1545800
2011-07-11,67.419998,67.570000,66.900002,67.290001,43.202366,1130300
2011-07-12,67.050003,67.580002,66.900002,67.339996,43.234455,1506600
2011-07-13,67.519997,67.709999,67.129997,67.339996,43.234455,1291400
2011-07-14,67.570000,68.150002,67.290001,67.480003,43.324337,1436700
2011-07-15,67.519997,67.970001,66.849998,67.339996,43.234455,1164800
2011-07-18,67.349998,67.949997,66.830002,67.220001,43.157429,1683500
2011-07-19,66.500000,67.260002,66.199997,66.790001,42.881340,2320600
2011-07-20,67.050003,67.779999,66.660004,67.430000,43.292236,1328200
2011-07-21,67.730003,69.139999,67.580002,68.989998,44.293804,1834800
2011-07-22,69.059998,69.070000,68.199997,68.309998,43.857231,1399900
2011-07-25,67.900002,68.959999,67.900002,68.779999,44.158981,1171000
2011-07-26,68.790001,68.919998,68.349998,68.510002,43.985641,1142400
2011-07-27,68.389999,68.750000,68.099998,68.139999,43.748081,1154400
2011-07-28,68.000000,68.129997,67.169998,67.269997,43.189522,3582600
2011-07-29,66.930000,67.089996,66.540001,66.800003,42.887775,4343000
2011-08-01,67.239998,67.379997,66.230003,66.410004,42.637379,3631300
2011-08-02,66.150002,66.410004,65.190002,65.250000,41.892620,3229900
2011-08-03,65.250000,65.279999,64.239998,65.070000,41.777031,1787200
2011-08-04,64.400002,64.599998,62.540001,62.549999,40.159126,2547300
2011-08-05,63.040001,63.259998,61.509998,62.840000,40.345318,2741400
2011-08-08,62.020000,62.389999,59.320000,59.570000,38.245872,3131100
2011-08-09,59.630001,61.310001,57.599998,61.209999,39.854103,3502100
2011-08-10,60.560001,61.950001,59.230000,60.209999,39.202999,3515800
2011-08-11,60.310001,62.730000,60.110001,62.189999,40.492180,2013600
2011-08-12,62.599998,63.000000,61.189999,61.549999,40.075478,1370500
2011-08-15,61.810001,63.610001,61.799999,63.580002,41.397224,1368000
2011-08-16,63.029999,63.490002,62.610001,63.160000,41.123760,976800
2011-08-17,63.450001,64.470001,63.340000,63.580002,41.397224,1068200
2011-08-18,62.360001,62.840000,61.529999,62.480000,40.681007,1982400
2011-08-19,61.759998,62.619999,61.660000,61.880001,40.290340,1595900
2011-08-22,62.680000,63.000000,61.380001,61.630001,40.127563,1395300
2011-08-23,61.939999,62.959999,61.080002,62.360001,40.602871,3428900
2011-08-24,62.349998,64.239998,62.090000,63.939999,41.631607,1690600
2011-08-25,64.099998,64.160004,62.520000,62.860001,40.928432,1227100
2011-08-26,62.490002,62.740002,61.169998,62.430000,40.648449,1091900
2011-08-29,63.220001,64.690002,63.220001,64.629997,42.080872,1485800
2011-08-30,64.500000,64.889999,64.139999,64.589996,42.054821,888700
2011-08-31,64.769997,65.440002,64.589996,65.209999,42.458515,1432700
2011-09-01,65.400002,65.940002,64.849998,64.940002,42.282730,1522500
2011-09-02,64.190002,64.260002,63.540001,63.619999,41.423275,1236300
2011-09-06,62.599998,63.080002,61.720001,63.009998,41.026089,1137100
2011-09-07,63.709999,64.059998,63.330002,63.970001,41.651154,853300
2011-09-08,63.610001,64.480003,63.389999,63.790001,41.533951,1186000
2011-09-09,63.389999,63.410000,62.020000,62.299999,40.563805,1359100
2011-09-12,61.840000,62.970001,61.619999,62.900002,40.954468,1179200
2011-09-13,62.959999,63.630001,62.529999,63.540001,41.371170,1515900
2011-09-14,63.610001,64.070000,63.020000,63.570000,41.390697,1729700
2011-09-15,63.860001,64.919998,63.619999,64.580002,42.048321,1315400
2011-09-16,64.800003,65.989998,64.750000,65.599998,42.712433,1957500
2011-09-19,64.820000,65.529999,64.669998,65.269997,42.497581,1086500
2011-09-20,65.500000,67.690002,65.459999,66.459999,43.272392,1827400
2011-09-21,66.330002,66.750000,65.099998,65.180000,42.438995,1422500
2011-09-22,63.990002,64.489998,63.320000,64.230003,41.820442,1839400
2011-09-23,64.199997,65.889999,64.019997,65.269997,42.497581,1841800
2011-09-26,66.010002,66.610001,65.309998,66.529999,43.317978,1388100
2011-09-27,67.500000,67.900002,66.519997,66.809998,43.500275,1973500
2011-09-28,66.879997,67.370003,65.870003,66.000000,42.972893,1498300
2011-09-29,67.040001,67.279999,66.250000,67.019997,43.637016,3001900
2011-09-30,66.620003,67.300003,66.230003,66.290001,43.161716,1548400
2011-10-03,66.059998,66.839996,64.510002,64.559998,42.035297,1414500
2011-10-04,64.129997,64.400002,62.660000,64.379997,41.918106,1390800
2011-10-05,64.580002,64.699997,63.560001,64.419998,41.944130,1149100
2011-10-06,64.379997,64.720001,63.950001,64.690002,42.119942,1180400
2011-10-07,64.949997,65.870003,64.599998,65.379997,42.569210,1539200
2011-10-10,66.120003,66.709999,66.070000,66.709999,43.435165,1027000
2011-10-11,66.639999,66.639999,65.629997,65.720001,42.790577,1425000
2011-10-12,65.940002,66.250000,65.580002,65.980003,42.959873,1715200
2011-10-13,65.650002,66.309998,65.500000,66.230003,43.122639,1346900
2011-10-14,66.650002,66.800003,66.199997,66.690002,43.422150,1128100
2011-10-17,66.669998,66.849998,66.070000,66.099998,43.038006,821100
2011-10-18,66.220001,67.160004,65.669998,66.800003,43.493782,1405600
2011-10-19,66.889999,67.940002,66.889999,66.989998,43.617485,1120700
2011-10-20,67.099998,67.750000,66.860001,67.519997,43.962566,1244700
2011-10-21,68.059998,68.500000,67.949997,68.480003,44.587643,1017800
2011-10-24,68.489998,68.839996,68.050003,68.839996,44.822018,1205500
2011-10-25,67.989998,68.809998,67.989998,68.269997,44.450893,1263600
2011-10-26,68.959999,69.209999,68.379997,68.910004,44.867611,1273300
2011-10-27,69.930000,70.160004,69.410004,69.680000,45.368950,1876300
2011-10-28,69.769997,69.769997,68.889999,69.010002,44.932713,1537300
2011-10-31,68.519997,69.669998,68.519997,69.169998,45.036884,1973900
2011-11-01,68.199997,70.000000,67.650002,67.910004,44.216507,2136800
2011-11-02,68.839996,69.459999,68.540001,68.790001,44.789474,1339000
2011-11-03,69.129997,69.660004,68.629997,69.559998,45.290825,4634600
2011-11-04,69.120003,69.559998,68.750000,69.459999,45.225708,4617700
2011-11-07,68.900002,69.419998,68.419998,69.419998,45.199661,2097900
2011-11-08,68.300003,68.889999,68.029999,68.889999,45.397350,1710200
2011-11-09,67.930000,68.639999,67.709999,68.010002,44.817451,1817200
2011-11-10,68.639999,69.339996,68.169998,69.019997,45.483025,1955600
2011-11-11,69.309998,70.139999,69.309998,69.949997,46.095886,1612900
2011-11-14,69.849998,70.040001,68.959999,69.000000,45.469860,3218000
2011-11-15,68.970001,70.059998,68.970001,69.949997,46.095886,2138800
2011-11-16,69.370003,70.129997,69.089996,69.370003,45.713669,1738200
2011-11-17,69.419998,69.419998,67.809998,68.370003,45.054691,1648000
2011-11-18,68.820000,69.099998,68.370003,68.769997,45.318291,1519300
2011-11-21,68.419998,68.610001,67.570000,68.300003,45.008568,1348700
2011-11-22,68.239998,68.419998,67.309998,67.360001,44.389114,1108400
2011-11-23,67.110001,67.230003,66.199997,66.300003,43.690598,808700
2011-11-25,66.489998,67.209999,66.400002,66.540001,43.848747,414200
2011-11-28,68.019997,68.260002,66.870003,67.180000,44.270493,1002500
2011-11-29,67.519997,68.279999,67.419998,67.949997,44.777908,718500
2011-11-30,69.250000,70.379997,69.040001,70.360001,46.366066,1929200
2011-12-01,70.320000,70.910004,70.000000,70.529999,46.478096,1428000
2011-12-02,71.000000,71.000000,69.540001,69.639999,45.891602,1548900
2011-12-05,72.760002,74.000000,71.779999,72.389999,47.703793,4283700
2011-12-06,72.669998,72.870003,71.410004,71.940002,47.407280,2019600
2011-12-07,71.790001,72.550003,71.500000,72.129997,47.532463,1264300
2011-12-08,71.980003,71.989998,70.459999,70.610001,46.530811,1392900
2011-12-09,70.860001,71.410004,70.809998,71.269997,46.965744,987100
2011-12-12,71.019997,71.570000,70.309998,70.820000,46.669212,996100
2011-12-13,71.070000,71.970001,70.790001,71.010002,46.794407,1290100
2011-12-14,71.029999,71.190002,70.440002,70.599998,46.524235,1040600
2011-12-15,71.089996,71.860001,70.949997,71.580002,47.170029,1208600
2011-12-16,71.849998,72.010002,71.250000,71.639999,47.209579,2065500
2011-12-19,71.620003,72.000000,70.769997,70.989998,46.781231,985400
2011-12-20,71.760002,72.300003,71.639999,71.980003,47.433620,1191900
2011-12-21,71.809998,72.910004,71.809998,72.760002,47.947624,1406400
2011-12-22,72.879997,73.120003,72.639999,72.879997,48.026707,938400
2011-12-23,73.150002,73.629997,72.779999,73.139999,48.198032,603700
2011-12-27,73.000000,73.750000,73.000000,73.589996,48.494587,587400
2011-12-28,73.519997,73.750000,73.040001,73.139999,48.198032,542100
2011-12-29,73.400002,73.800003,73.169998,73.650002,48.534130,482700
2011-12-30,73.760002,73.800003,73.040001,73.050003,48.138737,786400
2012-01-03,73.650002,73.660004,72.059998,72.519997,47.789490,1805800
2012-01-04,72.489998,72.570000,71.669998,71.900002,47.380898,977200
2012-01-05,71.919998,72.150002,71.269997,71.900002,47.380898,1000000
2012-01-06,72.000000,72.089996,71.300003,71.500000,47.117317,795400
2012-01-09,71.760002,71.769997,71.330002,71.589996,47.176620,779800
2012-01-10,72.089996,72.519997,71.379997,72.000000,47.446793,823000
2012-01-11,71.620003,71.970001,71.180000,71.599998,47.183212,791300
2012-01-12,71.750000,71.839996,71.220001,71.430000,47.071194,863000
2012-01-13,71.199997,71.419998,70.750000,71.110001,46.860317,934000
2012-01-17,71.769997,72.110001,70.699997,70.900002,46.721920,1254100
2012-01-18,70.750000,71.379997,70.269997,71.239998,46.945976,1385400
2012-01-19,71.129997,71.330002,70.349998,70.660004,46.563770,1361400
2012-01-20,70.940002,71.269997,69.309998,69.930000,46.082703,2346500
2012-01-23,70.879997,70.879997,69.730003,70.699997,46.590126,1720300
2012-01-24,70.190002,70.190002,69.029999,69.459999,45.772976,1479800
2012-01-25,69.019997,71.059998,68.669998,70.889999,46.715321,1156500
2012-01-26,71.070000,72.080002,70.889999,71.300003,46.985512,1299100
2012-01-27,71.010002,71.169998,70.480003,70.620003,46.537407,779100
2012-01-30,70.160004,70.519997,69.839996,70.430000,46.412205,3127400
2012-01-31,69.809998,70.629997,68.220001,69.379997,45.720272,2271800
2012-02-01,69.540001,69.980003,69.250000,69.389999,45.726849,1344300
2012-02-02,69.379997,69.760002,69.139999,69.360001,45.707088,1086700
2012-02-03,69.750000,69.930000,68.650002,69.040001,45.496208,1113500
2012-02-06,69.129997,69.129997,68.320000,68.760002,45.311691,1661800
2012-02-07,67.790001,68.650002,67.599998,68.379997,45.611851,1802600
2012-02-08,68.120003,68.290001,67.809998,68.059998,45.398415,1181700
2012-02-09,68.010002,68.300003,67.639999,68.220001,45.505135,1447700
2012-02-10,67.860001,68.059998,67.510002,67.800003,45.224976,1074000
2012-02-13,68.000000,68.129997,67.309998,67.389999,44.951496,1188200
2012-02-14,67.209999,68.059998,67.190002,67.739998,45.184963,965400
2012-02-15,67.940002,67.959999,67.180000,67.370003,44.938156,868600
2012-02-16,67.519997,68.849998,67.480003,68.290001,45.551823,1280800
2012-02-17,68.269997,68.470001,67.629997,67.779999,45.211636,894200
2012-02-21,68.089996,68.089996,67.309998,67.480003,45.011520,769600
2012-02-22,67.879997,67.879997,67.220001,67.489998,45.018200,859100
2012-02-23,67.580002,67.720001,67.040001,67.150002,44.791416,926100
2012-02-24,67.150002,67.529999,67.010002,67.139999,44.784737,882300
2012-02-27,67.019997,67.389999,66.760002,67.080002,44.744705,766400
2012-02-28,67.199997,67.459999,66.720001,66.910004,44.631332,952000
2012-02-29,66.989998,67.040001,66.379997,66.629997,44.444546,1158700
2012-03-01,67.169998,67.580002,66.660004,67.279999,44.878120,1315100
2012-03-02,67.199997,67.589996,66.709999,67.129997,44.778065,841100
2012-03-05,67.000000,67.279999,66.629997,67.120003,44.771400,549600
2012-03-06,66.779999,67.089996,66.300003,66.760002,44.531265,839600
2012-03-07,66.730003,66.910004,66.230003,66.830002,44.577950,668700
2012-03-08,67.150002,67.489998,66.970001,67.309998,44.898140,686500
2012-03-09,67.339996,68.199997,67.120003,67.870003,45.271671,832700
2012-03-12,67.800003,68.620003,67.800003,68.349998,45.591854,822600
2012-03-13,68.559998,68.570000,67.940002,68.500000,45.691914,740100
2012-03-14,68.629997,68.839996,67.629997,67.800003,45.224976,984300
2012-03-15,67.720001,68.019997,67.269997,67.949997,45.325024,763800
2012-03-16,67.910004,68.120003,67.669998,67.870003,45.271671,1952700
2012-03-19,67.930000,68.320000,67.230003,67.330002,44.911484,1015400
2012-03-20,67.070000,67.580002,67.000000,67.239998,44.851440,980000
2012-03-21,67.230003,67.440002,66.800003,66.889999,44.617985,703800
2012-03-22,66.660004,67.029999,66.459999,66.730003,44.511257,1141200
2012-03-23,66.910004,67.099998,66.769997,66.830002,44.577950,704600
2012-03-26,67.110001,67.580002,66.940002,67.529999,45.044872,1259700
2012-03-27,67.629997,67.970001,67.260002,67.639999,45.118263,1003400
2012-03-28,67.449997,67.680000,66.540001,66.720001,44.504585,1189100
2012-03-29,66.480003,67.059998,66.339996,66.930000,44.644657,1005700
2012-03-30,67.089996,67.410004,66.870003,67.199997,44.824757,1456800
2012-04-02,67.230003,68.129997,67.129997,67.489998,45.018200,1822100
2012-04-03,67.550003,67.639999,66.540001,66.940002,44.651333,1797300
2012-04-04,66.669998,67.400002,66.570000,67.099998,44.758053,1346400
2012-04-05,67.019997,67.019997,66.150002,66.379997,44.277782,859300
2012-04-09,65.779999,66.300003,65.779999,66.070000,44.071014,874800
2012-04-10,65.930000,65.930000,64.910004,64.959999,43.330608,1732800
2012-04-11,65.220001,65.529999,65.000000,65.410004,43.630772,1717700
2012-04-12,65.610001,66.209999,65.309998,66.160004,44.131031,1361600
2012-04-13,66.129997,66.510002,65.470001,65.500000,43.690804,1303400
2012-04-16,65.669998,66.360001,65.610001,66.099998,44.091022,1953200
2012-04-17,66.430000,66.589996,65.750000,66.449997,44.324478,1033700
2012-04-18,66.169998,66.599998,66.000000,66.269997,44.204411,1276400
2012-04-19,65.989998,66.089996,64.989998,65.370003,43.604084,2148800
2012-04-20,65.470001,65.900002,65.239998,65.650002,43.790859,1655900
2012-04-23,65.250000,65.669998,65.089996,65.589996,43.750824,1233500
2012-04-24,65.650002,65.980003,65.370003,65.940002,43.984299,1327800
2012-04-25,66.230003,66.230003,65.449997,65.760002,43.864231,1349600
2012-04-26,65.650002,66.199997,65.160004,66.190002,44.151051,4336300
2012-04-27,66.370003,66.650002,65.129997,65.300003,43.557388,4598700
2012-04-30,65.320000,65.709999,65.150002,65.559998,43.730824,3865500
2012-05-01,65.699997,66.480003,65.580002,66.300003,44.224426,1491200
2012-05-02,66.180000,66.540001,65.779999,65.970001,44.004307,1147800
2012-05-03,65.849998,66.169998,65.080002,65.160004,43.464005,1476900
2012-05-04,65.139999,65.580002,64.930000,65.110001,43.430653,985900
2012-05-07,65.099998,65.209999,64.650002,64.959999,43.330608,1079700
2012-05-08,63.880001,64.419998,63.849998,64.160004,43.350876,1384600
2012-05-09,63.720001,64.639999,63.669998,64.320000,43.458977,1117200
2012-05-10,64.580002,64.980003,64.500000,64.620003,43.661678,809800
2012-05-11,64.500000,65.260002,64.320000,64.720001,43.729233,1043200
2012-05-14,64.290001,64.589996,63.759998,64.260002,43.418446,986100
2012-05-15,64.199997,64.389999,63.500000,63.660000,43.013035,1025800
2012-05-16,63.939999,63.939999,63.459999,63.570000,42.952221,818400
2012-05-17,63.639999,63.770000,63.090000,63.099998,42.634659,1062100
2012-05-18,63.270000,63.689999,62.970001,63.080002,42.621140,1317800
2012-05-21,63.139999,63.549999,62.980000,63.549999,42.938709,920100
2012-05-22,63.520000,64.599998,63.450001,64.169998,43.357624,1528800
2012-05-23,64.010002,64.440002,63.419998,63.660000,43.013035,1040800
2012-05-24,63.770000,64.709999,63.630001,64.349998,43.479248,976800
2012-05-25,64.480003,64.860001,64.330002,64.510002,43.587349,867800
2012-05-29,64.879997,64.970001,64.580002,64.849998,43.817081,861700
2012-05-30,64.510002,65.150002,64.330002,64.440002,43.540062,972700
2012-05-31,64.440002,64.970001,64.220001,64.529999,43.600864,1056400
2012-06-01,63.959999,64.989998,63.959999,64.349998,43.479248,911200
2012-06-04,64.480003,64.669998,64.230003,64.540001,43.607620,889800
2012-06-05,64.470001,65.150002,64.309998,64.930000,43.871128,1345600
2012-06-06,65.059998,65.199997,64.610001,65.199997,44.053562,2290200
2012-06-07,65.639999,66.300003,65.489998,66.059998,44.634636,1272700
2012-06-08,65.320000,66.419998,65.320000,66.279999,44.783287,1030300
2012-06-11,66.599998,66.940002,66.059998,66.059998,44.634636,1039000
2012-06-12,66.070000,66.239998,65.699997,66.239998,44.756264,816000
2012-06-13,66.129997,66.449997,65.739998,66.160004,44.702194,639000
2012-06-14,66.110001,66.370003,65.879997,66.099998,44.661667,1089500
2012-06-15,66.160004,66.690002,66.160004,66.550003,44.965721,1102200
2012-06-18,66.930000,66.930000,66.320000,66.750000,45.100845,698800
2012-06-19,66.660004,67.449997,66.589996,66.970001,45.249493,1117600
2012-06-20,66.900002,67.379997,66.320000,66.650002,45.033279,857600
2012-06-21,66.830002,67.120003,66.400002,66.550003,44.965721,1553400
2012-06-22,66.839996,66.940002,66.470001,66.699997,45.067070,1113000
2012-06-25,66.260002,66.580002,66.099998,66.459999,44.904907,778100
2012-06-26,66.620003,66.870003,66.430000,66.709999,45.073822,751400
2012-06-27,66.160004,67.459999,66.160004,67.339996,45.499485,647600
2012-06-28,66.980003,67.639999,66.959999,67.580002,45.661663,738200
2012-06-29,68.120003,68.199997,67.370003,67.889999,45.871113,842700
2012-07-02,68.150002,68.650002,67.839996,68.580002,46.337322,819800
2012-07-03,68.550003,68.750000,68.110001,68.529999,46.303532,511100
2012-07-05,68.300003,68.459999,67.940002,67.940002,45.904888,871000
2012-07-06,67.540001,68.089996,67.529999,67.879997,45.864346,684600
2012-07-09,67.900002,68.269997,67.730003,67.980003,45.931931,725200
2012-07-10,67.970001,68.389999,67.900002,68.010002,45.952183,625800
2012-07-11,68.070000,69.290001,68.070000,69.169998,46.735970,1248300
2012-07-12,68.970001,69.769997,68.809998,69.459999,46.931904,1050600
2012-07-13,69.480003,69.900002,69.339996,69.599998,47.026508,928900
2012-07-16,69.550003,70.000000,69.459999,69.910004,47.235958,830600
2012-07-17,69.930000,70.449997,69.480003,70.449997,47.600811,870700
2012-07-18,70.459999,71.559998,70.349998,71.519997,48.323788,1249400
2012-07-19,71.379997,71.620003,70.699997,71.470001,48.290001,852600
2012-07-20,71.339996,71.940002,71.010002,71.309998,48.181889,950000
2012-07-23,71.070000,71.220001,70.400002,71.000000,47.972427,895600
2012-07-24,71.199997,71.349998,70.690002,70.989998,47.965691,1085300
2012-07-25,71.239998,71.370003,70.540001,70.809998,47.844059,795000
2012-07-26,71.449997,71.809998,71.040001,71.489998,48.303520,777400
2012-07-27,71.690002,72.750000,71.690002,72.589996,49.046749,991400
2012-07-30,72.400002,73.129997,72.320000,73.059998,49.364311,995900
2012-07-31,74.500000,74.500000,72.320000,72.669998,49.100819,1493200
2012-08-01,72.800003,73.980003,72.150002,72.570000,49.033257,2357700
2012-08-02,72.290001,72.550003,71.330002,71.830002,48.533253,2971800
2012-08-03,72.480003,72.820000,72.110001,72.709999,49.127842,3630700
2012-08-06,73.000000,73.029999,72.139999,72.209999,48.789997,1377400
2012-08-07,71.779999,71.790001,71.040001,71.330002,48.755821,1638600
2012-08-08,71.360001,72.180000,70.879997,72.110001,49.288963,1716800
2012-08-09,71.910004,72.070000,71.220001,71.279999,48.721638,1294400
2012-08-10,71.120003,71.809998,71.000000,71.750000,49.042896,628700
2012-08-13,71.620003,71.620003,70.989998,71.309998,48.742138,1332400
2012-08-14,71.529999,71.750000,70.970001,71.110001,48.605450,1151400
2012-08-15,69.709999,70.430000,69.269997,69.870003,47.757870,1459100
2012-08-16,69.790001,70.080002,69.440002,69.629997,47.593826,1006600
2012-08-17,69.440002,69.500000,69.070000,69.480003,47.491295,996900
2012-08-20,69.500000,69.620003,69.129997,69.470001,47.484470,809300
2012-08-21,69.489998,69.589996,69.040001,69.040001,47.190548,799100
2012-08-22,69.040001,69.320000,68.430000,68.650002,46.923981,957500
2012-08-23,68.839996,68.839996,68.029999,68.349998,46.718922,756500
2012-08-24,68.360001,68.769997,68.099998,68.730003,46.978664,784600
2012-08-27,68.540001,68.769997,68.190002,68.519997,46.835121,838000
2012-08-28,68.160004,68.809998,68.160004,68.570000,46.869293,891900
2012-08-29,68.559998,68.629997,68.080002,68.349998,46.718922,934700
2012-08-30,68.150002,68.430000,67.900002,68.019997,46.493359,612000
2012-08-31,68.209999,68.389999,67.739998,68.080002,46.534367,918900
2012-09-04,68.169998,68.820000,68.010002,68.620003,46.903481,1057100
2012-09-05,68.860001,68.860001,68.120003,68.309998,46.691566,720800
2012-09-06,68.970001,69.419998,68.739998,69.250000,47.334106,785600
2012-09-07,69.040001,69.279999,68.040001,68.209999,46.623226,1520900
2012-09-10,69.220001,69.220001,68.099998,68.160004,46.589058,879600
2012-09-11,68.110001,68.190002,67.639999,67.760002,46.315643,794400
2012-09-12,67.750000,67.900002,67.139999,67.790001,46.336147,1091900
2012-09-13,67.070000,68.849998,67.070000,68.779999,47.012829,824300
2012-09-14,68.690002,69.129997,68.239998,68.360001,46.725765,1324500
2012-09-17,68.250000,68.769997,68.040001,68.330002,46.705254,1861700
2012-09-18,68.230003,68.500000,67.949997,68.190002,46.609558,635400
2012-09-19,68.279999,68.650002,68.169998,68.570000,46.869293,596700
2012-09-20,68.290001,68.919998,68.290001,68.809998,47.033352,598400
2012-09-21,69.029999,69.029999,67.959999,68.449997,46.787270,1377900
2012-09-24,68.480003,69.580002,68.300003,69.279999,47.354599,805700
2012-09-25,69.349998,69.940002,69.150002,69.160004,47.272579,757700
2012-09-26,69.199997,69.849998,69.199997,69.379997,47.422947,698600
2012-09-27,69.449997,69.599998,68.959999,69.150002,47.265732,662600
2012-09-28,69.000000,69.459999,68.699997,69.300003,47.368267,773800
2012-10-01,69.589996,69.839996,69.110001,69.230003,47.320423,590200
2012-10-02,69.589996,69.690002,69.019997,69.400002,47.436623,470100
2012-10-03,69.500000,70.230003,69.400002,69.779999,47.696369,693600
2012-10-04,69.989998,70.949997,69.930000,70.709999,48.332035,829700
2012-10-05,70.900002,71.000000,70.309998,70.480003,48.174828,459400
2012-10-08,70.410004,70.750000,70.089996,70.620003,48.270523,339500
2012-10-09,70.459999,70.849998,70.290001,70.690002,48.318367,572800
2012-10-10,70.650002,70.760002,70.089996,70.290001,48.044964,383600
2012-10-11,70.669998,71.440002,70.180000,70.629997,48.277348,879000
2012-10-12,70.510002,70.769997,69.639999,69.949997,47.812561,973300
2012-10-15,69.500000,70.110001,69.279999,70.010002,47.853577,647200
2012-10-16,70.250000,70.699997,70.019997,70.449997,48.154308,466600
2012-10-17,70.680000,71.320000,70.120003,71.180000,48.653290,575700
2012-10-18,71.160004,71.809998,70.940002,71.760002,49.049755,570200
2012-10-19,71.760002,71.900002,71.070000,71.230003,48.687477,750400
2012-10-22,70.709999,71.180000,70.459999,71.129997,48.619114,671000
2012-10-23,70.629997,70.720001,69.970001,70.309998,48.058620,689900
2012-10-24,70.309998,70.410004,69.860001,69.940002,47.805725,490000
2012-10-25,70.379997,70.550003,69.800003,70.419998,48.133804,638000
2012-10-26,70.349998,72.110001,69.910004,72.099998,49.282146,2056800
2012-10-31,72.470001,72.980003,72.000000,72.580002,49.610222,1309300
2012-11-01,72.790001,72.849998,72.150002,72.349998,49.453007,1053100
2012-11-02,72.800003,72.839996,71.099998,71.230003,48.687477,2058500
2012-11-05,68.970001,70.220001,65.879997,67.900002,46.411335,3354800
2012-11-06,67.489998,67.489998,65.690002,66.900002,46.293690,2677000
2012-11-07,66.779999,66.779999,65.180000,65.260002,45.158844,1569500
2012-11-08,65.300003,65.989998,64.919998,65.000000,44.978924,1487600
2012-11-09,64.849998,65.160004,64.599998,64.900002,44.909733,1586900
2012-11-12,65.010002,65.129997,64.169998,64.199997,44.425335,886600
2012-11-13,64.110001,65.080002,63.869999,64.290001,44.487617,967300
2012-11-14,64.309998,64.410004,63.230000,63.349998,43.837151,1200700
2012-11-15,63.349998,63.709999,62.529999,63.000000,43.594955,1014200
2012-11-16,63.099998,63.480000,62.320000,62.860001,43.498089,1767600
2012-11-19,63.150002,63.389999,62.279999,62.549999,43.283566,1293300
2012-11-20,62.619999,62.730000,61.950001,62.500000,43.248962,958900
2012-11-21,62.500000,62.790001,61.730000,62.279999,43.096733,963700
2012-11-23,62.349998,62.490002,61.549999,62.040001,42.930660,482300
2012-11-26,61.779999,62.820000,61.560001,62.500000,43.248962,1250200
2012-11-27,62.650002,62.889999,62.209999,62.230000,43.062138,1327900
2012-11-28,62.310001,63.459999,62.200001,63.439999,43.899426,1824300
2012-11-29,63.610001,63.619999,62.939999,63.520000,43.954788,1010000
2012-11-30,63.410000,63.740002,63.209999,63.540001,43.968628,1161000
2012-12-03,63.549999,63.660000,62.540001,63.389999,43.864838,1208400
2012-12-04,63.450001,63.619999,62.790001,62.959999,43.567280,855700
2012-12-05,62.970001,64.080002,62.689999,63.740002,44.107033,1216400
2012-12-06,63.790001,64.080002,63.630001,63.730000,44.100113,835100
2012-12-07,63.759998,64.059998,63.610001,63.939999,44.245419,566700
2012-12-10,63.820000,63.990002,63.590000,63.900002,44.217743,552400
2012-12-11,63.959999,64.430000,63.810001,64.080002,44.342297,756400
2012-12-12,64.029999,64.459999,63.700001,63.759998,44.120865,896800
2012-12-13,63.779999,63.950001,63.360001,63.570000,43.989388,535400
2012-12-14,63.610001,63.810001,63.340000,63.400002,43.871765,658400
2012-12-17,63.720001,64.589996,63.689999,64.349998,44.529140,1186400
2012-12-18,64.349998,65.599998,64.199997,65.379997,45.241886,2109200
2012-12-19,65.250000,65.379997,64.199997,64.260002,44.466862,883500
2012-12-20,64.489998,64.629997,63.820000,64.410004,44.570652,735000
2012-12-21,63.669998,64.720001,63.669998,64.519997,44.646770,2276100
2012-12-24,64.639999,64.660004,63.750000,64.370003,44.542976,308500
2012-12-26,64.309998,64.470001,63.279999,63.400002,43.871765,665600
2012-12-27,63.400002,63.790001,62.740002,63.450001,43.906357,811500
2012-12-28,63.160000,63.430000,62.570000,62.580002,43.304321,551500
2012-12-31,62.549999,63.790001,62.220001,63.750000,44.113945,1016600
2013-01-02,64.519997,64.889999,64.220001,64.750000,44.805927,918700
2013-01-03,64.839996,64.860001,64.239998,64.440002,44.591419,1070600
2013-01-04,64.470001,64.489998,63.980000,64.430000,44.584492,939700
2013-01-07,64.160004,64.419998,62.790001,63.340000,43.830223,1162200
2013-01-08,63.320000,63.610001,62.560001,62.840000,43.484241,1004700
2013-01-09,62.700001,62.990002,62.380001,62.730000,43.408119,1139500
2013-01-10,62.900002,63.400002,62.730000,63.369999,43.850998,838000
2013-01-11,63.529999,63.680000,62.919998,63.070000,43.643406,1281100
2013-01-14,63.139999,63.470001,63.060001,63.209999,43.740269,499000
2013-01-15,63.000000,63.430000,62.939999,63.349998,43.837151,702300
2013-01-16,63.080002,63.410000,62.889999,63.070000,43.643406,732200
2013-01-17,63.250000,63.549999,63.040001,63.270000,43.781796,774400
2013-01-18,63.330002,63.880001,63.240002,63.869999,44.196980,644000
2013-01-22,63.900002,64.419998,63.770000,64.370003,44.542976,828500
2013-01-23,63.880001,64.500000,63.250000,63.910000,44.224674,1442800
2013-01-24,63.759998,64.199997,63.520000,63.840000,44.176224,1460100
2013-01-25,64.000000,64.610001,63.619999,64.589996,44.695206,875300
2013-01-28,64.559998,64.589996,64.029999,64.449997,44.598335,805100
2013-01-29,64.260002,65.209999,64.019997,65.050003,45.013523,966600
2013-01-30,64.910004,65.129997,64.400002,64.589996,44.695206,973100
2013-01-31,64.459999,64.660004,64.300003,64.599998,44.702129,1156200
2013-02-01,64.809998,64.949997,64.559998,64.839996,44.868202,739700
2013-02-04,64.699997,64.769997,64.070000,64.099998,44.356144,959700
2013-02-05,64.570000,65.269997,64.540001,64.980003,44.965088,1134200
2013-02-06,64.739998,64.879997,64.269997,64.879997,44.895893,1080000
2013-02-07,64.879997,65.290001,64.510002,64.959999,44.951252,677200
2013-02-08,64.980003,65.080002,63.580002,64.470001,44.612175,3966200
2013-02-11,64.419998,64.730003,64.320000,64.620003,44.715973,2989900
2013-02-12,63.790001,64.110001,63.759998,63.930000,44.814102,884400
2013-02-13,63.930000,64.169998,63.590000,63.660000,44.624844,1042700
2013-02-14,63.099998,63.099998,61.500000,61.799999,43.321011,2615600
2013-02-15,61.599998,61.689999,61.090000,61.450001,43.075653,1846400
2013-02-19,61.700001,62.000000,61.560001,61.779999,43.306992,1198700
2013-02-20,61.790001,62.209999,61.529999,61.549999,43.145775,1316600
2013-02-21,61.529999,61.720001,61.240002,61.520000,43.124729,946100
2013-02-22,61.610001,62.160000,61.529999,62.049999,43.496246,809200
2013-02-25,62.240002,62.860001,61.580002,61.580002,43.166798,1037900
2013-02-26,61.880001,62.360001,61.290001,61.540001,43.138748,1094600
2013-02-27,61.740002,62.099998,61.459999,62.020000,43.475227,872500
2013-02-28,62.139999,62.520000,61.980000,62.259998,43.643471,1347000
2013-03-01,62.209999,62.459999,61.639999,62.119999,43.545326,1137700
2013-03-04,61.950001,63.009998,61.950001,62.950001,44.127148,892400
2013-03-05,63.200001,63.820000,63.060001,63.580002,44.568771,1222100
2013-03-06,63.730000,63.939999,63.470001,63.650002,44.617832,917600
2013-03-07,63.720001,64.059998,63.419998,63.520000,44.526711,615300
2013-03-08,63.590000,63.709999,62.970001,63.430000,44.463612,943900
2013-03-11,63.279999,63.560001,63.220001,63.520000,44.526711,761000
2013-03-12,63.549999,63.799999,63.209999,63.470001,44.491661,687600
2013-03-13,63.450001,64.000000,63.450001,63.680000,44.638866,924200
2013-03-14,63.709999,63.919998,63.590000,63.639999,44.610825,1103300
2013-03-15,63.330002,65.389999,63.259998,65.230003,45.725399,1971100
2013-03-18,64.779999,65.059998,64.330002,64.459999,45.185638,805900
2013-03-19,64.419998,64.739998,63.740002,64.019997,44.877193,934200
2013-03-20,64.290001,64.300003,63.799999,63.970001,44.842152,1575500
2013-03-21,63.700001,63.930000,62.750000,62.919998,44.106117,1100600
2013-03-22,62.939999,63.000000,62.099998,62.380001,43.727577,1717200
2013-03-25,62.430000,62.650002,61.419998,61.669998,43.229885,1645500
2013-03-26,61.919998,62.750000,61.830002,62.689999,43.944885,2189800
2013-03-27,62.369999,63.000000,62.290001,62.939999,44.120129,911900
2013-03-28,63.000000,63.410000,62.730000,63.240002,44.330425,880700
2013-04-01,63.369999,63.480000,63.119999,63.389999,44.435577,521100
2013-04-02,63.669998,64.349998,63.509998,64.029999,44.884205,1197300
2013-04-03,64.190002,65.190002,63.950001,65.000000,45.564163,2148800
2013-04-04,65.010002,66.559998,65.000000,66.519997,46.629669,1672500
2013-04-05,66.349998,67.470001,66.160004,67.279999,47.162415,1403200
2013-04-08,67.300003,67.889999,67.000000,67.860001,47.568985,1232700
2013-04-09,67.860001,67.959999,67.559998,67.650002,47.421780,955200
2013-04-10,67.919998,68.339996,67.839996,68.260002,47.849384,1701900
2013-04-11,68.260002,69.139999,67.809998,69.050003,48.403172,1285200
2013-04-12,68.959999,69.699997,68.919998,69.699997,48.858810,1262500
2013-04-15,69.389999,69.970001,68.650002,68.650002,48.122768,1006400
2013-04-16,69.180000,69.760002,68.830002,69.529999,48.739639,1102600
2013-04-17,69.230003,69.510002,68.760002,69.199997,48.508316,1218600
2013-04-18,69.529999,70.379997,69.529999,70.290001,49.272388,1621700
2013-04-19,70.519997,70.699997,69.080002,69.709999,48.865826,2317100
2013-04-22,69.650002,69.940002,69.199997,69.690002,48.851807,1049600
2013-04-23,69.959999,69.959999,68.730003,69.500000,48.718616,1880800
2013-04-24,69.540001,70.169998,69.300003,70.120003,49.153217,1275800
2013-04-25,70.139999,70.190002,68.239998,68.620003,48.101757,4423400
2013-04-26,68.639999,69.440002,68.639999,69.110001,48.445225,3813900
2013-04-29,69.470001,70.879997,69.260002,70.860001,49.671959,3668300
2013-04-30,70.720001,71.809998,70.540001,71.230003,49.931324,1335800
2013-05-01,71.220001,72.099998,70.959999,71.389999,50.043476,1629200
2013-05-02,71.360001,71.830002,70.959999,71.570000,50.169643,1087600
2013-05-03,71.879997,71.980003,70.680000,71.099998,49.840195,1200300
2013-05-06,71.010002,71.239998,68.980003,69.129997,48.459236,1675800
2013-05-07,68.260002,69.129997,68.099998,68.769997,48.792717,1250800
2013-05-08,68.800003,69.110001,67.709999,68.050003,48.281868,1359100
2013-05-09,68.110001,68.169998,66.839996,67.000000,47.536888,1151800
2013-05-10,67.010002,67.570000,66.720001,67.489998,47.884548,921000
2013-05-13,67.209999,67.610001,66.860001,67.290001,47.742630,863900
2013-05-14,67.339996,68.199997,67.190002,68.080002,48.303146,1380100
2013-05-15,67.989998,70.449997,67.900002,69.610001,49.388687,3154000
2013-05-16,69.419998,70.180000,68.900002,69.669998,49.431278,1773500
2013-05-17,69.800003,71.300003,69.629997,71.139999,50.474228,2281200
2013-05-20,71.000000,71.129997,70.300003,70.599998,50.091110,1229800
2013-05-21,70.760002,70.760002,69.889999,70.300003,49.878265,1175900
2013-05-22,70.230003,70.820000,68.680000,69.070000,49.005566,1198300
2013-05-23,68.110001,69.120003,67.589996,68.919998,48.899143,1123400
2013-05-24,68.870003,69.169998,68.410004,68.940002,48.913334,773500
2013-05-28,68.730003,70.660004,68.540001,69.500000,49.310654,2140300
2013-05-29,68.989998,69.250000,68.349998,68.589996,48.664989,1707700
2013-05-30,68.809998,70.209999,68.809998,69.099998,49.026848,1122100
2013-05-31,69.070000,70.480003,68.879997,68.879997,48.870754,1254200
2013-06-03,69.180000,70.480003,68.160004,69.709999,49.459652,1451300
2013-06-04,69.550003,69.680000,68.129997,68.239998,48.416664,1528000
2013-06-05,68.050003,68.209999,67.230003,67.389999,47.813595,1025700
2013-06-06,67.480003,68.110001,67.089996,68.010002,48.253490,890600
2013-06-07,68.269997,68.980003,67.489998,68.190002,48.381210,1107000
2013-06-10,69.290001,69.879997,68.750000,69.570000,49.360329,1607700
2013-06-11,69.120003,69.540001,68.639999,68.660004,48.714668,792200
2013-06-12,69.050003,69.230003,67.300003,67.709999,48.040638,1107600
2013-06-13,67.680000,68.930000,67.180000,68.879997,48.870754,950100
2013-06-14,68.699997,69.370003,68.410004,68.470001,48.579861,937600
2013-06-17,68.669998,69.750000,68.209999,68.620003,48.686295,1104000
2013-06-18,68.570000,69.559998,68.169998,69.169998,49.076511,853500
2013-06-19,69.220001,70.099998,68.250000,68.250000,48.423771,1089200
2013-06-20,67.839996,68.099998,66.250000,66.370003,47.089897,1328200
2013-06-21,66.639999,68.419998,66.309998,68.129997,48.338619,1969200
2013-06-24,67.550003,68.540001,66.900002,68.110001,48.324436,1257800
2013-06-25,68.599998,69.589996,68.110001,69.160004,49.069424,1179400
2013-06-26,69.470001,70.519997,69.180000,70.279999,49.864067,1032100
2013-06-27,70.389999,71.589996,69.910004,70.050003,49.700878,1333700
2013-06-28,69.900002,70.110001,69.260002,69.680000,49.438366,1320400
2013-07-01,69.940002,70.000000,68.839996,69.339996,49.197124,1236700
2013-07-02,69.300003,70.180000,69.040001,69.349998,49.204212,1264600
2013-07-03,69.059998,69.629997,68.870003,69.290001,49.161655,628100
2013-07-05,69.239998,69.290001,67.430000,68.059998,48.288963,862800
2013-07-08,68.290001,69.110001,68.040001,68.949997,48.920425,870500
2013-07-09,69.370003,69.709999,68.349998,69.139999,49.055241,1803900
2013-07-10,69.129997,70.010002,68.750000,69.699997,49.452549,870300
2013-07-11,70.320000,71.320000,70.300003,71.309998,50.594837,987000
2013-07-12,71.290001,71.290001,70.430000,70.889999,50.296856,729700
2013-07-15,70.980003,71.970001,70.790001,71.599998,50.800621,1085600
2013-07-16,71.440002,71.720001,70.639999,71.019997,50.389095,860100
2013-07-17,71.419998,71.519997,70.449997,70.639999,50.119488,637500
2013-07-18,70.870003,71.800003,70.870003,71.769997,50.921223,992300
2013-07-19,71.720001,72.190002,71.260002,71.910004,51.020557,1033800
2013-07-22,71.940002,72.580002,71.900002,72.349998,51.332729,919900
2013-07-23,72.290001,72.599998,71.550003,72.330002,51.318554,949700
2013-07-24,72.169998,72.169998,70.019997,70.419998,49.963383,1243600
2013-07-25,70.160004,70.589996,69.489998,70.089996,49.729263,5862800
2013-07-26,70.019997,70.320000,69.489998,70.129997,49.757641,5783700
2013-07-29,70.040001,70.879997,70.040001,70.529999,50.041443,3703900
2013-07-30,70.760002,71.769997,69.099998,69.599998,49.381599,2334200
2013-07-31,69.379997,69.849998,67.339996,67.500000,47.891640,2311700
2013-08-01,67.760002,68.199997,67.379997,67.889999,48.168346,1326200
2013-08-02,67.919998,68.269997,67.739998,68.190002,48.381210,920100
2013-08-05,68.110001,68.169998,67.480003,67.529999,47.912918,1138800
2013-08-06,66.550003,67.050003,66.470001,66.860001,48.027855,2138200
2013-08-07,66.750000,69.099998,66.500000,68.769997,49.399876,2144100
2013-08-08,68.769997,69.690002,68.519997,69.160004,49.680027,1402300
2013-08-09,69.160004,70.050003,66.500000,66.900002,48.056595,3560400
2013-08-12,66.769997,66.889999,65.580002,66.139999,47.510651,1712400
2013-08-13,66.080002,66.550003,65.529999,65.709999,47.201771,1546000
2013-08-14,66.489998,66.489998,65.300003,66.230003,47.575314,1535300
2013-08-15,65.430000,66.150002,65.430000,65.760002,47.237690,1667300
2013-08-16,65.720001,65.720001,64.290001,64.589996,46.397236,2988100
2013-08-19,64.580002,64.779999,63.369999,63.540001,45.642986,1361000
2013-08-20,63.560001,64.570000,63.549999,63.990002,45.966240,1260500
2013-08-21,63.849998,63.849998,62.919998,62.950001,45.219170,1327700
2013-08-22,62.990002,63.810001,62.750000,63.340000,45.499317,941300
2013-08-23,63.549999,64.349998,63.459999,63.939999,45.930321,740900
2013-08-26,63.900002,64.150002,62.869999,63.070000,45.305370,1270100
2013-08-27,62.480000,63.330002,62.250000,62.560001,44.939014,1822200
2013-08-28,62.590000,62.869999,61.880001,62.310001,44.759426,1462100
2013-08-29,62.709999,63.209999,62.310001,63.020000,45.269447,1626300
2013-08-30,63.310001,63.779999,63.009998,63.230000,45.420296,1206800
2013-09-03,63.480000,63.630001,62.439999,62.540001,44.924652,1297300
2013-09-04,62.400002,62.590000,61.660000,62.150002,44.644501,1441600
2013-09-05,62.029999,62.590000,61.950001,62.040001,44.565495,1152500
2013-09-06,62.410000,63.270000,62.410000,62.919998,45.197620,1646800
2013-09-09,62.849998,63.130001,62.400002,63.029999,45.276634,1096300
2013-09-10,63.230000,63.270000,62.560001,63.270000,45.449028,1278100
2013-09-11,63.119999,63.119999,62.110001,62.869999,45.161694,2228600
2013-09-12,62.939999,63.029999,62.189999,62.290001,44.745075,837100
2013-09-13,62.810001,63.500000,62.709999,63.090000,45.319736,1187200
2013-09-16,63.880001,64.339996,63.400002,63.770000,45.808201,1395400
2013-09-17,63.880001,64.180000,63.599998,63.799999,45.829754,659400
2013-09-18,63.959999,65.830002,63.700001,65.669998,47.173042,1228300
2013-09-19,65.639999,65.800003,64.690002,65.019997,46.706112,741800
2013-09-20,65.000000,65.139999,63.389999,63.630001,45.707642,1519200
2013-09-23,63.349998,64.930000,63.220001,64.440002,46.289486,1136800
2013-09-24,64.269997,64.839996,63.910000,63.980000,45.959045,1009600
2013-09-25,64.080002,64.300003,63.509998,63.630001,45.707642,885500
2013-09-26,63.730000,64.180000,63.439999,63.619999,45.700451,889000
2013-09-27,63.450001,64.019997,63.000000,63.320000,45.484951,527100
2013-09-30,63.020000,63.650002,62.950001,63.189999,45.391571,1010000
2013-10-01,63.389999,64.000000,63.200001,63.680000,45.743553,876300
2013-10-02,63.509998,64.139999,63.029999,64.029999,45.994961,1229200
2013-10-03,63.720001,63.820000,63.099998,63.509998,45.621414,1145400
2013-10-04,63.410000,63.619999,63.290001,63.480000,45.599888,1103000
2013-10-07,63.180000,63.919998,63.160000,63.450001,45.578339,656400
2013-10-08,63.349998,64.150002,63.250000,63.549999,45.650173,805300
2013-10-09,63.730000,65.260002,63.299999,64.209999,46.124271,1490900
2013-10-10,64.500000,65.300003,63.689999,65.110001,46.770779,1123600
2013-10-11,64.940002,65.370003,64.769997,65.300003,46.907253,626800
2013-10-14,65.129997,65.269997,64.050003,64.860001,46.591187,759100
2013-10-15,64.860001,64.910004,63.580002,63.669998,45.736366,1195900
2013-10-16,64.070000,65.040001,64.070000,65.019997,46.706112,1229400
2013-10-17,64.949997,66.739998,64.470001,66.589996,47.833912,1163700
2013-10-18,66.660004,66.739998,66.040001,66.349998,47.661491,1265500
2013-10-21,66.379997,66.779999,65.750000,66.139999,47.510651,896500
2013-10-22,66.260002,67.650002,66.160004,67.529999,48.509140,1248100
2013-10-23,67.360001,68.629997,67.330002,68.129997,48.940125,1617300
2013-10-24,68.089996,68.279999,67.489998,68.099998,48.918602,1035700
2013-10-25,67.989998,68.309998,67.360001,68.269997,49.040710,1030500
2013-10-28,68.139999,68.559998,67.820000,68.110001,48.925777,1534900
2013-10-29,67.690002,67.690002,65.500000,66.059998,47.453194,3500800
2013-10-30,66.209999,66.529999,65.300003,65.459999,47.022190,1708100
2013-10-31,65.309998,65.379997,64.379997,64.720001,46.490620,1519600
2013-11-01,64.919998,65.279999,64.769997,65.139999,46.792313,1214300
2013-11-04,65.419998,65.489998,64.690002,64.970001,46.670204,1373900
2013-11-05,64.129997,64.419998,63.820000,64.010002,46.575615,1625500
2013-11-06,64.360001,65.089996,64.220001,64.900002,47.223194,1428200
2013-11-07,65.160004,65.419998,64.360001,64.400002,46.859390,1367500
2013-11-08,64.209999,64.430000,63.320000,64.419998,46.873932,1065500
2013-11-11,63.740002,63.740002,62.939999,63.220001,46.000786,1944800
2013-11-12,63.200001,63.290001,62.610001,63.009998,45.847977,1767700
2013-11-13,62.549999,62.799999,62.020000,62.790001,45.687912,1090700
2013-11-14,63.000000,63.549999,62.810001,63.430000,46.153587,893000
2013-11-15,63.290001,63.869999,63.160000,63.669998,46.328224,1170500
2013-11-18,63.869999,63.910000,63.500000,63.549999,46.240906,995200
2013-11-19,63.639999,63.709999,63.060001,63.279999,46.044445,990400
2013-11-20,63.619999,63.619999,62.799999,62.830002,45.717018,1359900
2013-11-21,63.160000,63.200001,62.810001,62.880001,45.753403,1011600
2013-11-22,62.750000,62.880001,62.389999,62.529999,45.498718,1185200
2013-11-25,62.680000,62.939999,62.400002,62.520000,45.491436,864400
2013-11-26,62.500000,62.660000,61.830002,62.000000,45.113083,1520000
2013-11-27,61.950001,62.230000,61.599998,61.750000,44.931171,1135100
2013-11-29,61.770000,62.270000,61.619999,61.889999,45.033043,557800
2013-12-02,62.060001,62.320000,61.650002,62.279999,45.316818,1578800
2013-12-03,62.009998,62.150002,61.549999,61.970001,45.091248,1629600
2013-12-04,61.669998,62.389999,61.599998,62.160000,45.229488,987900
2013-12-05,62.029999,62.290001,61.750000,62.240002,45.287704,1215200
2013-12-06,62.560001,63.340000,62.400002,63.009998,45.847977,1163100
2013-12-09,62.810001,62.990002,62.119999,62.400002,45.404133,1317200
2013-12-10,62.110001,62.200001,60.220001,61.299999,44.603733,4628900
2013-12-11,60.639999,61.279999,60.419998,60.849998,44.276291,2502900
2013-12-12,60.849998,61.669998,60.840000,61.220001,44.545517,1550900
2013-12-13,61.279999,61.430000,60.570000,61.200001,44.530972,1242400
2013-12-16,61.290001,62.160000,61.279999,61.889999,45.033043,1673600
2013-12-17,61.720001,61.900002,61.310001,61.650002,44.858406,1209000
2013-12-18,61.529999,62.419998,60.770000,62.209999,45.265877,1223000
2013-12-19,62.000000,62.119999,61.130001,61.560001,44.792927,986300
2013-12-20,61.689999,62.570000,61.669998,62.490002,45.469616,2855400
2013-12-23,62.740002,63.080002,62.279999,62.540001,45.505997,1269000
2013-12-24,62.490002,63.080002,62.360001,62.730000,45.644249,395900
2013-12-26,62.630001,62.970001,62.270000,62.369999,45.382294,583200
2013-12-27,62.480000,62.869999,62.369999,62.830002,45.717018,731400
2013-12-30,63.130001,63.439999,62.939999,63.320000,46.073544,1152600
2013-12-31,63.330002,63.549999,63.000000,63.270000,46.037163,965800
2014-01-02,63.349998,63.389999,61.709999,61.840000,44.996658,1206600
2014-01-03,61.049999,61.459999,60.639999,61.029999,44.407276,1748300
2014-01-06,60.610001,60.939999,60.400002,60.669998,44.145332,1989900
2014-01-07,60.830002,61.299999,60.669998,61.250000,44.567360,1496600
2014-01-08,61.139999,61.279999,60.599998,60.849998,44.276291,1999800
2014-01-09,61.029999,61.090000,60.520000,60.520000,44.036182,1628600
2014-01-10,60.919998,62.180000,60.820000,61.060001,44.429108,2661000
2014-01-13,61.230000,61.450001,60.549999,60.619999,44.108936,1988100
2014-01-14,60.889999,61.360001,60.830002,61.139999,44.487316,2068900
2014-01-15,61.270000,61.439999,60.669998,61.160000,44.501862,1999900
2014-01-16,61.230000,61.570000,61.090000,61.380001,44.661942,1100300
2014-01-17,61.599998,61.770000,61.310001,61.610001,44.829296,932600
2014-01-21,61.990002,62.099998,61.540001,61.990002,45.105804,1395600
2014-01-22,62.150002,62.490002,61.340000,61.549999,44.785648,1803500
2014-01-23,61.270000,61.790001,60.990002,61.709999,44.902065,1524000
2014-01-24,61.500000,62.349998,61.150002,61.279999,44.589180,1298100
2014-01-27,61.459999,61.840000,61.209999,61.290001,44.596462,1791900
2014-01-28,61.250000,61.660000,60.869999,61.119999,44.472771,1673800
2014-01-29,60.959999,62.009998,60.959999,61.540001,44.778362,1935700
2014-01-30,61.759998,63.380001,61.549999,63.169998,45.964405,2622900
2014-01-31,62.580002,63.490002,62.529999,63.029999,45.862534,1787100
2014-02-03,63.230000,63.919998,62.610001,62.720001,45.636971,1894400
2014-02-04,63.209999,63.270000,62.299999,62.470001,45.455063,1784200
2014-02-05,62.419998,62.869999,62.009998,62.580002,45.535107,1957600
2014-02-06,62.610001,63.840000,62.549999,63.750000,46.386425,3359900
2014-02-07,63.810001,63.900002,63.189999,63.560001,46.248173,1547200
2014-02-10,63.419998,63.930000,63.060001,63.599998,46.277287,1875500
2014-02-11,63.430000,63.520000,61.669998,62.580002,46.137207,2934800
2014-02-12,62.529999,63.669998,62.529999,63.560001,46.859715,2357000
2014-02-13,63.220001,64.580002,63.220001,64.430000,47.501125,2326100
2014-02-14,64.250000,64.660004,64.099998,64.489998,47.545353,1429700
2014-02-18,64.519997,65.180000,64.430000,64.910004,47.854996,1944900
2014-02-19,64.459999,65.339996,64.190002,64.459999,47.523235,1692800
2014-02-20,64.449997,65.300003,64.449997,65.050003,47.958214,1378800
2014-02-21,64.949997,65.309998,64.440002,64.449997,47.515854,1369500
2014-02-24,64.860001,65.050003,64.120003,64.120003,47.272575,943900
2014-02-25,64.400002,64.580002,64.019997,64.110001,47.265198,1390800
2014-02-26,64.709999,64.790001,64.010002,64.070000,47.235718,770200
2014-02-27,63.860001,64.199997,63.529999,63.759998,47.007168,983100
2014-02-28,63.889999,64.160004,63.630001,63.820000,47.051399,1535800
2014-03-03,63.599998,63.889999,63.250000,63.279999,46.653278,1550600
2014-03-04,63.709999,63.759998,63.220001,63.439999,46.771248,1771000
2014-03-05,63.529999,63.560001,62.810001,63.029999,46.468964,1439200
2014-03-06,63.099998,63.360001,62.130001,62.380001,45.989754,1406400
2014-03-07,62.299999,62.650002,61.820000,62.560001,46.122459,1683300
2014-03-10,62.480000,62.650002,62.070000,62.250000,45.893921,1509100
2014-03-11,62.400002,62.490002,61.959999,62.310001,45.938145,1303600
2014-03-12,62.169998,63.000000,62.090000,63.000000,46.446854,1571200
2014-03-13,63.119999,64.480003,63.080002,64.419998,47.493748,1963000
2014-03-14,64.250000,64.930000,64.099998,64.580002,47.611710,1390000
2014-03-17,64.610001,65.199997,64.089996,65.199997,48.068806,1004200
2014-03-18,65.269997,65.449997,65.000000,65.010002,47.928734,939900
2014-03-19,65.190002,65.620003,64.220001,64.570000,47.604336,1138300
2014-03-20,64.400002,64.750000,63.869999,64.750000,47.737045,1166400
2014-03-21,65.089996,66.690002,64.970001,66.029999,48.680721,2710400
2014-03-24,66.199997,66.629997,65.830002,66.070000,48.710217,1560200
2014-03-25,66.199997,66.360001,65.419998,66.089996,48.724949,1036800
2014-03-26,66.120003,66.220001,65.669998,65.769997,48.489037,843700
2014-03-27,66.040001,66.639999,65.559998,66.599998,49.100945,1171200
2014-03-28,66.680000,66.809998,66.120003,66.650002,49.137825,917800
2014-03-31,66.779999,67.019997,66.379997,66.849998,49.285267,1370400
2014-04-01,66.809998,67.160004,66.510002,67.059998,49.440086,1418300
2014-04-02,67.010002,67.470001,66.410004,67.110001,49.476963,1218200
2014-04-03,67.169998,68.139999,66.820000,68.099998,50.206829,1749100
2014-04-04,68.300003,69.919998,68.150002,69.070000,50.921978,2806100
2014-04-07,69.000000,69.779999,68.870003,69.139999,50.973583,1719600
2014-04-08,69.099998,70.260002,68.790001,70.190002,51.747688,2322100
2014-04-09,70.449997,71.120003,69.589996,70.279999,51.814037,2964900
2014-04-10,70.419998,70.889999,70.000000,70.099998,51.681332,1674100
2014-04-11,70.099998,71.000000,70.099998,70.349998,51.865658,1808600
2014-04-14,70.550003,71.040001,70.260002,70.949997,52.308006,2532000
2014-04-15,72.230003,72.580002,71.239998,71.970001,53.059990,3795800
2014-04-16,72.239998,73.269997,71.690002,72.010002,53.089489,2902600
2014-04-17,72.089996,72.430000,71.070000,71.260002,52.536552,1861100
2014-04-21,71.160004,71.769997,70.910004,71.080002,52.403843,1512000
2014-04-22,71.059998,71.419998,70.639999,71.019997,52.359600,1895700
2014-04-23,71.209999,71.800003,70.940002,71.019997,52.359600,1787700
2014-04-24,71.400002,71.580002,70.349998,71.419998,52.654510,2013300
2014-04-25,71.209999,71.949997,71.129997,71.839996,52.964157,2001600
2014-04-28,71.900002,73.029999,71.660004,72.820000,53.686672,2954400
2014-04-29,73.129997,73.709999,72.629997,72.889999,53.738266,2505900
2014-04-30,73.199997,73.919998,72.459999,72.500000,53.450745,2864800
2014-05-01,72.690002,73.250000,72.080002,72.959999,53.789886,1677100
2014-05-02,72.669998,72.970001,71.680000,72.239998,53.259060,1606200
2014-05-05,72.220001,73.129997,72.070000,73.129997,53.915207,1554500
2014-05-06,73.209999,73.720001,73.000000,73.129997,53.915207,2153800
2014-05-07,73.360001,75.199997,73.209999,75.160004,55.411839,2693700
2014-05-08,74.980003,75.070000,74.330002,74.790001,55.139061,2723100
2014-05-09,74.720001,75.290001,74.370003,74.610001,55.006355,1660800
2014-05-12,74.699997,75.040001,74.070000,74.379997,54.836758,2812700
2014-05-13,73.620003,73.779999,72.790001,73.410004,54.732388,2372000
2014-05-14,73.459999,74.290001,73.349998,74.269997,55.373581,2113800
2014-05-15,74.300003,74.419998,73.620003,74.290001,55.388485,2603700
2014-05-16,74.180000,74.620003,74.010002,74.519997,55.559986,1461200
2014-05-19,74.440002,74.519997,73.099998,73.150002,54.538567,1501000
2014-05-20,73.150002,73.760002,73.070000,73.489998,54.792030,1454800
2014-05-21,73.510002,73.660004,73.000000,73.650002,54.911343,1607600
2014-05-22,73.459999,74.349998,73.419998,74.040001,55.202110,1605800
2014-05-23,74.019997,74.260002,73.849998,74.059998,55.217007,981600
2014-05-27,74.470001,74.610001,73.820000,74.110001,55.254307,1379900
2014-05-28,74.180000,74.680000,73.849998,74.620003,55.634541,1204000
2014-05-29,74.510002,75.550003,74.379997,75.529999,56.313015,1868300
2014-05-30,75.400002,75.690002,74.980003,75.419998,56.230999,2237000
2014-06-02,75.559998,76.040001,75.459999,75.769997,56.491936,1762500
2014-06-03,75.750000,76.269997,75.419998,76.220001,56.827446,2033800
2014-06-04,76.129997,76.650002,75.889999,76.610001,57.118229,1290800
2014-06-05,78.419998,78.800003,77.760002,78.610001,58.609379,2560700
2014-06-06,79.110001,79.129997,78.320000,78.410004,58.460255,1728900
2014-06-09,78.139999,78.800003,78.059998,78.690002,58.669041,1403400
2014-06-10,78.650002,78.809998,77.830002,78.279999,58.363335,1399200
2014-06-11,78.279999,78.430000,77.250000,77.419998,57.722126,1715500
2014-06-12,77.379997,77.959999,76.599998,77.849998,58.042721,1607400
2014-06-13,77.769997,78.260002,77.139999,78.199997,58.303684,1030100
2014-06-16,78.199997,79.269997,78.099998,79.010002,58.907597,1972700
2014-06-17,78.440002,78.809998,77.779999,78.519997,58.542263,1117100
2014-06-18,78.519997,80.209999,78.430000,80.169998,59.772453,1507400
2014-06-19,80.199997,80.940002,80.110001,80.790001,60.234726,1650300
2014-06-20,81.000000,81.529999,80.699997,80.830002,60.264523,2163500
2014-06-23,80.730003,80.820000,79.790001,80.540001,60.048321,1572500
2014-06-24,80.470001,80.910004,80.389999,80.449997,59.981224,1702400
2014-06-25,80.510002,81.230003,80.400002,81.169998,60.518021,1090800
2014-06-26,81.150002,81.330002,80.660004,80.860001,60.286900,1136200
2014-06-27,80.570000,81.300003,80.300003,81.180000,60.525486,1460400
2014-06-30,81.320000,82.300003,81.150002,82.089996,61.203945,1266100
2014-07-01,81.879997,82.480003,81.209999,81.300003,60.614956,1412800
2014-07-02,81.220001,81.300003,78.080002,78.660004,58.646648,3073000
2014-07-03,78.209999,78.400002,76.970001,76.970001,57.386642,2087400
2014-07-07,77.190002,78.529999,77.190002,78.400002,58.452785,2244300
2014-07-08,78.470001,79.169998,78.269997,78.470001,58.505005,1781600
2014-07-09,78.470001,78.900002,77.370003,77.970001,58.132191,1651700
2014-07-10,77.500000,78.830002,77.430000,78.699997,58.676464,1617800
2014-07-11,78.660004,78.940002,77.870003,78.019997,58.169487,1077400
2014-07-14,78.400002,78.440002,77.180000,77.199997,57.558128,1332200
2014-07-15,77.410004,77.629997,77.000000,77.529999,57.804142,1622400
2014-07-16,77.620003,78.010002,77.110001,77.949997,58.117290,1638700
2014-07-17,77.150002,77.610001,76.190002,76.269997,56.864723,1758900
2014-07-18,77.000000,77.269997,75.949997,77.220001,57.573021,1544100
2014-07-21,77.050003,77.470001,76.709999,77.349998,57.669956,1506000
2014-07-22,77.510002,77.849998,75.970001,76.000000,56.663418,2177800
2014-07-23,76.120003,76.269997,75.570000,75.639999,56.395012,2310500
2014-07-24,75.459999,76.430000,75.459999,76.349998,56.924370,2139200
2014-07-25,76.389999,76.779999,75.360001,75.480003,56.275738,1449900
2014-07-28,75.529999,76.690002,75.400002,76.349998,56.924370,1907100
2014-07-29,76.459999,76.459999,74.440002,74.989998,55.910408,2322400
2014-07-30,75.010002,75.510002,73.559998,74.160004,55.291580,2102900
2014-07-31,73.910004,74.110001,72.809998,72.830002,54.299965,1323900
2014-08-01,72.879997,73.620003,72.760002,72.989998,54.419250,1552500
2014-08-04,72.919998,72.980003,71.120003,72.430000,54.001728,4022300
2014-08-05,72.180000,73.080002,71.820000,72.120003,53.770615,2417900
2014-08-06,71.900002,71.919998,70.699997,70.820000,52.801365,2524000
2014-08-07,71.050003,71.910004,71.050003,71.570000,53.360542,1448000
2014-08-08,71.750000,72.720001,71.750000,72.680000,54.188133,1286500
2014-08-11,72.650002,73.349998,72.440002,72.550003,54.091198,1349000
2014-08-12,71.550003,71.860001,71.260002,71.419998,53.864941,1128500
2014-08-13,71.459999,72.089996,71.139999,71.919998,54.242054,1564300
2014-08-14,71.849998,73.220001,71.849998,73.010002,55.064121,1667000
2014-08-15,73.010002,73.639999,72.349998,72.820000,54.920837,1255200
2014-08-18,72.900002,73.199997,72.570000,72.750000,54.868042,783900
2014-08-19,72.889999,73.970001,72.800003,73.959999,55.780621,1120200
2014-08-20,74.110001,75.180000,73.639999,75.110001,56.647942,2191700
2014-08-21,74.940002,75.800003,74.540001,74.820000,56.429218,1199900
2014-08-22,74.910004,75.139999,74.080002,74.570000,56.240677,936600
2014-08-25,74.680000,75.639999,74.599998,75.580002,57.002419,1191200
2014-08-26,75.430000,75.769997,74.320000,74.470001,56.165249,1286300
2014-08-27,74.879997,75.540001,74.559998,75.480003,56.927013,929700
2014-08-28,75.379997,76.379997,75.220001,76.330002,57.568081,852400
2014-08-29,76.430000,77.449997,76.360001,77.410004,58.382614,1353900
2014-09-02,77.330002,77.419998,75.889999,76.379997,57.605774,1959800
2014-09-03,76.550003,77.500000,76.550003,77.139999,58.178967,887700
2014-09-04,77.010002,77.290001,76.459999,76.860001,57.967796,1804400
2014-09-05,76.970001,77.639999,76.599998,77.410004,58.382614,1385600
2014-09-08,77.480003,77.559998,76.059998,76.349998,57.583138,1194300
2014-09-09,76.120003,76.709999,75.559998,76.129997,57.417229,1297000
2014-09-10,76.180000,76.349998,75.580002,76.160004,57.439865,831900
2014-09-11,76.190002,77.080002,75.900002,77.059998,58.118637,984900
2014-09-12,76.540001,76.650002,75.290001,75.480003,56.927013,844300
2014-09-15,75.680000,76.430000,75.550003,75.949997,57.281479,1340400
2014-09-16,75.849998,77.489998,75.709999,77.010002,58.080933,1194800
2014-09-17,77.220001,77.459999,76.239998,76.519997,57.711346,1080300
2014-09-18,76.690002,77.029999,75.599998,75.839996,57.198502,930200
2014-09-19,76.129997,76.879997,75.860001,76.820000,57.937634,1591900
2014-09-22,76.519997,77.559998,76.330002,76.989998,58.065830,1196800
2014-09-23,76.959999,77.040001,76.360001,76.510002,57.703846,1762500
2014-09-24,76.639999,76.720001,76.010002,76.309998,57.552975,859100
2014-09-25,76.320000,76.529999,75.800003,76.000000,57.319172,1222500
2014-09-26,76.099998,76.449997,75.430000,76.139999,57.424767,934200
2014-09-29,76.000000,76.769997,75.900002,76.739998,57.877293,998000
2014-09-30,76.940002,78.370003,76.790001,77.330002,58.322269,1615800
2014-10-01,77.330002,78.699997,77.000000,78.040001,58.857754,1463400
2014-10-02,77.790001,78.320000,77.320000,77.470001,58.427868,1593700
2014-10-03,77.680000,77.989998,76.510002,77.820000,58.691822,1149700
2014-10-06,77.900002,78.279999,77.470001,77.709999,58.608871,907200
2014-10-07,77.500000,78.839996,77.370003,77.809998,58.684273,1612700
2014-10-08,77.989998,79.639999,77.809998,79.620003,60.049374,1771700
2014-10-09,79.050003,79.660004,77.440002,77.510002,58.458019,2109900
2014-10-10,77.779999,78.660004,77.680000,77.830002,58.699371,1556100
2014-10-13,77.989998,79.570000,77.709999,78.680000,59.340439,1942500
2014-10-14,79.050003,81.589996,78.739998,81.040001,61.120361,2777700
2014-10-15,78.980003,81.660004,77.650002,78.949997,59.544071,2778600
2014-10-16,77.870003,79.519997,77.050003,79.400002,59.883453,1965200
2014-10-17,79.800003,79.980003,78.040001,79.330002,59.830677,2377000
2014-10-20,79.290001,79.949997,79.099998,79.839996,60.215294,1271700
2014-10-21,80.059998,80.070000,79.400002,80.000000,60.335987,1282600
2014-10-22,80.000000,81.379997,79.959999,80.940002,61.044926,1256400
2014-10-23,81.489998,81.959999,80.750000,81.290001,61.308895,1422400
2014-10-24,81.279999,82.190002,81.239998,82.139999,61.949974,1089000
2014-10-27,82.139999,82.650002,81.779999,82.110001,61.927349,1636200
2014-10-28,82.129997,82.220001,81.099998,81.879997,61.753868,1885800
2014-10-29,82.050003,82.879997,81.180000,82.059998,61.889633,1382600
2014-10-30,82.459999,84.260002,81.949997,84.239998,63.533791,1422900
2014-10-31,84.559998,84.580002,83.550003,84.019997,63.367851,2165400
2014-11-03,84.300003,84.309998,83.480003,83.849998,63.239643,2165200
2014-11-04,80.769997,83.750000,80.040001,82.470001,62.198849,1757000
2014-11-05,83.070000,84.129997,82.480003,83.699997,63.126526,3751600
2014-11-06,83.730003,83.849998,81.000000,81.959999,61.814209,3669600
2014-11-07,82.379997,82.709999,81.510002,82.680000,62.357243,2325500
2014-11-10,82.080002,83.320000,82.080002,83.290001,63.454292,2366700
2014-11-11,83.480003,83.580002,82.480003,82.959999,63.202888,1629900
2014-11-12,82.320000,82.489998,80.580002,81.620003,62.182026,2543400
2014-11-13,81.830002,82.800003,81.480003,81.680000,62.227741,1931000
2014-11-14,81.510002,81.949997,81.089996,81.449997,62.052502,1633900
2014-11-17,81.309998,83.449997,81.160004,83.269997,63.439072,1854300
2014-11-18,83.459999,84.440002,82.870003,83.900002,63.919022,1237500
2014-11-19,83.680000,84.120003,83.059998,83.339996,63.492390,1444900
2014-11-20,82.900002,83.279999,82.040001,82.230003,62.646759,1232100
2014-11-21,82.910004,82.980003,81.800003,82.400002,62.776241,1542000
2014-11-24,82.559998,82.720001,81.360001,81.470001,62.067734,1233000
2014-11-25,81.419998,81.540001,80.970001,81.309998,61.945831,1254400
2014-11-26,81.669998,82.489998,81.540001,82.169998,62.601025,1378600
2014-11-28,82.349998,84.010002,82.349998,83.900002,63.919022,915400
2014-12-01,83.209999,84.989998,82.760002,83.830002,63.865696,2016800
2014-12-02,83.529999,84.110001,83.269997,83.699997,63.766647,1548200
2014-12-03,83.699997,83.860001,83.099998,83.470001,63.591423,1031100
2014-12-04,83.300003,83.989998,83.199997,83.559998,63.659992,1037100
2014-12-05,82.500000,83.000000,82.180000,82.720001,63.020039,1634900
2014-12-08,82.830002,84.320000,82.620003,84.040001,64.025681,1105500
2014-12-09,83.830002,84.790001,83.349998,83.980003,63.979973,2119400
2014-12-10,83.989998,84.519997,83.040001,83.089996,63.301933,1204500
2014-12-11,83.209999,85.209999,83.120003,84.900002,64.680862,1642500
2014-12-12,84.339996,87.989998,84.150002,86.410004,65.831268,4037500
2014-12-15,86.510002,87.919998,85.919998,86.370003,65.800781,3077900
2014-12-16,86.500000,87.410004,85.860001,86.000000,65.518906,2696700
2014-12-17,86.190002,87.760002,86.080002,87.320000,66.524551,2248500
2014-12-18,87.339996,88.709999,87.080002,88.699997,67.575890,1627500
2014-12-19,89.059998,89.959999,88.559998,89.029999,67.827301,3446900
2014-12-22,86.540001,88.650002,86.129997,88.309998,67.278778,1964000
2014-12-23,88.500000,88.860001,87.540001,88.070000,67.095940,1374900
2014-12-24,88.150002,89.989998,87.870003,89.529999,68.208229,1282900
2014-12-26,89.769997,91.029999,89.769997,90.419998,68.886261,852200
2014-12-29,90.550003,92.019997,90.349998,91.160004,69.450043,1229700
2014-12-30,91.169998,91.169998,89.680000,89.930000,68.512962,1141700
2014-12-31,90.260002,90.559998,87.400002,87.480003,66.646439,1564300
2015-01-02,87.480003,88.099998,86.660004,87.709999,66.821671,1944800
2015-01-05,87.809998,88.260002,86.559998,87.050003,66.318863,1661100
2015-01-06,87.110001,88.750000,86.830002,86.889999,66.196953,1838000
2015-01-07,87.019997,88.309998,86.669998,87.769997,66.867355,1094200
2015-01-08,87.940002,88.730003,87.800003,88.290001,67.263535,1018500
2015-01-09,88.510002,88.889999,86.879997,87.790001,66.882622,1468100
2015-01-12,88.129997,88.220001,86.550003,87.040001,66.311234,1114700
2015-01-13,87.519997,88.629997,85.709999,86.040001,65.549355,2595400
2015-01-14,85.599998,87.199997,85.169998,87.150002,66.395012,1521300
2015-01-15,87.410004,88.639999,87.000000,88.489998,67.415909,1482400
2015-01-16,88.550003,89.000000,88.000000,88.669998,67.553032,1295700
2015-01-20,89.099998,89.559998,87.940002,88.699997,67.575890,1196500
2015-01-21,88.470001,89.760002,87.930000,89.680000,68.322502,957600
2015-01-22,90.040001,90.330002,88.709999,89.419998,68.124420,1503900
2015-01-23,89.669998,89.879997,89.220001,89.599998,68.261559,1254200
2015-01-26,89.489998,89.720001,88.400002,88.830002,67.674919,1217200
2015-01-27,88.889999,89.269997,88.339996,88.440002,67.377823,1145700
2015-01-28,88.449997,90.120003,88.449997,88.930000,67.751106,2028600
2015-01-29,88.669998,90.059998,88.269997,89.900002,68.490128,1201000
2015-01-30,89.570000,89.790001,87.430000,87.510002,66.669296,1281400
2015-02-02,87.559998,88.570000,86.779999,88.150002,67.156868,1542300
2015-02-03,88.209999,89.519997,87.470001,89.419998,68.124420,1757500
2015-02-04,89.059998,89.250000,87.160004,87.470001,66.638802,1581800
2015-02-05,87.480003,88.129997,85.599998,86.519997,65.915054,2212500
2015-02-06,86.150002,86.370003,81.989998,82.410004,62.783890,2851700
2015-02-09,82.540001,83.139999,81.029999,81.300003,61.938206,2099000
2015-02-10,80.669998,81.889999,80.589996,81.839996,62.992699,2476500
2015-02-11,81.800003,81.809998,80.480003,80.959999,62.315369,1725000
2015-02-12,81.080002,81.279999,80.260002,80.650002,62.076763,1509800
2015-02-13,80.160004,80.250000,78.349998,79.120003,60.899128,2087300
2015-02-17,79.080002,79.839996,78.150002,78.860001,60.698994,1516700
2015-02-18,78.900002,80.370003,78.529999,80.260002,61.776577,1303500
2015-02-19,80.440002,80.800003,79.449997,79.760002,61.391743,812200
2015-02-20,79.680000,79.830002,78.500000,79.320000,61.053055,1160600
2015-02-23,79.709999,80.300003,79.339996,80.279999,61.791973,999900
2015-02-24,80.250000,81.070000,79.870003,80.459999,61.930523,1370600
2015-02-25,80.169998,80.809998,79.169998,79.379997,61.099224,1208600
2015-02-26,79.709999,79.830002,78.949997,79.199997,60.960667,1028100
2015-02-27,79.250000,79.570000,78.510002,79.510002,61.199310,1509500
2015-03-02,79.180000,79.389999,76.839996,77.669998,59.783035,2070300
2015-03-03,77.550003,77.779999,76.720001,77.480003,59.636822,1067700
2015-03-04,76.900002,77.279999,76.010002,76.500000,58.882469,1146700
2015-03-05,76.839996,77.309998,76.620003,77.019997,59.282726,845100
2015-03-06,76.099998,76.099998,74.300003,74.669998,57.473923,1245100
2015-03-09,74.839996,75.320000,74.459999,74.699997,57.497009,1031700
2015-03-10,74.430000,75.889999,74.349998,75.480003,58.097404,1645000
2015-03-11,75.709999,75.709999,74.410004,74.690002,57.489315,1108300
2015-03-12,75.120003,76.690002,75.120003,76.260002,58.697773,1207800
2015-03-13,75.739998,75.800003,73.879997,74.650002,57.458534,1916500
2015-03-16,74.989998,76.650002,74.989998,76.000000,58.497623,1076300
2015-03-17,75.699997,76.360001,75.570000,75.970001,58.474545,929600
2015-03-18,75.839996,78.650002,75.669998,78.139999,60.144802,1295400
2015-03-19,77.949997,78.949997,77.669998,77.940002,59.990864,2430000
2015-03-20,78.300003,79.360001,78.040001,79.050003,60.845222,3037000
2015-03-23,78.989998,79.150002,78.269997,78.489998,60.414196,1214800
2015-03-24,78.180000,78.680000,77.169998,77.290001,59.490566,1219600
2015-03-25,77.690002,78.139999,76.879997,76.940002,59.221157,1373000
2015-03-26,76.550003,77.349998,75.900002,76.519997,58.897881,963400
2015-03-27,76.459999,77.239998,76.250000,76.680000,59.021034,826000
2015-03-30,76.870003,77.889999,76.370003,77.309998,59.505947,1193500
2015-03-31,77.330002,78.080002,76.790001,77.489998,59.644501,1307900
2015-04-01,77.309998,77.830002,76.250000,77.690002,59.798443,951800
2015-04-02,77.570000,78.080002,77.279999,77.669998,59.783035,841400
2015-04-06,77.919998,79.459999,77.919998,79.410004,61.122349,1134500
2015-04-07,79.410004,79.430000,78.019997,78.110001,60.121704,832100
2015-04-08,78.019997,78.199997,77.080002,77.959999,60.006256,1040800
2015-04-09,77.779999,78.169998,76.690002,77.010002,59.275043,1130100
2015-04-10,77.419998,78.389999,77.099998,78.089996,60.106300,594400
2015-04-13,77.690002,78.099998,77.220001,77.279999,59.482861,566600
2015-04-14,77.550003,78.070000,77.169998,77.779999,59.867702,604800
2015-04-15,77.779999,78.769997,77.779999,77.809998,59.890800,638000
2015-04-16,77.730003,77.949997,76.680000,77.360001,59.544426,849000
2015-04-17,77.070000,77.839996,77.019997,77.290001,59.490566,1118100
2015-04-20,77.570000,78.940002,77.529999,78.360001,60.314137,862200
2015-04-21,78.430000,79.099998,77.870003,78.059998,60.083237,1194700
2015-04-22,78.230003,78.360001,77.110001,77.870003,59.936993,957600
2015-04-23,77.860001,79.220001,77.680000,78.570000,60.475784,941200
2015-04-24,78.489998,79.839996,78.099998,79.139999,60.914497,1407500
2015-04-27,79.410004,79.410004,77.809998,78.139999,60.144802,1114100
2015-04-28,77.930000,79.220001,77.580002,79.019997,60.822147,1365600
2015-04-29,77.610001,78.690002,76.769997,78.400002,60.344925,1867300
2015-04-30,78.339996,78.339996,76.639999,77.180000,59.405891,1249800
2015-05-01,77.199997,77.419998,76.589996,77.190002,59.413574,894400
2015-05-04,77.180000,78.459999,77.000000,77.820000,59.898499,905900
2015-05-05,77.449997,77.919998,75.430000,75.550003,58.151279,1284700
2015-05-06,75.610001,76.230003,74.879997,75.779999,58.328297,1390900
2015-05-07,76.209999,76.949997,75.769997,76.470001,58.859386,1139200
2015-05-08,77.139999,77.589996,75.989998,76.400002,58.805515,1279700
2015-05-11,76.400002,76.730003,76.010002,76.089996,58.566898,1859700
2015-05-12,75.010002,75.139999,73.949997,74.230003,57.765381,1779900
2015-05-13,74.570000,75.220001,73.500000,73.760002,57.399605,1585400
2015-05-14,74.059998,74.650002,73.900002,74.230003,57.765381,1156100
2015-05-15,74.489998,75.300003,74.339996,74.980003,58.349018,1501400
2015-05-18,74.620003,75.389999,74.580002,75.279999,58.582470,733800
2015-05-19,75.029999,76.269997,74.750000,76.209999,59.306187,1161000
2015-05-20,76.110001,76.610001,75.779999,76.040001,59.173897,1107500
2015-05-21,76.080002,76.400002,75.660004,76.120003,59.236164,830600
2015-05-22,75.919998,76.279999,75.379997,76.040001,59.173897,659300
2015-05-26,76.080002,76.300003,74.949997,75.480003,58.738106,1278400
2015-05-27,75.699997,76.559998,75.550003,76.410004,59.461834,1134100
2015-05-28,76.239998,76.820000,75.930000,76.550003,59.570766,1068500
2015-05-29,76.550003,77.080002,76.290001,76.470001,59.508518,1077900
2015-06-01,76.540001,77.160004,76.430000,76.580002,59.594131,1128800
2015-06-02,75.910004,76.309998,74.580002,75.110001,58.450195,1422800
2015-06-03,74.839996,75.209999,73.370003,73.830002,57.454082,2053100
2015-06-04,73.510002,74.480003,73.389999,73.760002,57.399605,1028200
2015-06-05,73.040001,73.040001,71.930000,72.120003,56.123379,1235100
2015-06-08,72.239998,72.589996,71.959999,71.980003,56.014435,1063700
2015-06-09,72.629997,72.629997,70.879997,70.900002,55.173981,1459400
2015-06-10,71.330002,71.739998,70.639999,70.709999,55.026134,2708900
2015-06-11,71.199997,71.750000,70.720001,71.419998,55.578632,1744100
2015-06-12,71.160004,71.580002,70.699997,70.709999,55.026134,903400
2015-06-15,70.489998,71.000000,70.120003,70.949997,55.212898,1475800
2015-06-16,70.879997,71.190002,70.440002,70.830002,55.119503,782800
2015-06-17,70.769997,71.620003,70.419998,71.190002,55.399651,1584600
2015-06-18,71.320000,72.360001,71.320000,72.040001,56.061111,1953400
2015-06-19,71.639999,72.230003,71.459999,71.570000,55.695354,1494100
2015-06-22,71.820000,71.900002,71.250000,71.500000,55.640888,845700
2015-06-23,71.459999,71.580002,70.540001,70.779999,55.080585,1066100
2015-06-24,70.849998,71.180000,70.500000,70.510002,54.870476,1194500
2015-06-25,70.519997,70.529999,69.459999,69.470001,54.061165,786100
2015-06-26,69.389999,70.629997,69.059998,70.510002,54.870476,1986700
2015-06-29,70.550003,71.190002,69.839996,69.949997,54.434704,1354900
2015-06-30,70.300003,71.410004,69.989998,70.500000,54.862698,4553900
2015-07-01,70.660004,71.500000,70.480003,71.449997,55.601990,2328000
2015-07-02,72.239998,72.669998,71.570000,71.879997,55.936604,1394100
2015-07-06,71.739998,72.470001,71.480003,72.470001,56.395741,1420900
2015-07-07,72.760002,74.000000,72.669998,73.610001,57.282879,2686300
2015-07-08,73.320000,74.089996,73.139999,73.300003,57.041637,1732000
2015-07-09,73.470001,73.730003,72.370003,72.519997,56.434658,1266200
2015-07-10,72.489998,73.160004,72.110001,72.489998,56.411312,949500
2015-07-13,72.820000,72.989998,72.019997,72.250000,56.224529,839300
2015-07-14,72.260002,72.860001,71.989998,72.290001,56.255680,1296900
2015-07-15,72.440002,72.519997,71.739998,72.250000,56.224529,1536800
2015-07-16,72.360001,73.440002,72.360001,72.970001,56.784843,1483000
2015-07-17,73.120003,73.120003,72.309998,72.370003,56.317917,866800
2015-07-20,72.339996,72.430000,71.629997,72.279999,56.247879,905400
2015-07-21,72.220001,72.389999,70.930000,71.300003,55.485256,1038600
2015-07-22,71.339996,71.800003,70.870003,71.000000,55.251785,1423100
2015-07-23,70.690002,70.790001,69.150002,69.699997,54.240131,1705500
2015-07-24,69.779999,69.889999,69.150002,69.209999,53.858845,921700
2015-07-27,69.250000,70.800003,69.250000,70.400002,54.784874,1111100
2015-07-28,69.750000,70.470001,69.550003,69.980003,54.458031,1456100
2015-07-29,69.830002,70.220001,69.430000,70.110001,54.559212,1184700
2015-07-30,69.900002,71.089996,69.720001,70.360001,54.753757,1026700
2015-07-31,70.889999,71.500000,70.889999,71.019997,55.267353,1187900
2015-08-03,71.250000,71.559998,70.889999,71.199997,55.407440,1603400
2015-08-04,70.000000,70.599998,68.230003,68.580002,53.368568,2829100
2015-08-05,68.580002,68.589996,67.750000,67.879997,52.823830,2976800
2015-08-06,67.860001,69.489998,67.230003,69.440002,54.037815,1771600
2015-08-07,69.379997,70.870003,68.860001,70.260002,54.675945,1381400
2015-08-10,70.320000,70.709999,68.550003,68.910004,53.625370,1879400
2015-08-11,68.320000,69.529999,68.250000,68.940002,54.302788,1904200
2015-08-12,68.629997,70.220001,68.500000,70.010002,55.145592,1883800
2015-08-13,70.010002,70.059998,69.080002,69.790001,54.972305,1243400
2015-08-14,69.599998,70.199997,69.449997,70.099998,55.216484,1531300
2015-08-17,70.080002,70.910004,69.910004,70.660004,55.657597,1782800
2015-08-18,70.430000,71.019997,70.230003,70.620003,55.626076,1330800
2015-08-19,70.260002,71.139999,70.110001,70.870003,55.823002,1021100
2015-08-20,70.370003,71.559998,70.110001,70.559998,55.578815,1180300
2015-08-21,70.339996,70.860001,69.389999,69.389999,54.657227,1562500
2015-08-24,67.400002,69.480003,65.540001,65.900002,51.908218,2487600
2015-08-25,66.419998,67.220001,63.599998,63.599998,50.096554,2326900
2015-08-26,64.349998,64.519997,63.200001,64.290001,50.640057,2101300
2015-08-27,64.480003,65.910004,64.480003,65.809998,51.837322,2375300
2015-08-28,65.779999,66.269997,65.070000,65.900002,51.908218,1714600
2015-08-31,65.620003,65.639999,64.430000,65.330002,51.459240,1704800
2015-09-01,64.459999,64.459999,62.660000,63.060001,49.671211,1639600
2015-09-02,63.759998,63.820000,62.450001,62.759998,49.434902,1291200
2015-09-03,62.810001,63.410000,62.619999,62.990002,49.616074,1111400
2015-09-04,62.480000,62.509998,61.270000,61.529999,48.466049,1497100
2015-09-08,62.270000,62.730000,61.849998,62.389999,49.143459,1986400
2015-09-09,62.779999,62.869999,61.750000,61.889999,48.749626,1292800
2015-09-10,61.830002,62.770000,61.759998,62.029999,48.859890,1781000
2015-09-11,61.750000,62.700001,61.570000,62.680000,49.371891,1184900
2015-09-14,62.680000,63.279999,62.549999,62.830002,49.490040,1173100
2015-09-15,62.919998,63.410000,62.549999,63.230000,49.805115,1257600
2015-09-16,63.360001,64.489998,63.230000,63.950001,50.372242,1516600
2015-09-17,63.930000,65.459999,63.799999,64.419998,50.742447,1051800
2015-09-18,63.910000,64.860001,63.759998,64.250000,50.608543,1976500
2015-09-21,64.370003,64.790001,63.810001,63.930000,50.356491,1251500
2015-09-22,64.410004,64.629997,63.689999,64.040001,50.443146,1953700
2015-09-23,64.040001,64.040001,63.119999,63.540001,50.049294,1444300
2015-09-24,62.389999,63.740002,62.299999,63.590000,50.088680,1633700
2015-09-25,63.580002,65.250000,63.299999,64.589996,50.876358,1641700
2015-09-28,64.320000,65.070000,64.000000,64.059998,50.458897,1066100
2015-09-29,64.139999,64.959999,63.930000,64.330002,50.671570,824900
2015-09-30,64.519997,65.139999,64.250000,65.099998,51.278076,1382500
2015-10-01,65.160004,65.260002,63.900002,64.410004,50.734581,1236100
2015-10-02,64.919998,65.930000,64.410004,65.889999,51.900352,1414800
2015-10-05,66.180000,67.190002,65.739998,66.970001,52.751038,1117100
2015-10-06,66.800003,66.989998,65.639999,66.110001,52.073635,1240700
2015-10-07,66.120003,66.779999,66.099998,66.779999,52.601391,1570300
2015-10-08,66.750000,68.220001,66.239998,67.669998,53.302422,1426200
2015-10-09,67.699997,67.959999,67.250000,67.559998,53.215775,1366300
2015-10-12,67.730003,69.059998,67.230003,68.279999,53.782906,950900
2015-10-13,68.180000,68.620003,67.839996,68.099998,53.641132,1348500
2015-10-14,68.150002,68.570000,67.669998,67.919998,53.499340,1091100
2015-10-15,68.180000,69.199997,67.690002,69.080002,54.413052,1094400
2015-10-16,69.559998,70.000000,69.080002,69.300003,54.586334,1630400
2015-10-19,69.510002,69.750000,68.779999,69.379997,54.649361,1267200
2015-10-20,69.190002,70.519997,68.910004,70.070000,55.192860,1340800
2015-10-21,70.290001,70.669998,69.370003,69.419998,54.680866,729200
2015-10-22,69.620003,70.129997,69.320000,70.059998,55.184975,1036400
2015-10-23,69.860001,70.019997,68.589996,68.650002,54.074352,995900
2015-10-26,68.879997,68.980003,67.790001,68.489998,53.948307,1253600
2015-10-27,68.400002,68.699997,67.870003,68.459999,53.924690,776600
2015-10-28,68.459999,68.919998,67.199997,67.760002,53.373306,1115300
2015-10-29,67.379997,67.639999,66.019997,67.500000,53.168507,1180100
2015-10-30,67.500000,68.360001,67.260002,68.160004,53.688389,1775000
2015-11-02,67.750000,69.000000,66.430000,68.550003,53.995583,2510700
2015-11-03,68.519997,69.930000,68.349998,69.290001,54.578468,1968000
2015-11-04,69.220001,69.620003,68.650002,69.209999,54.515450,1343200
2015-11-05,69.199997,69.550003,67.830002,68.059998,53.609623,1178500
2015-11-06,66.739998,67.550003,65.419998,65.650002,51.711300,2564500
2015-11-09,64.830002,65.370003,64.110001,65.139999,51.982628,1364800
2015-11-10,65.199997,65.959999,64.739998,64.849998,51.751202,1729500
2015-11-11,64.959999,66.410004,64.709999,66.059998,52.716797,1949300
2015-11-12,65.839996,66.489998,65.379997,65.800003,52.509319,1778600
2015-11-13,65.860001,66.290001,64.989998,65.150002,51.990608,1091400
2015-11-16,65.199997,66.879997,64.949997,66.830002,53.331261,1188700
2015-11-17,66.669998,66.919998,65.300003,65.440002,52.222031,1085800
2015-11-18,65.440002,66.110001,64.489998,65.669998,52.405579,1215800
2015-11-19,65.980003,66.209999,65.269997,65.839996,52.541233,1407800
2015-11-20,66.339996,67.070000,66.129997,66.940002,53.419048,1284200
2015-11-23,66.900002,67.300003,66.559998,66.669998,53.203590,922800
2015-11-24,66.250000,66.690002,66.029999,66.480003,53.051960,1197100
2015-11-25,66.669998,66.669998,65.400002,66.139999,52.780636,780500
2015-11-27,66.080002,66.400002,65.830002,66.169998,52.804573,403400
2015-11-30,66.129997,67.239998,66.019997,66.629997,53.171669,1406500
2015-12-01,66.769997,67.949997,65.459999,67.389999,53.778152,1280400
2015-12-02,67.199997,67.199997,65.230003,65.309998,52.118286,1106500
2015-12-03,64.970001,65.250000,64.180000,64.360001,51.360176,1130100
2015-12-04,64.610001,66.000000,64.250000,65.930000,52.613060,1187200
2015-12-07,65.739998,66.709999,65.250000,66.690002,53.219547,1470300
2015-12-08,66.510002,66.779999,66.160004,66.559998,53.115803,1330100
2015-12-09,66.239998,68.629997,66.110001,68.040001,54.296879,2328000
2015-12-10,67.970001,68.040001,65.660004,65.709999,52.437492,1787300
2015-12-11,65.300003,66.360001,65.080002,65.660004,52.397606,1891800
2015-12-14,65.639999,65.820000,64.199997,65.440002,52.222031,1943300
2015-12-15,65.480003,65.800003,65.059998,65.220001,52.046474,1814400
2015-12-16,65.599998,67.239998,65.370003,67.129997,53.570675,2028200
2015-12-17,67.099998,67.669998,66.379997,67.230003,53.650471,1315700
2015-12-18,66.910004,67.339996,66.070000,66.260002,52.876404,4695500
2015-12-21,66.639999,66.650002,65.769997,66.180000,52.812550,1521500
2015-12-22,66.379997,67.820000,65.739998,67.680000,54.009590,971100
2015-12-23,67.919998,68.970001,67.900002,68.790001,54.895382,792400
2015-12-24,68.580002,68.940002,68.309998,68.690002,54.815571,396300
2015-12-28,68.389999,69.089996,68.199997,68.860001,54.951241,674000
2015-12-29,69.129997,69.410004,68.889999,69.199997,55.222553,751900
2015-12-30,69.279999,69.489998,68.980003,69.250000,55.262470,702100
2015-12-31,69.110001,69.110001,67.650002,68.360001,54.552223,878100
2016-01-04,67.910004,68.599998,66.769997,68.580002,54.727795,1351100
2016-01-05,68.470001,69.160004,67.029999,68.949997,55.023045,1440600
2016-01-06,68.550003,68.720001,67.820000,68.510002,54.671936,1265700
2016-01-07,67.910004,68.610001,67.279999,67.540001,53.897861,1443600
2016-01-08,67.580002,68.290001,67.370003,67.519997,53.881889,1351100
2016-01-11,67.739998,68.190002,67.070000,67.550003,53.905849,1039400
2016-01-12,68.269997,68.519997,67.050003,68.400002,54.584156,1890800
2016-01-13,68.620003,69.080002,67.699997,68.199997,54.424553,1666300
2016-01-14,68.279999,69.589996,67.760002,69.099998,55.142757,1157800
2016-01-15,68.589996,68.589996,67.419998,68.089996,54.336769,1576900
2016-01-19,68.830002,69.239998,68.160004,68.870003,54.959225,1556600
2016-01-20,68.419998,68.910004,65.379997,66.559998,53.115803,1515100
2016-01-21,66.580002,67.080002,65.639999,66.680000,53.211571,1114600
2016-01-22,67.260002,68.849998,66.839996,68.730003,54.847496,1322400
2016-01-25,68.650002,68.730003,67.230003,67.580002,53.929783,985200
2016-01-26,67.930000,69.540001,67.889999,68.699997,54.823551,834500
2016-01-27,68.589996,70.019997,68.389999,69.550003,55.501873,1179900
2016-01-28,69.489998,70.910004,69.120003,70.559998,56.307854,907900
2016-01-29,71.279999,71.570000,70.389999,70.580002,56.323818,1958100
2016-02-01,70.620003,71.820000,70.339996,71.599998,57.137794,1208400
2016-02-02,71.099998,71.940002,70.720001,71.739998,57.249516,1256600
2016-02-03,71.930000,73.959999,71.820000,73.349998,58.534340,1575900
2016-02-04,73.120003,74.480003,72.190002,72.300003,57.696411,1363100
2016-02-05,72.050003,72.660004,71.150002,72.220001,57.632565,1656100
2016-02-08,72.370003,73.019997,70.410004,71.449997,57.018108,1748300
2016-02-09,69.970001,71.300003,69.650002,70.739998,57.131161,1755700
2016-02-10,70.570000,71.849998,69.339996,71.440002,57.696491,1456200
2016-02-11,71.000000,71.510002,70.209999,70.540001,56.969646,1509400
2016-02-12,70.320000,70.580002,69.339996,70.440002,56.888893,1279000
2016-02-16,70.699997,71.099998,69.830002,70.769997,57.155396,1762600
2016-02-17,70.779999,71.190002,69.940002,71.010002,57.349236,1583100
2016-02-18,71.550003,73.930000,70.800003,73.440002,59.311745,2388100
2016-02-19,73.790001,73.919998,72.000000,72.980003,58.940250,2232600
2016-02-22,73.449997,74.239998,73.019997,74.010002,59.772099,1009200
2016-02-23,73.879997,74.230003,72.980003,73.489998,59.352116,1321500
2016-02-24,73.419998,74.000000,72.769997,73.449997,59.319798,1012100
2016-02-25,73.639999,74.330002,73.129997,74.250000,59.965912,933300
2016-02-26,73.830002,74.580002,71.650002,71.739998,57.938782,1271500
2016-02-29,71.830002,73.110001,71.529999,72.209999,58.318371,1273500
2016-03-01,72.699997,72.989998,71.949997,72.199997,58.310291,1125900
2016-03-02,71.860001,73.250000,70.610001,73.220001,59.134075,1169800
2016-03-03,73.199997,73.309998,71.779999,73.139999,59.069454,1153300
2016-03-04,72.790001,74.269997,72.220001,74.190002,59.917458,1015300
2016-03-07,74.000000,74.589996,73.580002,73.940002,59.715561,1185800
2016-03-08,74.040001,74.669998,73.339996,74.570000,60.224361,1250100
2016-03-09,74.610001,75.910004,74.580002,75.250000,60.773540,1501300
2016-03-10,75.309998,76.139999,75.160004,75.980003,61.363094,1575000
2016-03-11,76.220001,76.720001,75.739998,75.919998,61.314648,1284800
2016-03-14,76.019997,76.910004,75.500000,76.540001,61.815361,1139600
2016-03-15,76.190002,77.320000,76.160004,76.620003,61.879982,865700
2016-03-16,76.510002,78.230003,75.809998,78.019997,63.010643,1263900
2016-03-17,78.150002,79.160004,77.739998,78.940002,63.753651,1109500
2016-03-18,78.919998,79.250000,77.900002,77.930000,62.937973,2410100
2016-03-21,77.540001,78.690002,77.470001,78.400002,63.317547,1288700
2016-03-22,78.360001,78.839996,77.610001,77.699997,62.752197,1168700
2016-03-23,77.779999,78.639999,77.430000,78.139999,63.107555,884800
2016-03-24,77.839996,78.989998,77.589996,78.839996,63.672890,846400
2016-03-28,78.959999,79.330002,78.040001,78.169998,63.131790,837400
2016-03-29,78.349998,79.639999,77.940002,79.610001,64.294777,899100
2016-03-30,79.470001,79.690002,78.800003,79.230003,63.987885,788900
2016-03-31,79.230003,79.720001,78.889999,79.279999,64.028267,1648300
2016-04-01,79.339996,80.059998,78.940002,79.970001,64.585526,2389300
2016-04-04,79.949997,80.000000,78.709999,78.940002,63.753651,1417100
2016-04-05,78.739998,78.889999,76.970001,77.089996,62.259548,2338800
2016-04-06,77.089996,77.400002,76.570000,77.209999,62.356472,1477700
2016-04-07,76.949997,77.739998,76.839996,77.190002,62.340317,1373400
2016-04-08,77.500000,78.110001,76.809998,76.959999,62.154556,2005100
2016-04-11,77.169998,77.800003,76.669998,76.820000,62.041504,1239000
2016-04-12,76.250000,76.900002,76.110001,76.559998,61.831505,3132700
2016-04-13,76.910004,76.910004,76.010002,76.550003,61.823456,1286800
2016-04-14,76.339996,76.800003,75.650002,75.839996,61.250027,1419500
2016-04-15,75.800003,76.480003,75.580002,76.120003,61.476170,1439300
2016-04-18,75.800003,76.370003,75.699997,76.250000,61.581173,1602500
2016-04-19,76.449997,76.720001,76.160004,76.430000,61.726524,1847200
2016-04-20,76.400002,76.570000,74.440002,74.629997,60.272804,1640200
2016-04-21,74.440002,74.440002,73.250000,73.510002,59.368267,2245700
2016-04-22,73.830002,74.610001,73.730003,74.349998,60.046677,1463600
2016-04-25,74.330002,74.599998,73.680000,74.290001,59.998226,1403900
2016-04-26,74.750000,75.500000,73.839996,74.610001,60.256680,2382800
2016-04-27,74.480003,74.970001,73.559998,74.709999,60.337418,2131700
2016-04-28,73.949997,74.620003,73.519997,74.430000,60.111271,1524500
2016-04-29,74.019997,75.180000,73.620003,75.180000,60.716999,1660100
2016-05-02,75.320000,76.000000,75.269997,75.559998,61.023888,1455800
2016-05-03,75.410004,76.610001,75.290001,76.519997,61.799225,2208400
2016-05-04,76.470001,77.900002,76.269997,76.989998,62.178787,1828600
2016-05-05,76.930000,77.760002,76.559998,76.849998,62.065735,1600000
2016-05-06,76.699997,76.699997,75.650002,76.160004,61.508476,1054500
2016-05-09,76.230003,76.639999,75.889999,76.540001,61.815361,1438900
2016-05-10,75.669998,76.320000,75.360001,76.000000,62.068542,1537500
2016-05-11,76.110001,76.720001,75.430000,76.589996,62.550381,1735400
2016-05-12,76.690002,77.260002,76.330002,77.070000,62.942398,1284900
2016-05-13,76.870003,77.089996,76.269997,76.599998,62.558563,1301300
2016-05-16,76.459999,76.680000,75.699997,76.419998,62.411552,1176800
2016-05-17,76.089996,76.580002,75.459999,75.820000,61.921543,1637500
2016-05-18,75.309998,75.349998,73.110001,73.370003,59.920654,2154400
2016-05-19,73.070000,74.389999,72.669998,74.320000,60.696491,1278800
2016-05-20,74.570000,74.639999,73.860001,74.300003,60.680164,2919900
2016-05-23,74.419998,74.629997,73.639999,73.690002,60.181984,835700
2016-05-24,73.839996,74.150002,73.550003,74.080002,60.500496,1276600
2016-05-25,74.050003,74.680000,73.529999,74.440002,60.794510,926500
2016-05-26,74.379997,75.650002,74.379997,75.580002,61.725548,817000
2016-05-27,75.470001,75.730003,75.199997,75.650002,61.782700,698200
2016-05-31,75.449997,75.989998,75.230003,75.919998,62.003212,1224800
2016-06-01,75.870003,76.629997,75.559998,76.629997,62.583054,1513500
2016-06-02,76.269997,76.910004,75.839996,76.889999,62.795387,1351500
2016-06-03,77.629997,78.750000,77.559998,78.239998,63.897938,1574300
2016-06-06,78.849998,79.300003,78.000000,78.330002,63.971447,1138400
2016-06-07,78.290001,78.849998,78.279999,78.419998,64.044930,1439800
2016-06-08,78.440002,78.769997,78.139999,78.610001,64.200104,1173800
2016-06-09,78.500000,78.860001,77.750000,78.680000,64.257278,2088800
2016-06-10,78.440002,79.110001,78.199997,78.650002,64.232780,1636600
2016-06-13,78.849998,79.309998,78.300003,78.349998,63.987774,1430500
2016-06-14,78.510002,79.070000,78.160004,79.010002,64.526794,1437800
2016-06-15,78.949997,78.989998,77.940002,78.080002,63.767277,1249800
2016-06-16,78.029999,78.699997,77.739998,78.449997,64.069435,909900
2016-06-17,78.250000,78.779999,77.900002,78.650002,64.232780,1558700
2016-06-20,78.660004,78.989998,77.730003,78.110001,63.791763,1293600
2016-06-21,77.989998,78.410004,77.669998,77.949997,63.661087,1167800
2016-06-22,78.080002,78.320000,77.779999,77.879997,63.603928,843200
2016-06-23,77.860001,78.300003,77.370003,78.290001,63.938763,1001600
2016-06-24,77.580002,78.970001,77.540001,77.989998,63.693748,1251600
2016-06-27,77.949997,79.089996,77.699997,78.910004,64.445114,1315000
2016-06-28,78.970001,79.190002,78.089996,79.150002,64.641129,1118000
2016-06-29,79.459999,79.699997,78.580002,78.839996,64.387947,1525700
2016-06-30,79.160004,81.360001,78.879997,81.349998,66.437851,2122900
2016-07-01,81.430000,81.639999,80.559998,81.610001,66.650177,1326700
2016-07-05,81.589996,81.900002,81.269997,81.730003,66.748184,998600
2016-07-06,81.699997,82.089996,81.080002,82.029999,66.993195,1109400
2016-07-07,81.900002,82.010002,80.169998,80.500000,65.743652,1139000
2016-07-08,80.290001,80.919998,79.650002,80.879997,66.053993,1123500
2016-07-11,80.610001,81.059998,79.849998,81.010002,66.160179,1006800
2016-07-12,80.449997,81.529999,80.129997,81.059998,66.201004,1623300
2016-07-13,81.510002,81.820000,80.699997,80.919998,66.086670,1702400
2016-07-14,80.480003,80.760002,79.550003,79.790001,65.163811,1407200
2016-07-15,79.940002,80.510002,79.860001,80.279999,65.563995,973400
2016-07-18,80.150002,80.660004,80.150002,80.379997,65.645653,616100
2016-07-19,80.379997,80.410004,79.889999,80.389999,65.653824,1071900
2016-07-20,80.440002,80.599998,79.820000,79.959999,65.302643,789800
2016-07-21,79.750000,80.239998,79.290001,80.230003,65.523155,799600
2016-07-22,80.260002,81.730003,80.209999,81.650002,66.682861,758900
2016-07-25,81.470001,81.739998,80.940002,81.459999,66.527672,657200
2016-07-26,81.470001,81.470001,80.650002,80.879997,66.053993,630200
2016-07-27,80.730003,80.900002,79.449997,80.150002,65.457809,655700
2016-07-28,80.040001,80.669998,79.930000,80.519997,65.759979,638800
2016-07-29,80.459999,81.480003,80.339996,81.389999,66.470520,1169300
2016-08-01,81.290001,81.610001,80.919998,81.269997,66.372498,1266400
2016-08-02,81.900002,82.000000,79.870003,80.360001,65.629303,1532700
2016-08-03,80.690002,81.059998,79.879997,80.330002,65.604813,1383000
2016-08-04,80.330002,80.930000,79.750000,80.010002,65.343483,956200
2016-08-05,79.870003,80.040001,79.269997,79.589996,65.000473,1272500
2016-08-08,79.639999,80.389999,79.449997,79.750000,65.131134,1191200
2016-08-09,78.900002,79.279999,78.550003,78.860001,65.098129,1258300
2016-08-10,78.959999,79.260002,78.430000,78.800003,65.048592,1339100
2016-08-11,78.919998,79.449997,78.730003,79.269997,65.436546,1009400
2016-08-12,79.519997,80.000000,79.459999,79.519997,65.642944,803100
2016-08-15,79.540001,79.699997,78.190002,78.209999,64.561546,720300
2016-08-16,78.180000,78.209999,76.900002,77.330002,63.835114,1290500
2016-08-17,77.379997,78.330002,76.599998,78.180000,64.536781,1352800
2016-08-18,77.959999,79.300003,77.860001,79.279999,65.444832,1027600
2016-08-19,78.930000,79.169998,77.669998,77.989998,64.379929,1066200
2016-08-22,78.580002,79.230003,78.239998,78.949997,65.172424,839400
2016-08-23,79.250000,79.739998,78.889999,78.910004,65.139389,620400
2016-08-24,78.720001,79.019997,78.150002,78.830002,65.073341,643400
2016-08-25,78.870003,79.300003,78.660004,79.080002,65.279739,620000
2016-08-26,79.070000,79.639999,77.190002,77.260002,63.777328,737000
2016-08-29,77.500000,78.349998,77.480003,78.330002,64.660622,852400
2016-08-30,78.330002,78.669998,77.570000,77.709999,64.148811,664600
2016-08-31,77.769997,78.269997,77.500000,78.199997,64.553299,1701000
2016-09-01,78.150002,78.449997,77.529999,77.650002,64.099281,1586600
2016-09-02,77.790001,79.040001,77.769997,78.970001,65.188911,883100
2016-09-06,79.389999,79.889999,79.019997,79.570000,65.684204,1004400
2016-09-07,79.370003,80.320000,78.930000,80.269997,66.262062,1287300
2016-09-08,79.949997,81.320000,79.949997,80.779999,66.683052,1855800
2016-09-09,80.330002,80.330002,77.480003,77.559998,64.024986,1188600
2016-09-12,77.269997,78.860001,77.269997,78.610001,64.891747,1183900
2016-09-13,78.250000,78.449997,76.510002,76.889999,63.471893,1467100
2016-09-14,77.160004,77.809998,76.540001,76.940002,63.513172,1273200
2016-09-15,76.839996,77.750000,76.610001,77.629997,64.082756,676400
2016-09-16,77.360001,78.559998,77.150002,78.470001,64.776176,1407800
2016-09-19,78.790001,79.279999,78.559998,79.139999,65.329254,959700
2016-09-20,79.500000,79.769997,79.160004,79.250000,65.420059,1060700
2016-09-21,79.250000,81.000000,79.250000,80.970001,66.839905,953100
2016-09-22,81.419998,81.809998,81.080002,81.730003,67.467270,1032200
2016-09-23,81.570000,81.830002,81.129997,81.430000,67.219612,1095200
2016-09-26,81.529999,81.559998,80.919998,80.980003,66.848160,1101900
2016-09-27,81.300003,81.720001,79.519997,79.599998,65.708969,1066200
2016-09-28,79.980003,80.070000,78.709999,78.919998,65.147636,1936400
2016-09-29,78.650002,78.650002,77.250000,77.330002,63.835114,1960400
2016-09-30,77.570000,77.959999,75.989998,76.730003,63.339832,1753500
2016-10-03,76.559998,76.559998,75.320000,75.760002,62.539104,1628300
2016-10-04,75.540001,75.550003,73.580002,74.019997,61.102749,1969200
2016-10-05,74.080002,74.860001,73.290001,73.349998,60.549671,2578300
2016-10-06,73.120003,74.400002,72.459999,73.809998,60.929401,1698200
2016-10-07,74.269997,74.750000,73.110001,73.129997,60.368057,1952000
2016-10-10,73.370003,73.980003,73.239998,73.889999,60.995434,1444100
2016-10-11,73.889999,74.139999,73.239998,73.290001,60.500134,1517300
2016-10-12,73.320000,74.139999,73.250000,74.059998,61.135754,1895100
2016-10-13,74.099998,75.510002,73.919998,74.879997,61.812664,1780600
2016-10-14,74.589996,75.019997,74.050003,74.160004,61.218319,1118700
2016-10-17,74.040001,74.860001,74.000000,74.639999,61.614544,1236700
2016-10-18,75.099998,75.440002,74.120003,74.930000,61.853931,944600
2016-10-19,75.050003,75.129997,74.309998,74.889999,61.820911,958500
2016-10-20,74.760002,75.070000,74.360001,74.510002,61.507240,782300
2016-10-21,74.129997,74.639999,73.900002,74.169998,61.226570,976100
2016-10-24,74.050003,74.480003,73.449997,74.070000,61.144016,1153700
2016-10-25,73.510002,73.739998,72.440002,72.480003,59.831497,2218400
2016-10-26,72.349998,72.529999,71.250000,72.279999,59.666397,1846500
2016-10-27,71.550003,71.959999,70.900002,71.879997,59.336197,2170200
2016-10-28,72.040001,72.709999,71.750000,72.360001,59.732433,1544300
2016-10-31,72.589996,73.910004,72.410004,73.680000,60.822067,2040400
2016-11-01,73.540001,73.709999,71.709999,71.930000,59.377468,1920400
2016-11-02,71.769997,71.830002,70.989998,71.419998,58.956459,1665300
2016-11-03,71.320000,71.760002,71.089996,71.389999,58.931721,1395100
2016-11-04,71.699997,72.449997,70.779999,70.820000,58.461174,1229600
2016-11-07,71.150002,71.570000,70.489998,71.510002,59.030766,1752600
2016-11-08,70.800003,71.989998,70.790001,71.730003,59.941639,1758000
2016-11-09,70.360001,70.809998,68.769997,68.849998,57.534939,1696300
2016-11-10,68.500000,69.290001,66.709999,67.870003,56.716003,2943400
2016-11-11,67.879997,68.550003,67.120003,67.410004,56.331593,1134200
2016-11-14,67.150002,68.309998,66.730003,68.029999,56.849697,2131900
2016-11-15,68.339996,68.809998,67.690002,68.629997,57.351089,1824700
2016-11-16,68.690002,68.879997,67.580002,68.120003,56.924923,1045100
2016-11-17,67.930000,68.610001,67.760002,68.180000,56.975048,1205200
2016-11-18,68.089996,68.430000,67.400002,67.830002,56.682571,1298400
2016-11-21,68.169998,68.550003,67.940002,68.419998,57.175613,1447500
2016-11-22,68.089996,69.029999,67.559998,68.410004,57.167259,2100100
2016-11-23,67.940002,68.559998,67.790001,68.120003,56.924923,1162000
2016-11-25,68.320000,69.760002,68.320000,69.529999,58.103188,740300
2016-11-28,69.730003,70.830002,69.669998,70.580002,58.980625,1314000
2016-11-29,70.309998,71.500000,70.269997,71.400002,59.665871,1857100
2016-11-30,70.650002,70.650002,68.709999,68.730003,57.434666,2280600
2016-12-01,68.330002,68.949997,67.989998,68.879997,57.560001,1992600
2016-12-02,69.360001,70.129997,68.870003,69.279999,57.894276,2052100
2016-12-05,68.980003,69.400002,67.839996,69.379997,57.977833,1922400
2016-12-06,69.550003,69.570000,68.870003,69.260002,57.877556,1115000
2016-12-07,69.489998,70.489998,69.489998,70.440002,58.863651,1137700
2016-12-08,69.879997,70.680000,69.510002,70.410004,58.838570,1673600
2016-12-09,70.150002,70.820000,70.040001,70.760002,59.131050,1002000
2016-12-12,70.540001,71.669998,70.379997,71.559998,59.799572,1457400
2016-12-13,71.870003,72.790001,71.769997,72.730003,60.777302,1276500
2016-12-14,73.169998,73.790001,71.599998,71.669998,59.891502,1757100
2016-12-15,71.440002,72.610001,71.180000,72.389999,60.493164,1460500
2016-12-16,72.230003,73.230003,72.230003,73.169998,61.144981,4669500
2016-12-19,73.500000,73.540001,72.510002,73.180000,61.153339,1077900
2016-12-20,73.010002,73.660004,72.830002,73.230003,61.195110,1126900
2016-12-21,73.239998,73.639999,72.879997,72.900002,60.919353,965800
2016-12-22,72.860001,73.410004,72.820000,73.180000,61.153339,1226400
2016-12-23,73.169998,73.320000,72.680000,72.889999,60.910995,704000
2016-12-27,72.790001,73.290001,72.470001,73.010002,61.011272,769900
2016-12-28,73.059998,73.059998,71.879997,71.989998,60.158909,768700
2016-12-29,72.370003,73.589996,72.269997,73.500000,61.420753,870400
2016-12-30,73.650002,73.739998,73.180000,73.470001,61.395679,970700
2017-01-03,73.500000,73.660004,72.400002,72.940002,60.952778,1262900
2017-01-04,73.180000,73.699997,72.949997,73.260002,61.220196,1251200
2017-01-05,73.169998,73.410004,72.370003,73.000000,61.002914,2304400
2017-01-06,72.739998,73.889999,72.269997,73.239998,61.203476,2516100
2017-01-09,73.419998,73.570000,71.029999,71.089996,59.406807,2162500
2017-01-10,71.389999,71.629997,70.889999,71.239998,59.532169,1515300
2017-01-11,71.459999,71.940002,71.339996,71.699997,59.916569,1114500
2017-01-12,71.580002,71.989998,71.309998,71.830002,60.025208,958800
2017-01-13,71.870003,71.949997,71.339996,71.580002,59.816280,726600
2017-01-17,71.940002,72.639999,71.839996,72.139999,60.284256,1322800
2017-01-18,72.080002,72.529999,71.779999,71.889999,60.075348,1217800
2017-01-19,71.779999,71.779999,70.959999,71.080002,59.398468,1260000
2017-01-20,71.220001,71.500000,70.519997,71.169998,59.473667,961900
2017-01-23,71.330002,71.389999,70.620003,70.680000,59.064198,787500
2017-01-24,70.760002,71.070000,70.379997,70.440002,58.863651,1267700
2017-01-25,70.239998,70.610001,70.070000,70.580002,58.980625,1211500
2017-01-26,70.709999,70.910004,70.139999,70.529999,58.938850,828700
2017-01-27,70.809998,71.000000,70.239998,70.550003,58.955574,915900
2017-01-30,70.879997,70.879997,70.019997,70.610001,59.005695,1053200
2017-01-31,70.610001,71.980003,70.529999,71.639999,59.866425,2035900
2017-02-01,71.160004,71.660004,70.099998,70.720001,59.097610,1329900
2017-02-02,70.790001,71.459999,70.400002,71.440002,59.699287,1414700
2017-02-03,71.629997,72.110001,71.470001,71.820000,60.016846,936700
2017-02-06,71.989998,72.190002,71.620003,71.669998,59.891502,1323400
2017-02-07,71.010002,71.139999,70.400002,70.680000,59.789978,1048600
2017-02-08,70.750000,71.440002,70.709999,71.400002,60.399055,943000
2017-02-09,71.400002,71.510002,70.650002,71.000000,60.060680,1178800
2017-02-10,70.900002,71.699997,70.769997,71.629997,60.593605,1023700
2017-02-13,71.669998,72.000000,71.480003,71.959999,60.872776,778900
2017-02-14,71.680000,71.809998,70.580002,70.790001,59.883026,1483300
2017-02-15,70.959999,71.809998,69.629997,70.769997,59.866112,1791300
2017-02-16,70.870003,72.849998,70.760002,72.769997,61.557957,2363700
2017-02-17,73.000000,73.669998,72.860001,73.550003,62.217793,1711300
2017-02-21,73.300003,74.110001,72.910004,73.910004,62.522327,1225600
2017-02-22,73.750000,73.989998,73.099998,73.709999,62.353134,1669500
2017-02-23,74.059998,75.339996,73.900002,75.139999,63.562809,1090500
2017-02-24,75.540001,75.860001,75.110001,75.800003,64.121124,1259300
2017-02-27,75.790001,75.860001,75.180000,75.480003,63.850422,1392600
2017-02-28,75.379997,76.790001,75.349998,76.660004,64.848610,1900200
2017-03-01,75.849998,76.699997,75.500000,75.580002,63.935028,1865400
2017-03-02,75.370003,76.209999,74.970001,75.540001,63.901173,2009900
2017-03-03,75.629997,75.709999,74.879997,75.379997,63.765820,1038600
2017-03-06,75.330002,75.470001,74.750000,74.970001,63.418999,1365600
2017-03-07,74.870003,75.269997,74.830002,75.000000,63.444386,1481800
2017-03-08,74.160004,74.620003,73.250000,73.290001,61.997849,2032400
2017-03-09,73.250000,73.680000,72.790001,73.150002,61.879414,1879300
2017-03-10,73.660004,73.790001,73.260002,73.610001,62.268547,971500
2017-03-13,73.559998,74.089996,73.449997,74.080002,62.666122,1355800
2017-03-14,74.050003,74.339996,73.730003,73.860001,62.480034,927400
2017-03-15,74.129997,75.470001,73.860001,75.180000,63.596653,1325500
2017-03-16,75.330002,75.500000,74.720001,74.949997,63.402077,1543800
2017-03-17,74.760002,75.769997,74.760002,75.410004,63.791203,2548400
2017-03-20,75.540001,75.690002,74.790001,75.199997,63.613564,1358200
2017-03-21,75.150002,75.930000,75.040001,75.760002,64.087273,2043200
2017-03-22,76.019997,77.510002,76.019997,76.519997,64.730179,2513000
2017-03-23,76.330002,76.989998,76.110001,76.629997,64.823242,1375000
2017-03-24,76.050003,77.080002,76.050003,76.809998,64.975517,1293800
2017-03-27,77.080002,77.370003,76.050003,76.480003,64.696350,1150900
2017-03-28,76.250000,76.570000,76.000000,76.510002,64.721733,808700
2017-03-29,76.330002,76.559998,75.860001,76.190002,64.451035,578800
2017-03-30,76.190002,76.190002,75.510002,75.849998,64.163406,707700
2017-03-31,75.870003,76.320000,75.800003,75.959999,64.256462,826800
2017-04-03,75.800003,75.800003,75.209999,75.690002,64.028084,1046000
2017-04-04,75.690002,76.209999,75.269997,75.809998,64.129562,1199600
2017-04-05,75.790001,76.260002,75.459999,76.129997,64.400269,2553600
2017-04-06,75.800003,76.070000,75.400002,75.879997,64.188812,1079400
2017-04-07,75.980003,76.449997,75.760002,75.949997,64.248016,1580300
2017-04-10,75.980003,76.059998,75.510002,75.849998,64.163406,742000
2017-04-11,76.019997,76.779999,75.580002,76.599998,64.797859,1129200
2017-04-12,76.339996,77.110001,76.080002,77.080002,65.203911,1179900
2017-04-13,77.019997,77.160004,76.459999,76.989998,65.127762,1415900
2017-04-17,77.139999,77.410004,76.959999,77.129997,65.246185,610400
2017-04-18,77.050003,77.400002,76.779999,76.889999,65.043175,1062600
2017-04-19,76.919998,76.989998,76.050003,76.360001,64.594841,972000
2017-04-20,76.360001,76.360001,75.430000,75.800003,64.121124,736900
2017-04-21,75.849998,76.610001,75.849998,76.410004,64.637138,1075700
2017-04-24,76.629997,76.790001,75.790001,76.459999,64.679420,2042400
2017-04-25,76.370003,76.790001,75.949997,76.709999,64.890915,1555000
2017-04-26,76.250000,76.599998,75.739998,75.989998,64.281845,1377500
2017-04-27,75.889999,77.169998,75.889999,76.680000,64.865532,1333700
2017-04-28,76.839996,76.889999,75.930000,76.260002,64.510239,1344400
2017-05-01,76.330002,76.440002,75.660004,75.800003,64.121124,894800
2017-05-02,75.870003,76.279999,75.510002,76.260002,64.510239,1053100
2017-05-03,76.129997,76.750000,75.779999,76.440002,64.662514,1058900
2017-05-04,76.309998,76.739998,76.220001,76.559998,64.764008,1170900
2017-05-05,76.760002,77.419998,76.760002,77.360001,65.440758,858000
2017-05-08,77.339996,77.370003,76.860001,77.139999,65.254654,1240800
2017-05-09,76.050003,76.300003,75.169998,75.230003,64.364868,922500
2017-05-10,75.320000,75.750000,75.089996,75.680000,64.749878,1183100
2017-05-11,75.349998,75.720001,74.959999,75.379997,64.493195,1227300
2017-05-12,75.389999,75.889999,75.349998,75.699997,64.766968,972200
2017-05-15,75.650002,76.449997,75.529999,75.800003,64.852547,1003400
2017-05-16,75.800003,75.980003,75.120003,75.139999,64.287857,707000
2017-05-17,75.139999,75.910004,75.010002,75.379997,64.493195,1127500
2017-05-18,75.500000,75.970001,74.879997,75.769997,64.826859,987900
2017-05-19,75.870003,75.900002,75.129997,75.690002,64.758438,1107800
2017-05-22,75.540001,76.639999,75.480003,76.360001,65.331665,1483500
2017-05-23,76.379997,77.019997,76.300003,76.559998,65.502762,780800
2017-05-24,76.540001,77.089996,76.419998,77.019997,65.896347,823000
2017-05-25,77.199997,78.110001,76.769997,77.860001,66.615013,1358500
2017-05-26,77.989998,78.070000,77.529999,77.650002,66.435356,1065800
2017-05-30,77.690002,78.589996,77.550003,78.239998,66.940147,1040600
2017-05-31,78.349998,79.480003,78.050003,79.059998,67.641716,2183700
2017-06-01,78.940002,80.000000,78.510002,79.870003,68.334724,1684300
2017-06-02,80.120003,80.570000,79.970001,80.239998,68.651306,975700
2017-06-05,80.190002,80.269997,79.779999,80.129997,68.557167,1183200
2017-06-06,80.269997,80.309998,79.860001,80.029999,68.471626,992000
2017-06-07,80.080002,80.610001,79.989998,80.449997,68.830956,1218400
2017-06-08,80.449997,80.449997,78.879997,79.309998,67.855606,1486800
2017-06-09,79.150002,79.500000,78.589996,79.279999,67.829948,1105600
2017-06-12,79.279999,79.919998,78.639999,79.150002,67.718719,1149600
2017-06-13,79.190002,79.599998,78.860001,79.379997,67.915497,789300
2017-06-14,79.730003,80.010002,79.290001,79.419998,67.949722,1010100
2017-06-15,79.379997,80.120003,78.959999,80.029999,68.471626,882300
2017-06-16,80.180000,80.199997,79.480003,80.010002,68.454506,2052500
2017-06-19,80.089996,80.089996,79.250000,79.500000,68.018158,700400
2017-06-20,79.540001,79.879997,79.339996,79.739998,68.223495,582800
2017-06-21,79.940002,79.940002,78.860001,79.370003,67.906937,723100
2017-06-22,79.449997,79.750000,79.139999,79.190002,67.752945,691600
2017-06-23,79.190002,79.669998,78.959999,78.989998,67.581818,1033100
2017-06-26,79.250000,79.989998,78.980003,79.769997,68.249146,747400
2017-06-27,79.320000,79.620003,78.110001,78.129997,66.846031,911100
2017-06-28,78.559998,78.690002,77.800003,77.830002,66.589355,901500
2017-06-29,77.139999,77.339996,76.519997,76.879997,65.776566,864900
2017-06-30,77.150002,77.459999,76.739998,76.769997,65.682449,1298500
2017-07-03,77.059998,77.070000,76.389999,76.470001,65.425766,529300
2017-07-05,76.510002,76.540001,75.800003,75.959999,64.989433,1045800
2017-07-06,75.860001,76.050003,75.410004,75.519997,64.612976,893000
2017-07-07,75.519997,76.139999,75.389999,75.790001,64.843987,907800
2017-07-10,75.730003,76.250000,75.300003,75.309998,64.433311,1142400
2017-07-11,75.430000,75.550003,74.830002,75.180000,64.322083,1134500
2017-07-12,75.919998,76.080002,75.550003,75.690002,64.758438,663700
2017-07-13,75.519997,75.620003,74.959999,75.059998,64.219391,888700
2017-07-14,75.599998,75.839996,75.400002,75.489998,64.587311,524300
2017-07-17,75.519997,75.800003,75.230003,75.610001,64.689987,1176800
2017-07-18,75.769997,75.879997,75.470001,75.639999,64.715637,730900
2017-07-19,75.769997,75.980003,75.470001,75.900002,64.938095,718500
2017-07-20,76.000000,76.599998,75.550003,76.470001,65.425766,1280800
2017-07-21,76.519997,77.190002,76.459999,77.180000,66.033241,1019000
2017-07-24,76.889999,77.180000,76.190002,76.309998,65.288872,718100
2017-07-25,76.260002,76.330002,75.260002,75.419998,64.527428,891900
2017-07-26,75.250000,75.830002,75.160004,75.639999,64.715637,739800
2017-07-27,75.410004,76.150002,75.279999,76.150002,65.151993,745800
2017-07-28,76.160004,76.459999,75.760002,76.250000,65.237556,821500
2017-07-31,76.239998,76.879997,76.000000,76.720001,65.639671,1697400
2017-08-01,76.849998,77.220001,76.629997,77.150002,66.007561,1122400
2017-08-02,77.059998,77.680000,76.050003,76.529999,65.477112,1674800
2017-08-03,76.790001,77.209999,76.489998,76.860001,65.759453,1120500
2017-08-04,76.550003,76.900002,75.970001,76.879997,65.776566,1068100
2017-08-07,76.820000,76.959999,76.480003,76.589996,65.528435,1300600
2017-08-08,75.769997,77.500000,75.730003,77.500000,67.068878,1747400
2017-08-09,77.639999,77.669998,76.790001,76.809998,66.471741,1072400
2017-08-10,76.730003,77.010002,76.300003,76.839996,66.497704,1241100
2017-08-11,76.989998,76.989998,75.970001,76.199997,65.943855,807400
2017-08-14,76.419998,77.269997,76.070000,77.050003,66.679443,670900
2017-08-15,76.529999,77.599998,76.379997,77.570000,67.129456,1016200
2017-08-16,77.540001,78.230003,77.349998,78.120003,67.605423,984100
2017-08-17,78.160004,78.339996,77.489998,77.550003,67.112129,612300
2017-08-18,77.489998,78.059998,77.300003,77.839996,67.363098,875700
2017-08-21,77.860001,78.410004,77.660004,78.250000,67.717926,1480400
2017-08-22,78.230003,78.690002,78.019997,78.599998,68.020813,1182500
2017-08-23,78.489998,79.209999,78.379997,79.169998,68.514091,930900
2017-08-24,79.050003,79.339996,78.739998,78.989998,68.358315,890000
2017-08-25,79.360001,80.169998,79.110001,79.849998,69.102562,932200
2017-08-28,80.000000,80.019997,79.459999,79.839996,69.093903,786700
2017-08-29,80.110001,80.220001,79.589996,79.849998,69.102562,995800
2017-08-30,79.730003,79.879997,79.320000,79.379997,68.695824,636400
2017-08-31,79.470001,79.699997,79.120003,79.169998,68.514091,1125600
2017-09-01,79.370003,79.559998,78.930000,79.260002,68.591980,954700
2017-09-05,79.400002,79.820000,79.040001,79.790001,69.050652,882600
2017-09-06,79.919998,79.930000,78.650002,78.730003,68.133316,1737700
2017-09-07,78.860001,79.459999,78.790001,79.220001,68.557365,745500
2017-09-08,79.300003,79.959999,78.989998,79.809998,69.067947,744500
2017-09-11,79.769997,80.489998,79.510002,80.339996,69.526611,970600
2017-09-12,80.330002,80.470001,78.779999,79.040001,68.401581,843000
2017-09-13,78.989998,78.989998,78.169998,78.230003,67.700615,1230000
2017-09-14,78.099998,79.290001,77.930000,79.139999,68.488121,853900
2017-09-15,79.019997,79.400002,78.550003,78.870003,68.254463,1513200
2017-09-18,78.989998,79.089996,77.820000,78.370003,67.821770,851300
2017-09-19,78.449997,78.629997,77.720001,78.050003,67.544853,772400
2017-09-20,78.300003,78.410004,77.349998,77.800003,67.328499,1661800
2017-09-21,78.559998,79.360001,77.879997,77.959999,67.466949,1087600
2017-09-22,78.199997,78.480003,76.559998,76.750000,66.419815,880100
2017-09-25,76.860001,77.790001,76.750000,77.760002,67.293869,923400
2017-09-26,77.750000,77.940002,77.389999,77.449997,67.025604,756900
2017-09-27,76.949997,77.099998,76.040001,76.459999,66.168839,1076300
2017-09-28,76.339996,76.779999,75.980003,76.339996,66.064995,843200
2017-09-29,76.279999,76.610001,76.000000,76.360001,66.082298,1149600
2017-10-02,76.639999,76.900002,76.239998,76.419998,66.134232,961200
2017-10-03,76.480003,76.480003,75.010002,75.680000,65.493835,997200
2017-10-04,75.459999,78.440002,75.250000,78.410004,67.856400,2598600
2017-10-05,78.400002,79.330002,77.809998,79.089996,68.444847,1676900
2017-10-06,78.489998,79.239998,77.629997,78.650002,68.064087,1925400
2017-10-09,78.820000,79.209999,78.709999,78.860001,68.245819,1122900
2017-10-10,79.050003,79.809998,78.610001,79.639999,68.920830,1015400
2017-10-11,79.529999,80.730003,79.510002,80.349998,69.535271,1642200
2017-10-12,80.320000,81.820000,80.000000,81.800003,70.790092,1392200
2017-10-13,82.000000,82.830002,81.870003,82.290001,71.214157,1523100
2017-10-16,82.540001,83.949997,82.269997,83.410004,72.183411,2092900
2017-10-17,83.449997,84.599998,83.389999,84.599998,73.213226,1559900
2017-10-18,83.949997,84.779999,83.949997,84.660004,73.265167,1421200
2017-10-19,85.000000,85.430000,84.540001,85.360001,73.870941,1515700
2017-10-20,85.250000,85.720001,84.959999,85.660004,74.130569,1617000
2017-10-23,85.940002,85.989998,85.220001,85.230003,73.758446,1725300
2017-10-24,85.650002,86.400002,84.680000,85.980003,74.407501,1796700
2017-10-25,86.120003,86.489998,84.370003,86.339996,74.719032,1586600
2017-10-26,86.769997,87.000000,86.110001,86.180000,74.580589,1012800
2017-10-27,86.139999,86.839996,85.870003,86.769997,75.091171,1142400
2017-10-30,86.699997,86.699997,86.019997,86.389999,74.762321,1146700
2017-10-31,86.190002,86.639999,86.040001,86.260002,74.649826,979200
2017-11-01,86.320000,86.360001,85.239998,85.669998,74.139229,1368500
2017-11-02,85.900002,86.750000,85.279999,86.639999,74.978668,2217100
2017-11-03,86.480003,87.849998,86.300003,87.000000,75.290215,1062300
2017-11-06,86.930000,87.279999,86.239998,86.360001,74.736351,956000
2017-11-07,86.349998,87.070000,86.029999,86.849998,75.160408,911700
2017-11-08,85.820000,86.489998,85.599998,86.239998,75.405220,1937900
2017-11-09,85.959999,86.599998,85.620003,86.419998,75.562607,1346500
2017-11-10,85.949997,86.290001,85.099998,85.129997,74.434669,1196600
2017-11-13,85.230003,86.690002,85.230003,86.639999,75.754974,1476100
2017-11-14,86.419998,87.500000,86.190002,87.419998,76.436981,1219700
2017-11-15,87.500000,87.949997,86.279999,86.430000,75.571350,1580700
2017-11-16,86.260002,86.489998,85.800003,85.900002,75.107933,875300
2017-11-17,85.660004,87.220001,85.660004,86.510002,75.641304,1215800
2017-11-20,86.510002,86.510002,85.230003,85.650002,74.889359,1007500
2017-11-21,85.720001,86.110001,85.489998,85.610001,74.854370,788500
2017-11-22,85.519997,85.720001,84.849998,85.510002,74.766937,572500
2017-11-24,85.550003,85.919998,85.269997,85.370003,74.644516,235100
2017-11-27,85.599998,86.379997,85.250000,86.080002,75.265327,1463600
2017-11-28,86.459999,86.800003,86.120003,86.339996,75.492653,1218200
2017-11-29,86.010002,86.360001,85.459999,86.150002,75.326523,831600
2017-11-30,86.230003,86.760002,85.750000,86.480003,75.615074,1405100
2017-12-01,86.820000,87.089996,85.110001,85.519997,74.775665,1319700
2017-12-04,85.690002,85.739998,84.059998,84.370003,73.770157,2665400
2017-12-05,84.550003,84.589996,82.769997,83.129997,72.685944,1701800
2017-12-06,83.379997,83.820000,83.000000,83.589996,73.088150,1148500
2017-12-07,83.529999,83.720001,83.000000,83.699997,73.184326,800500
2017-12-08,83.540001,84.279999,83.279999,84.040001,73.481613,945000
2017-12-11,83.839996,84.629997,83.650002,84.580002,73.953773,2303600
2017-12-12,84.750000,85.230003,83.129997,83.260002,72.799629,1541000
2017-12-13,83.360001,83.800003,82.970001,83.320000,72.852081,1228500
2017-12-14,83.059998,83.250000,81.849998,82.660004,72.274994,1288600
2017-12-15,83.019997,84.089996,82.940002,83.800003,73.271782,4644400
2017-12-18,83.680000,84.089996,82.320000,82.690002,72.301231,1789000
2017-12-19,82.779999,82.870003,80.970001,81.029999,70.849777,1702600
2017-12-20,80.849998,81.279999,80.180000,80.199997,70.124054,978300
2017-12-21,79.889999,80.800003,79.660004,80.120003,70.054115,978700
2017-12-22,80.290001,80.839996,80.169998,80.309998,70.220230,1164100
2017-12-26,80.529999,80.849998,79.820000,79.900002,69.861732,634800
2017-12-27,79.970001,80.620003,79.800003,80.500000,70.386353,1021700
2017-12-28,80.750000,81.169998,80.470001,81.160004,70.963448,790600
2017-12-29,81.449997,81.599998,81.099998,81.389999,71.164536,777100
2018-01-02,81.709999,82.629997,80.900002,82.599998,72.222519,1813200
2018-01-03,82.320000,82.959999,81.519997,81.690002,71.426849,1474900
2018-01-04,81.529999,81.760002,80.430000,80.540001,70.421349,1095300
2018-01-05,80.680000,80.910004,79.680000,79.919998,69.879234,1328500
2018-01-08,80.089996,80.879997,79.970001,80.839996,70.683624,1111000
2018-01-09,80.739998,81.019997,79.820000,80.120003,70.054115,938200
2018-01-10,79.750000,79.910004,79.000000,79.480003,69.494514,980800
2018-01-11,79.279999,79.900002,78.959999,79.169998,69.223457,1483600
2018-01-12,78.739998,79.199997,78.190002,78.220001,68.392830,998700
2018-01-16,78.389999,78.589996,76.860001,77.669998,67.911903,1352400
2018-01-17,78.000000,78.720001,77.779999,78.510002,68.646378,1347600
2018-01-18,78.540001,78.610001,77.360001,77.790001,68.016823,1069100
2018-01-19,77.949997,78.320000,76.760002,76.989998,67.317352,1382700
2018-01-22,77.500000,77.849998,76.650002,76.830002,67.177452,1348100
2018-01-23,76.970001,78.400002,76.870003,77.660004,67.903175,1321200
2018-01-24,77.620003,77.669998,76.610001,76.699997,67.063789,1945700
2018-01-25,76.699997,78.099998,76.550003,78.080002,68.270409,1061700
2018-01-26,78.290001,78.529999,77.449997,78.290001,68.454018,1370100
2018-01-29,78.000000,78.150002,76.720001,76.830002,67.177452,1055200
2018-01-30,76.809998,78.379997,76.809998,77.900002,68.113014,1786200
2018-01-31,77.870003,78.809998,76.910004,78.690002,68.803772,1632300
2018-02-01,78.470001,78.980003,76.779999,77.120003,67.431015,1843400
2018-02-02,76.739998,77.459999,75.900002,75.980003,66.434242,1209800
2018-02-05,75.870003,76.639999,74.389999,74.410004,65.061485,1697200
2018-02-06,73.639999,74.349998,71.949997,73.760002,64.493141,2439300
2018-02-07,72.790001,74.459999,72.610001,72.769997,64.404640,1759900
2018-02-08,72.570000,73.699997,71.989998,72.019997,63.740856,1572700
2018-02-09,72.330002,74.860001,72.139999,74.129997,65.608292,1617000
2018-02-12,74.250000,75.000000,73.419998,74.629997,66.050819,1249800
2018-02-13,74.559998,75.279999,73.650002,75.050003,66.422554,757500
2018-02-14,74.529999,74.919998,73.730003,73.980003,65.475555,821000
2018-02-15,74.290001,76.400002,73.849998,76.309998,67.537697,1626900
2018-02-16,76.239998,77.000000,76.239998,76.720001,67.900574,1349100
2018-02-20,76.250000,76.709999,74.839996,75.430000,66.758865,905000
2018-02-21,75.419998,76.050003,74.430000,74.440002,65.882675,1198000
2018-02-22,74.699997,75.830002,74.300003,75.029999,66.404846,1797500
2018-02-23,74.809998,77.860001,73.550003,77.739998,68.803307,2000500
2018-02-26,77.959999,78.000000,76.550003,76.949997,68.104126,1118800
2018-02-27,77.000000,78.360001,76.019997,76.040001,67.298729,1873700
2018-02-28,76.400002,76.709999,75.800003,75.820000,67.104027,1782300
2018-03-01,75.870003,77.230003,75.570000,75.879997,67.157127,1797900
2018-03-02,75.809998,76.809998,75.660004,76.540001,67.741257,1660400
2018-03-05,76.459999,78.849998,76.050003,78.570000,69.537910,1493600
2018-03-06,78.379997,78.379997,77.199997,77.720001,68.785622,1452100
2018-03-07,77.410004,77.720001,76.230003,76.760002,67.935974,1456600
2018-03-08,77.040001,77.040001,76.230003,76.660004,67.847466,1437300
2018-03-09,76.820000,76.949997,76.190002,76.779999,67.953667,1600000
2018-03-12,76.919998,77.300003,76.589996,77.230003,68.351952,1054000
2018-03-13,77.389999,78.190002,76.849998,77.089996,68.228043,826600
2018-03-14,77.339996,77.910004,77.070000,77.500000,68.590904,998500
2018-03-15,77.529999,78.419998,77.190002,77.529999,68.617447,1087100
2018-03-16,77.790001,79.010002,77.650002,78.879997,69.812263,3495500
2018-03-19,78.879997,79.239998,78.160004,78.540001,69.511345,1325400
2018-03-20,78.360001,79.010002,78.209999,78.760002,69.706062,1520100
2018-03-21,78.750000,79.000000,77.449997,78.250000,69.254692,1172100
2018-03-22,78.349998,80.150002,77.930000,78.349998,69.343193,1175000
2018-03-23,78.620003,79.150002,77.190002,77.349998,68.458145,831700
2018-03-26,77.480003,78.269997,77.300003,78.139999,69.157333,748500
2018-03-27,78.220001,80.110001,77.919998,79.290001,70.175133,1038500
2018-03-28,79.570000,80.050003,78.650002,79.000000,69.918465,1299900
2018-03-29,79.209999,79.699997,78.760002,78.779999,69.723763,1301700
2018-04-02,78.959999,79.889999,78.279999,78.889999,69.821106,1222500
2018-04-03,78.730003,79.739998,78.430000,79.190002,70.086624,1175200
2018-04-04,79.199997,80.040001,78.639999,79.239998,70.130867,1156100
2018-04-05,79.260002,79.959999,77.889999,79.760002,70.591110,1311900
2018-04-06,80.019997,80.019997,78.760002,78.980003,69.900764,1041100
2018-04-09,79.000000,79.620003,78.739998,78.959999,69.883072,928200
2018-04-10,79.169998,79.699997,78.320000,78.510002,69.484802,1492700
2018-04-11,78.459999,78.879997,78.160004,78.449997,69.431686,753400
2018-04-12,78.580002,78.820000,77.150002,77.349998,68.458145,709900
2018-04-13,77.500000,78.769997,77.500000,78.650002,69.608696,1360700
2018-04-16,78.940002,79.830002,78.820000,79.629997,70.476044,1255800
2018-04-17,79.599998,80.400002,79.169998,80.150002,70.936256,1247800
2018-04-18,80.309998,80.589996,79.489998,79.559998,70.414093,1457900
2018-04-19,79.500000,80.360001,79.010002,80.019997,70.821220,1896900
2018-04-20,80.010002,80.129997,78.620003,78.980003,69.900764,1416400
2018-04-23,79.330002,79.739998,78.860001,79.250000,70.139725,879400
2018-04-24,79.500000,80.889999,79.379997,80.099998,70.892021,1386600
2018-04-25,79.379997,80.150002,78.209999,79.419998,70.290192,1221600
2018-04-26,79.639999,81.330002,79.260002,81.290001,71.945213,1715500
2018-04-27,81.080002,82.419998,80.940002,82.110001,72.670944,1949900
2018-04-30,82.160004,82.440002,81.570000,81.589996,72.210724,1061400
2018-05-01,81.620003,81.830002,80.989998,81.230003,71.892113,935900
2018-05-02,81.050003,81.720001,80.820000,81.610001,72.228447,1927000
2018-05-03,81.500000,82.629997,80.820000,82.349998,72.883369,1596700
2018-05-04,82.320000,82.620003,82.029999,82.199997,72.750595,972900
2018-05-07,82.180000,82.419998,81.389999,81.550003,72.175323,917700
2018-05-08,80.930000,80.959999,78.940002,79.400002,70.272484,1538900
2018-05-09,78.639999,78.889999,77.570000,78.019997,69.833893,1025300
2018-05-10,78.620003,79.059998,78.029999,78.959999,70.675270,727200
2018-05-11,79.150002,79.220001,78.669998,78.849998,70.576805,493200
2018-05-14,79.059998,79.129997,78.110001,78.550003,70.308289,1228100
2018-05-15,78.160004,78.379997,77.089996,77.550003,69.413216,1015700
2018-05-16,77.669998,77.769997,76.580002,76.970001,68.894066,894800
2018-05-17,76.989998,77.150002,76.019997,76.260002,68.258575,1292500
2018-05-18,76.300003,76.510002,75.449997,76.139999,68.151161,1012900
2018-05-21,76.430000,76.480003,75.779999,76.250000,68.249611,877700
2018-05-22,76.559998,77.089996,76.089996,76.680000,68.634491,989200
2018-05-23,76.919998,78.790001,76.790001,78.739998,70.478340,1958800
2018-05-24,78.519997,79.550003,78.190002,79.480003,71.140709,1252800
2018-05-25,79.480003,80.160004,79.480003,79.730003,71.364479,1128200
2018-05-29,79.570000,80.459999,79.239998,79.620003,71.266037,1607500
2018-05-30,79.510002,80.410004,79.190002,80.320000,71.892570,1982000
2018-05-31,80.410004,81.129997,79.889999,80.910004,72.420677,1740700
2018-06-01,80.680000,80.779999,79.599998,80.110001,71.704597,1599100
2018-06-04,80.370003,80.529999,78.250000,78.300003,70.084518,1651600
2018-06-05,78.290001,78.620003,77.580002,77.709999,69.556427,1226600
2018-06-06,77.709999,77.839996,76.230003,76.400002,68.383888,877300
2018-06-07,75.889999,77.209999,75.830002,76.629997,68.589737,5445600
2018-06-08,76.830002,77.040001,76.029999,76.889999,68.822464,2166500
2018-06-11,76.870003,77.059998,75.910004,76.050003,68.070602,3538500
2018-06-12,76.099998,77.169998,76.050003,76.980003,68.903015,4268300
2018-06-13,76.980003,77.519997,76.230003,76.309998,68.303322,1998600
2018-06-14,76.480003,77.000000,76.199997,76.709999,68.661346,1966000
2018-06-15,76.730003,78.260002,76.169998,78.209999,70.003967,2890300
2018-06-18,78.000000,79.040001,77.800003,78.400002,70.174026,3414800
2018-06-19,78.639999,80.000000,78.639999,79.980003,71.588249,2606900
2018-06-20,80.000000,80.400002,79.480003,80.250000,71.829918,3330900
2018-06-21,80.190002,80.820000,79.580002,79.839996,71.462944,1844400
2018-06-22,80.230003,80.720001,79.699997,80.209999,71.794113,2255300
2018-06-25,80.400002,81.199997,80.190002,81.019997,72.519135,2770300
2018-06-26,80.809998,81.739998,80.680000,80.900002,72.411728,1613100
2018-06-27,80.900002,81.910004,80.790001,81.739998,73.163589,1641000
2018-06-28,81.709999,82.139999,81.070000,81.260002,72.733948,3017600
2018-06-29,80.949997,81.190002,80.209999,80.790001,72.313263,1988700
2018-07-02,81.089996,81.459999,80.489998,81.430000,72.886101,1652100
2018-07-03,81.300003,81.940002,81.059998,81.379997,72.841339,574700
2018-07-05,81.540001,82.000000,81.059998,81.959999,73.360497,1982000
2018-07-06,81.940002,82.779999,81.760002,82.559998,73.897552,1224100
2018-07-09,82.660004,82.660004,79.860001,80.150002,71.740417,1994100
2018-07-10,80.150002,81.320000,79.550003,80.930000,72.438583,1222100
2018-07-11,81.059998,82.410004,80.949997,82.209999,73.584267,1809600
2018-07-12,81.910004,82.459999,81.730003,82.180000,73.557426,2107500
2018-07-13,81.970001,82.370003,81.550003,81.889999,73.297874,1253900
2018-07-16,81.790001,82.000000,81.160004,81.809998,73.226234,1224000
2018-07-17,81.959999,82.139999,81.669998,81.699997,73.127785,920900
2018-07-18,81.750000,81.830002,80.290001,80.540001,72.089500,2432200
2018-07-19,80.709999,81.510002,80.650002,81.000000,72.501221,1293200
2018-07-20,81.019997,81.169998,80.010002,80.510002,72.062637,2501100
2018-07-23,80.610001,80.860001,79.160004,79.410004,71.078064,1183000
2018-07-24,79.120003,79.120003,77.589996,78.980003,70.693169,2224500
2018-07-25,78.900002,79.559998,78.709999,79.250000,70.934845,1146600
2018-07-26,79.589996,81.099998,79.589996,80.430000,71.991043,1903900
2018-07-27,80.540001,81.190002,80.239998,80.550003,72.098450,809800
2018-07-30,80.449997,80.669998,79.839996,80.269997,71.847816,2778800
2018-07-31,80.620003,81.379997,80.089996,81.279999,72.751839,2256000
2018-08-01,81.029999,82.989998,80.699997,81.820000,73.235199,2615500
2018-08-02,82.050003,83.379997,81.339996,82.760002,74.076576,1764500
2018-08-03,83.190002,84.290001,82.470001,83.769997,74.980598,1809300
2018-08-06,83.620003,84.129997,83.320000,83.449997,74.694168,1429600
2018-08-07,83.760002,83.839996,82.250000,83.260002,74.524101,1815600
2018-08-08,82.169998,82.820000,82.029999,82.620003,74.750282,1122200
2018-08-09,82.599998,83.430000,82.419998,83.330002,75.392662,1464800
2018-08-10,83.559998,84.169998,83.360001,83.389999,75.446953,1170200
2018-08-13,83.400002,83.730003,83.019997,83.650002,75.682175,2265400
2018-08-14,83.699997,84.230003,83.269997,83.980003,75.980751,2907900
2018-08-15,84.239998,85.110001,83.820000,84.139999,76.125511,2339600
2018-08-16,84.120003,85.169998,83.709999,85.139999,77.030251,1939100
2018-08-17,84.970001,85.620003,84.809998,85.320000,77.193115,1276700
2018-08-20,85.320000,85.459999,84.779999,85.230003,77.111687,962900
2018-08-21,85.160004,85.160004,84.370003,84.889999,76.804077,1418100
2018-08-22,85.000000,85.309998,84.010002,84.290001,76.261208,867500
2018-08-23,84.300003,84.870003,84.139999,84.629997,76.568832,914000
2018-08-24,84.550003,85.129997,84.120003,85.089996,76.985001,601900
2018-08-27,85.199997,85.199997,83.750000,83.900002,75.908363,1216400
2018-08-28,83.870003,83.980003,83.300003,83.620003,75.655045,1368500
2018-08-29,83.529999,83.820000,82.860001,83.440002,75.492188,1566500
2018-08-30,83.779999,84.519997,83.599998,84.330002,76.297409,1428900
2018-08-31,84.209999,84.660004,83.269997,83.589996,75.627892,1340700
2018-09-04,83.550003,84.300003,83.540001,84.300003,76.270264,1254500
2018-09-05,84.430000,85.029999,84.120003,84.959999,76.867401,907600
2018-09-06,85.099998,85.809998,84.730003,85.529999,77.383110,905500
2018-09-07,84.879997,85.389999,84.570000,84.709999,76.641205,904000
2018-09-10,84.980003,85.620003,84.669998,85.190002,77.075485,852100
2018-09-11,85.330002,85.559998,84.400002,84.489998,76.442177,1631600
2018-09-12,84.540001,84.919998,83.959999,84.040001,76.035027,1290700
2018-09-13,84.059998,84.419998,83.480003,84.220001,76.197884,1583800
2018-09-14,84.099998,84.139999,82.970001,83.760002,75.781700,1428900
2018-09-17,83.900002,84.580002,83.580002,84.419998,76.378845,1001800
2018-09-18,84.320000,84.519997,83.680000,83.930000,75.935509,994900
2018-09-19,84.099998,84.099998,81.629997,81.900002,74.098869,1006200
2018-09-20,81.690002,82.620003,81.169998,82.489998,74.632668,1031700
2018-09-21,82.260002,82.919998,81.739998,82.570000,74.705048,2132700
2018-09-24,82.419998,82.610001,81.599998,81.639999,73.863625,1066000
2018-09-25,81.629997,81.629997,80.029999,80.180000,72.542694,1257100
2018-09-26,80.470001,80.480003,78.989998,79.089996,71.556511,1857000
2018-09-27,79.279999,80.199997,79.000000,79.930000,72.316513,1476200
2018-09-28,80.169998,81.279999,80.169998,81.129997,73.402214,1121000
2018-10-01,80.949997,81.139999,80.360001,80.650002,72.967941,665700
2018-10-02,80.930000,82.139999,80.930000,81.830002,74.035545,1001200
2018-10-03,81.669998,82.010002,79.660004,80.330002,72.678413,786500
2018-10-04,80.239998,81.250000,79.570000,81.199997,73.465538,1048600
2018-10-05,81.290001,82.879997,81.260002,82.760002,74.876953,1224300
2018-10-08,82.800003,84.330002,82.730003,83.639999,75.673126,1094600
2018-10-09,83.769997,84.400002,82.839996,83.430000,75.483139,1177700
2018-10-10,83.419998,84.570000,82.889999,82.949997,75.048851,1710300
2018-10-11,83.330002,83.480003,80.980003,81.199997,73.465538,1598400
2018-10-12,81.120003,81.650002,80.040001,81.349998,73.601250,1637000
2018-10-15,81.400002,82.760002,81.220001,81.849998,74.053627,2786300
2018-10-16,81.730003,83.330002,81.559998,82.720001,74.840759,2357500
2018-10-17,82.500000,83.029999,81.879997,82.629997,74.759323,949100
2018-10-18,82.699997,83.209999,82.230003,82.610001,74.741226,1114900
2018-10-19,82.730003,84.660004,82.730003,84.120003,76.107407,874800
2018-10-22,84.120003,84.410004,83.290001,83.370003,75.428864,1869700
2018-10-23,83.680000,84.339996,82.559998,83.150002,75.229813,1862300
2018-10-24,83.629997,86.000000,83.199997,85.410004,77.274536,2243900
2018-10-25,84.709999,84.709999,82.849998,83.500000,75.546463,1418800
2018-10-26,84.000000,84.339996,82.070000,82.430000,74.578384,1800000
2018-10-29,82.459999,84.809998,82.459999,84.010002,76.007889,2051200
2018-10-30,84.300003,84.500000,82.440002,82.940002,75.039803,1843200
2018-10-31,82.110001,84.930000,81.019997,83.949997,75.953598,2676900
2018-11-01,84.309998,84.309998,82.709999,83.010002,75.103142,1775900
2018-11-02,83.230003,83.650002,82.080002,83.260002,75.329323,1279400
2018-11-05,83.580002,84.720001,83.370003,84.370003,76.333595,1448700
2018-11-06,84.610001,85.510002,84.339996,85.419998,77.283585,1297800
2018-11-07,84.699997,85.570000,84.169998,85.300003,78.006035,1403500
2018-11-08,85.379997,85.559998,84.320000,85.129997,77.850555,1125800
2018-11-09,85.089996,85.779999,84.629997,85.559998,78.243797,2409100
2018-11-12,85.160004,87.309998,84.900002,85.910004,78.563873,1637300
2018-11-13,86.000000,86.150002,85.209999,85.900002,78.554733,1134000
2018-11-14,85.519997,86.190002,85.129997,85.489998,78.179779,1292800
2018-11-15,85.150002,86.699997,84.419998,85.970001,78.618736,1462400
2018-11-16,86.980003,87.000000,85.389999,86.320000,78.938812,1361000
2018-11-19,86.169998,87.230003,85.760002,86.760002,79.341194,1157600
2018-11-20,87.199997,87.849998,86.000000,86.330002,78.947960,1709000
2018-11-21,86.000000,86.300003,85.059998,85.349998,78.051758,982900
2018-11-23,85.519997,85.639999,85.029999,85.370003,78.070061,421300
2018-11-26,85.370003,86.029999,85.010002,85.860001,78.518135,843500
2018-11-27,85.910004,86.449997,85.250000,86.290001,78.911377,1337500
2018-11-28,86.599998,86.610001,85.440002,86.080002,78.719322,1164600
2018-11-29,85.949997,86.169998,85.150002,85.870003,78.527290,1416000
2018-11-30,86.160004,87.279999,85.870003,87.059998,79.615532,1686500
2018-12-03,86.769997,87.820000,86.110001,87.809998,80.301399,1512500
2018-12-04,88.000000,89.389999,87.849998,88.980003,81.371353,2547800
2018-12-06,89.370003,89.430000,86.599998,88.250000,80.703773,2367800
2018-12-07,88.190002,89.169998,87.309998,88.459999,80.895813,1790300
2018-12-10,88.570000,89.480003,87.550003,89.150002,81.526817,1458700
2018-12-11,89.150002,90.000000,88.900002,89.589996,81.929184,1044300
2018-12-12,89.599998,90.260002,88.690002,88.910004,81.307343,1213900
2018-12-13,88.959999,90.760002,88.930000,90.459999,82.724800,1660500
2018-12-14,90.400002,90.790001,89.099998,89.779999,82.102951,1351600
2018-12-17,90.080002,90.400002,86.739998,86.779999,79.359482,1677800
2018-12-18,87.360001,88.309998,86.910004,87.089996,79.642967,2411500
2018-12-19,87.230003,87.680000,86.269997,86.839996,79.414322,2329800
2018-12-20,86.720001,88.129997,85.809998,87.339996,79.871582,2392200
2018-12-21,86.739998,88.739998,86.610001,86.760002,79.341194,3749800
2018-12-24,86.870003,87.570000,83.089996,83.239998,76.122185,630700
2018-12-26,83.199997,84.489998,82.059998,84.440002,77.219582,1011600
2018-12-27,84.550003,85.370003,82.919998,85.339996,78.042595,1378700
2018-12-28,85.410004,86.169998,85.160004,85.489998,78.179779,1487300
2018-12-31,85.620003,86.099998,84.809998,86.070000,78.710190,1079700
2019-01-02,85.650002,85.839996,83.519997,84.000000,76.817184,1322400
2019-01-03,83.839996,84.820000,83.400002,84.169998,76.972656,1143700
2019-01-04,83.610001,84.930000,83.610001,84.800003,77.548782,1056300
2019-01-07,84.480003,84.779999,83.800003,84.400002,77.182983,2049300
2019-01-08,84.230003,85.949997,83.980003,85.900002,78.554733,1637700
2019-01-09,85.379997,85.940002,84.709999,85.449997,78.143188,1293300
2019-01-10,85.680000,86.940002,85.169998,86.629997,79.222298,1488400
2019-01-11,86.650002,86.940002,85.389999,85.820000,78.481560,1921500
2019-01-14,85.250000,85.250000,83.239998,84.709999,77.466476,2353000
2019-01-15,84.639999,87.309998,84.470001,86.639999,79.231445,1847500
2019-01-16,86.070000,86.559998,85.300003,86.400002,79.011963,1762500
2019-01-17,86.410004,86.540001,85.540001,86.029999,78.673599,1688700
2019-01-18,85.949997,86.339996,85.410004,86.290001,78.911377,1336700
2019-01-22,86.510002,87.089996,85.690002,86.660004,79.249748,776600
2019-01-23,86.580002,87.879997,86.580002,87.870003,80.356262,1008700
2019-01-24,87.989998,88.760002,87.209999,88.629997,81.051277,1030800
2019-01-25,88.300003,88.830002,86.989998,87.099998,79.652115,1032100
2019-01-28,87.050003,87.440002,85.970001,86.510002,79.112556,912100
2019-01-29,86.849998,87.300003,86.199997,86.599998,79.194870,911500
2019-01-30,86.209999,87.559998,86.209999,87.110001,79.661255,929900
2019-01-31,87.309998,89.489998,86.779999,89.190002,81.563400,2000900
2019-02-01,89.029999,89.269997,87.970001,88.830002,81.234184,903300
2019-02-04,88.279999,89.209999,87.589996,89.190002,81.563400,1123100
2019-02-05,89.070000,89.440002,88.430000,89.190002,81.563400,1258100
2019-02-06,88.949997,89.639999,88.650002,89.550003,81.892609,1021900
2019-02-07,89.430000,90.379997,88.970001,90.269997,82.551056,962500
2019-02-08,89.970001,90.820000,89.779999,90.820000,83.054016,1089400
2019-02-11,90.620003,91.010002,90.239998,90.599998,82.852821,748900
2019-02-12,90.769997,91.169998,89.959999,90.860001,83.090599,1542600
2019-02-13,89.699997,90.070000,88.949997,89.360001,82.545601,889100
2019-02-14,89.639999,90.029999,88.989998,89.690002,82.850426,1711400
2019-02-15,90.150002,90.300003,89.290001,89.860001,83.007462,1391400
2019-02-19,89.980003,90.129997,89.309998,90.050003,83.182968,1184800
2019-02-20,89.099998,92.150002,88.839996,91.239998,84.282219,2511800
2019-02-21,90.459999,91.489998,89.980003,91.190002,84.236038,3077000
2019-02-22,91.260002,92.820000,91.059998,92.769997,85.695557,1862400
2019-02-25,92.669998,92.690002,91.820000,92.449997,85.399940,1647200
2019-02-26,92.839996,93.150002,92.139999,92.699997,85.630882,1720500
2019-02-27,92.379997,93.099998,92.209999,92.459999,85.409195,1569100
2019-02-28,92.540001,93.610001,91.949997,93.330002,86.212852,1690900
2019-03-01,93.330002,93.510002,92.739998,93.250000,86.138947,1522100
2019-03-04,93.570000,93.849998,92.000000,92.639999,85.575455,1318600
2019-03-05,92.529999,92.639999,91.889999,92.169998,85.141296,1558200
2019-03-06,92.430000,92.629997,91.900002,92.089996,85.067398,1054500
2019-03-07,92.400002,93.040001,92.019997,92.129997,85.104355,2142600
2019-03-08,92.379997,92.540001,91.599998,92.489998,85.436890,1600000
2019-03-11,93.010002,93.959999,92.449997,93.959999,86.794800,2516400
2019-03-12,94.199997,94.980003,93.959999,94.889999,87.653885,1986400
2019-03-13,94.989998,95.570000,94.650002,95.010002,87.764732,1749200
2019-03-14,95.000000,95.629997,94.570000,94.940002,87.700073,2462800
2019-03-15,94.610001,95.290001,94.250000,94.660004,87.441429,4557400
2019-03-18,94.650002,94.989998,94.139999,94.489998,87.284386,1236100
2019-03-19,94.279999,94.400002,92.820000,93.180000,86.074287,1228300
2019-03-20,93.459999,94.339996,93.139999,93.570000,86.434547,1400600
2019-03-21,93.570000,95.059998,93.410004,94.949997,87.709297,1464600
2019-03-22,95.000000,96.769997,94.879997,96.120003,88.790092,1778700
2019-03-25,96.230003,96.349998,95.620003,95.820000,88.512955,1219900
2019-03-26,96.010002,96.870003,95.970001,96.510002,89.150345,1132300
2019-03-27,96.699997,96.699997,95.599998,95.959999,88.642288,1246800
2019-03-28,96.139999,96.500000,94.730003,95.059998,87.810913,1663500
2019-03-29,95.089996,95.720001,94.690002,95.629997,88.337448,1091300
2019-04-01,95.589996,95.589996,94.059998,94.360001,87.164299,1474400
2019-04-02,94.709999,94.709999,93.620003,94.129997,86.951828,1434700
2019-04-03,94.089996,94.519997,93.500000,94.050003,86.877937,1283400
2019-04-04,94.239998,94.400002,93.199997,93.610001,86.471489,980600
2019-04-05,93.650002,94.639999,93.199997,94.470001,87.265907,1571500
2019-04-08,94.660004,94.830002,94.019997,94.339996,87.145828,1171700
2019-04-09,94.489998,94.739998,94.269997,94.709999,87.487610,1026300
2019-04-10,94.970001,95.849998,94.279999,94.589996,87.376755,1107100
2019-04-11,94.750000,95.239998,94.379997,95.019997,87.773972,1402100
2019-04-12,94.610001,95.519997,94.050003,95.239998,87.977188,1304700
2019-04-15,95.230003,95.570000,94.730003,95.050003,87.801689,1291600
2019-04-16,94.830002,95.510002,93.199997,93.389999,86.268272,1764900
2019-04-17,93.370003,93.550003,92.730003,92.900002,85.815643,1336300
2019-04-18,93.570000,94.410004,93.320000,93.459999,86.332924,1493300
2019-04-22,93.459999,93.879997,93.239998,93.639999,86.499207,1218500
2019-04-23,93.540001,94.489998,93.309998,94.300003,87.108871,1426200
2019-04-24,94.400002,95.050003,94.120003,94.639999,87.422951,1301700
2019-04-25,94.279999,95.570000,94.180000,95.209999,87.949478,1042800
2019-04-26,95.610001,96.160004,95.059998,95.129997,87.875587,1652000
2019-04-29,94.889999,95.500000,94.610001,95.000000,87.755493,981900
2019-04-30,94.959999,96.940002,94.779999,96.900002,89.510612,1486400
2019-05-01,96.449997,97.410004,95.690002,95.889999,88.577621,1493200
2019-05-02,96.070000,96.959999,95.260002,96.220001,88.882462,1370300
2019-05-03,96.260002,97.080002,96.220001,96.629997,89.261192,1056500
2019-05-06,96.709999,96.940002,95.900002,96.209999,88.873230,856600
2019-05-07,96.110001,96.610001,95.720001,96.510002,89.150345,1338900
2019-05-08,95.290001,95.620003,93.980003,94.230003,87.872780,2220400
2019-05-09,94.430000,94.750000,93.910004,94.309998,87.947365,1575300
2019-05-10,94.209999,96.339996,94.209999,96.330002,89.831100,1329900
2019-05-13,96.330002,97.620003,95.949997,97.470001,90.894196,1203600
2019-05-14,97.300003,97.500000,96.489998,96.489998,89.980293,1638300
2019-05-15,96.489998,97.059998,96.290001,96.290001,89.793793,923200
2019-05-16,96.000000,97.230003,95.830002,96.910004,90.371979,752500
2019-05-17,96.339996,98.010002,96.339996,97.889999,91.285858,1073700
2019-05-20,98.000000,98.510002,97.459999,97.949997,91.341797,1339500
2019-05-21,97.849998,98.559998,97.379997,97.680000,91.090012,1297700
2019-05-22,97.760002,98.519997,97.389999,98.489998,91.845367,898900
2019-05-23,98.669998,99.370003,98.459999,99.349998,92.647354,927000
2019-05-24,99.349998,99.839996,98.940002,98.989998,92.311638,1188100
2019-05-28,99.019997,99.050003,96.919998,96.930000,90.390617,1670000
2019-05-29,97.120003,97.349998,95.500000,95.660004,89.206306,1868300
2019-05-30,96.040001,96.430000,95.629997,96.160004,89.672569,1968700
2019-05-31,96.269997,97.389999,95.910004,97.070000,90.521172,2995900
2019-06-03,97.269997,98.029999,96.419998,98.019997,91.407082,2241900
2019-06-04,97.949997,97.949997,95.419998,97.440002,90.866211,2572300
2019-06-05,97.839996,100.760002,97.709999,100.239998,93.477310,2699900
2019-06-06,100.339996,101.529999,100.290001,100.980003,94.167381,1691700
2019-06-07,101.900002,102.430000,100.529999,100.599998,93.813019,1876000
2019-06-10,100.290001,100.739998,99.419998,99.849998,93.113617,2335600
2019-06-11,99.519997,100.029999,98.860001,99.500000,92.787231,1728100
2019-06-12,100.239998,101.750000,100.000000,101.309998,94.475121,1628300
2019-06-13,101.389999,101.830002,100.529999,101.019997,94.204689,1353500
2019-06-14,101.260002,102.470001,101.260002,102.040001,95.155884,1429100
2019-06-17,102.220001,102.779999,101.110001,101.760002,94.894768,2088200
2019-06-18,102.190002,102.330002,100.599998,101.300003,94.465797,1038800
2019-06-19,100.809998,102.849998,100.809998,102.480003,95.566193,1353400
2019-06-20,103.000000,103.790001,102.529999,103.440002,96.461418,1763800
2019-06-21,103.500000,104.410004,102.620003,104.260002,97.226105,2815300
2019-06-24,104.320000,104.480003,103.440002,103.690002,96.694550,1264200
2019-06-25,103.470001,103.849998,102.989998,103.239998,96.274918,1818500
2019-06-26,103.220001,103.309998,101.089996,101.209999,94.381859,2325500
2019-06-27,101.400002,102.070000,100.870003,101.660004,94.801514,1153700
2019-06-28,101.510002,103.070000,101.489998,102.930000,95.985825,3015700
2019-07-01,102.809998,102.930000,101.129997,102.000000,95.118568,2360700
2019-07-02,102.470001,104.089996,102.349998,103.690002,96.694550,1863600
2019-07-03,103.790001,105.139999,103.790001,104.540001,97.487221,1454500
2019-07-05,103.489998,104.430000,102.610001,104.339996,97.300690,1159400
2019-07-08,104.459999,104.889999,103.680000,104.370003,97.328682,1470400
2019-07-09,104.269997,104.489998,103.349998,104.239998,97.207451,2149500
2019-07-10,104.660004,105.550003,104.169998,104.669998,97.608437,1193400
2019-07-11,104.330002,105.250000,103.550003,104.449997,97.403282,1317000
2019-07-12,104.709999,104.709999,103.400002,103.870003,96.862419,1107700
2019-07-15,104.129997,104.839996,103.400002,104.839996,97.766960,1612100
2019-07-16,104.699997,104.989998,103.959999,104.879997,97.804276,1250800
2019-07-17,105.300003,105.919998,105.050003,105.540001,98.419746,963000
2019-07-18,105.610001,106.779999,104.959999,106.750000,99.548119,1059900
2019-07-19,106.620003,107.349998,105.589996,105.599998,98.475708,1583400
2019-07-22,106.059998,106.059998,104.989998,105.400002,98.289185,1343500
2019-07-23,105.419998,105.550003,104.669998,104.860001,97.785622,1148800
2019-07-24,105.389999,105.570000,103.889999,104.660004,97.599121,1141900
2019-07-25,104.290001,104.800003,103.470001,104.019997,97.002289,1369800
2019-07-26,104.000000,104.139999,103.309998,103.690002,96.694550,2150200
2019-07-29,104.000000,104.959999,103.680000,104.940002,97.860237,1006600
2019-07-30,104.750000,104.970001,103.300003,103.879997,96.871727,1031100
2019-07-31,104.900002,106.070000,104.610001,105.620003,98.494354,3236100
2019-08-01,105.160004,107.809998,105.160004,106.959999,99.743942,1681800
2019-08-02,107.019997,107.540001,106.190002,106.720001,99.520142,1130800
2019-08-05,107.000000,107.449997,104.449997,104.910004,97.832245,1236300
2019-08-06,104.980003,106.949997,103.919998,106.550003,99.361618,1372300
2019-08-07,105.949997,106.720001,104.339996,105.919998,99.624962,1295400
2019-08-08,105.839996,107.529999,105.470001,107.040001,100.678406,901800
2019-08-09,107.209999,107.959999,106.930000,107.430000,101.045219,1305600
2019-08-12,107.500000,108.230003,107.169998,107.739998,101.336792,982800
2019-08-13,107.830002,108.250000,106.970001,107.820000,101.412041,1028900
2019-08-14,108.129997,108.529999,106.599998,107.000000,100.640785,955700
2019-08-15,107.019997,109.400002,104.959999,109.000000,102.521919,1515700
2019-08-16,109.059998,109.650002,108.790001,109.190002,102.700623,905200
2019-08-19,109.250000,110.339996,108.580002,109.790001,103.264969,989500
2019-08-20,110.400002,110.559998,109.459999,110.209999,103.659996,1312300
2019-08-21,110.160004,111.680000,109.949997,111.669998,105.033226,996300
2019-08-22,111.680000,111.779999,110.550003,111.309998,104.694626,1050600
2019-08-23,111.410004,112.120003,109.330002,109.839996,103.311981,1299500
2019-08-26,110.040001,111.559998,110.040001,111.540001,104.910965,833700
2019-08-27,112.040001,112.580002,111.580002,112.099998,105.437675,918000
2019-08-28,112.339996,112.599998,111.500000,112.320000,105.644592,946200
2019-08-29,112.779999,113.199997,111.959999,113.019997,106.303001,758100
2019-08-30,113.260002,113.459999,112.389999,112.839996,106.133690,890600
2019-09-03,113.089996,115.309998,112.849998,115.180000,108.334625,2036600
2019-09-04,115.440002,115.900002,114.709999,115.570000,108.701447,882800
2019-09-05,114.739998,115.180000,113.589996,114.500000,107.695045,1788200
2019-09-06,114.139999,114.639999,113.410004,113.550003,106.801491,1780700
2019-09-09,113.900002,113.919998,112.300003,112.589996,105.898552,1414300
2019-09-10,112.300003,112.320000,111.099998,112.250000,105.578758,1433100
2019-09-11,112.250000,113.199997,111.660004,112.910004,106.199547,1378200
2019-09-12,113.830002,114.720001,112.940002,113.889999,107.121292,1066700
2019-09-13,113.269997,114.110001,112.720001,113.519997,106.773285,1325100
2019-09-16,113.669998,113.860001,112.769997,113.529999,106.782684,1030500
2019-09-17,114.099998,115.199997,113.959999,114.459999,107.657417,1064800
2019-09-18,114.870003,115.129997,113.849998,114.650002,107.836121,1037300
2019-09-19,115.250000,115.279999,114.440002,115.080002,108.240570,1126700
2019-09-20,115.930000,116.570000,114.629997,115.209999,108.362831,4099200
2019-09-23,115.309998,115.830002,114.699997,115.629997,108.757881,1242500
2019-09-24,116.059998,117.489998,116.019997,117.089996,110.131104,1452400
2019-09-25,116.870003,117.180000,116.129997,116.879997,109.933586,1189100
2019-09-26,117.199997,118.099998,116.940002,117.550003,110.563774,1095200
2019-09-27,117.669998,117.790001,116.589996,117.500000,110.516739,863000
2019-09-30,117.430000,118.339996,117.139999,117.360001,110.385056,1134700
2019-10-01,117.040001,117.389999,116.389999,117.320000,110.347435,755700
2019-10-02,117.279999,117.699997,116.000000,116.449997,109.529129,1064500
2019-10-03,116.680000,116.970001,116.010002,116.500000,109.576180,1224400
2019-10-04,116.769997,118.860001,116.419998,118.769997,111.711266,1126400
2019-10-07,118.320000,118.430000,117.650002,117.790001,110.789505,1096400
2019-10-08,117.989998,118.529999,117.239998,117.620003,110.629608,1427100
2019-10-09,117.660004,118.550003,117.620003,118.059998,111.043449,890200
2019-10-10,117.650002,118.209999,116.900002,117.790001,110.789505,731400
2019-10-11,117.730003,118.019997,116.779999,117.230003,110.262787,794500
2019-10-14,117.500000,117.860001,116.269997,116.610001,109.679634,776300
2019-10-15,116.610001,117.110001,115.510002,115.550003,108.682640,966200
2019-10-16,115.470001,116.059998,114.839996,116.040001,109.143517,1459900
2019-10-17,118.559998,119.169998,116.589996,117.279999,110.309822,2888400
2019-10-18,116.989998,118.430000,116.839996,118.150002,111.128113,1524400
2019-10-21,117.930000,119.160004,117.910004,119.019997,111.946404,1326100
2019-10-22,119.290001,119.849998,119.010002,119.410004,112.313240,1222700
2019-10-23,119.680000,120.690002,119.430000,120.650002,113.479538,1878000
2019-10-24,120.519997,121.449997,120.519997,121.250000,114.043869,994200
2019-10-25,121.410004,121.410004,119.739998,120.269997,113.122108,1526200
2019-10-28,119.580002,119.989998,117.970001,118.120003,111.099899,2920100
2019-10-29,118.500000,119.040001,118.019997,119.040001,111.965225,1542100
2019-10-30,118.949997,121.620003,118.260002,121.559998,114.335434,1717500
2019-10-31,121.440002,121.750000,120.519997,121.480003,114.260208,1577200
2019-11-01,121.599998,122.089996,119.459999,119.660004,112.548370,1728000
2019-11-04,119.529999,119.660004,118.040001,118.589996,111.541954,1801100
2019-11-05,117.980003,118.559998,116.529999,116.580002,109.651413,1755100
2019-11-06,115.970001,116.550003,115.629997,116.349998,110.315109,1918600
2019-11-07,115.879997,116.120003,113.839996,114.730003,108.779129,2173900
2019-11-08,114.589996,115.050003,113.620003,114.900002,108.940323,1395200
2019-11-11,114.970001,115.300003,113.959999,114.089996,108.172325,1203600
2019-11-12,114.309998,114.989998,113.849998,114.860001,108.902397,1463100
2019-11-13,115.339996,117.650002,115.339996,117.519997,111.424431,2318300
2019-11-14,117.669998,118.360001,116.779999,116.889999,110.827103,1215200
2019-11-15,116.919998,117.000000,115.779999,116.709999,110.656433,1308300
2019-11-18,117.000000,118.110001,116.709999,116.889999,110.827103,1139500
2019-11-19,116.589996,117.050003,115.650002,116.190002,110.163414,1116200
2019-11-20,116.379997,117.099998,116.000000,117.059998,110.988281,1131900
2019-11-21,116.940002,117.349998,115.309998,115.900002,109.888451,1995200
2019-11-22,116.230003,116.470001,115.250000,115.720001,109.717796,1223200
2019-11-25,115.730003,116.430000,115.230003,115.379997,109.395424,1171900
2019-11-26,115.519997,116.500000,115.180000,116.470001,110.428886,2332300
2019-11-27,116.550003,117.160004,116.160004,116.919998,110.855537,746700
2019-11-29,116.820000,117.309998,115.940002,116.389999,110.353035,750400
2019-12-02,115.949997,116.269997,115.050003,115.980003,109.964310,1813100
2019-12-03,116.800003,117.699997,116.220001,116.919998,110.855537,1537900
2019-12-04,116.709999,118.580002,116.709999,118.110001,111.983826,1560100
2019-12-05,117.919998,118.500000,117.589996,118.419998,112.277740,1059400
2019-12-06,118.029999,118.720001,117.690002,118.089996,111.964859,869400
2019-12-09,118.489998,118.489998,117.459999,118.180000,112.050186,1445200
2019-12-10,118.180000,118.330002,117.320000,117.669998,111.566635,1080400
2019-12-11,117.870003,118.550003,117.650002,118.180000,112.050186,1636600
2019-12-12,117.949997,118.150002,116.480003,116.919998,110.855537,1861300
2019-12-13,116.769997,118.339996,115.720001,118.300003,112.163971,1944600
2019-12-16,117.599998,119.120003,117.180000,119.120003,112.941437,2597500
2019-12-17,119.250000,120.320000,118.570000,118.820000,112.656990,1729300
2019-12-18,119.019997,119.779999,118.260002,119.660004,113.453430,2033900
2019-12-19,119.419998,120.029999,119.010002,119.510002,113.311211,927300
2019-12-20,119.889999,120.349998,119.059998,120.169998,113.936966,3620300
2019-12-23,120.050003,120.349998,118.320000,118.570000,112.419960,2268400
2019-12-24,119.120003,119.660004,118.599998,119.440002,113.244843,667900
2019-12-26,119.309998,119.809998,118.889999,119.519997,113.320686,1339300
2019-12-27,119.519997,119.889999,119.180000,119.860001,113.643051,637300
2019-12-30,119.370003,119.570000,118.750000,119.279999,113.093132,722100
2019-12-31,119.339996,119.849998,118.970001,119.800003,113.586159,1045400
2020-01-02,119.830002,119.830002,117.459999,117.930000,111.813156,1453100
2020-01-03,117.709999,118.839996,117.410004,118.730003,112.571663,1422900
2020-01-06,118.989998,119.889999,118.599998,119.150002,112.969879,1527900
2020-01-07,118.629997,119.589996,118.300003,119.129997,112.950912,1018900
2020-01-08,119.559998,119.589996,118.690002,118.959999,112.789742,867500
2020-01-09,118.860001,120.290001,118.559998,120.260002,114.022308,819600
2020-01-10,120.580002,121.239998,120.379997,120.610001,114.354156,1058100
2020-01-13,120.589996,122.180000,120.589996,121.519997,115.216957,1917500
2020-01-14,121.440002,121.879997,120.629997,121.580002,115.273834,1127500
2020-01-15,122.050003,123.919998,121.830002,123.739998,117.321808,1235400
2020-01-16,123.839996,124.989998,123.730003,124.949997,118.469040,1130000
2020-01-17,125.089996,126.430000,124.919998,126.309998,119.758492,1054100
2020-01-21,126.440002,127.430000,125.989998,127.360001,120.754044,1110800
2020-01-22,128.000000,128.479996,127.419998,127.889999,121.256546,895900
2020-01-23,127.900002,130.029999,127.570000,129.949997,123.209702,1278300
2020-01-24,129.800003,131.190002,129.779999,130.729996,123.949242,875000
2020-01-27,130.669998,131.490005,129.080002,129.550003,122.830460,1134900
2020-01-28,129.630005,130.259995,128.710007,129.990005,123.247627,1165400
2020-01-29,130.130005,130.750000,129.419998,130.550003,123.778580,885300
2020-01-30,130.500000,131.789993,130.020004,131.720001,124.887909,769700
2020-01-31,131.699997,132.020004,130.669998,131.520004,124.698265,2408300
2020-02-03,131.910004,132.389999,131.449997,132.190002,125.333511,834400
2020-02-04,132.139999,132.880005,130.419998,130.559998,123.788063,953600
2020-02-05,130.369995,131.500000,130.080002,130.559998,123.788063,1361300
2020-02-06,130.630005,131.679993,130.619995,131.410004,124.593971,1127300
2020-02-07,131.800003,132.570007,131.699997,131.940002,125.096489,1371600
2020-02-10,132.139999,132.929993,131.699997,132.889999,125.997208,696700
2020-02-11,133.070007,133.830002,132.580002,132.889999,125.997208,1035300
2020-02-12,131.279999,132.190002,130.559998,131.559998,125.615265,915700
2020-02-13,131.669998,133.500000,131.179993,133.240005,127.219368,738500
2020-02-14,133.639999,134.490005,133.080002,134.130005,128.069153,1639000
2020-02-18,134.710007,135.460007,133.850006,134.779999,128.689774,1455200
2020-02-19,135.000000,135.550003,132.899994,133.089996,127.076134,1633100
2020-02-20,133.020004,133.080002,130.839996,131.449997,125.510262,1933700
2020-02-21,131.369995,132.089996,129.779999,129.960007,124.087578,2846300
2020-02-24,129.770004,131.080002,129.270004,129.740005,123.877518,1559600
2020-02-25,129.839996,130.000000,125.790001,126.300003,120.592964,1599200
2020-02-26,126.260002,127.220001,125.599998,125.650002,119.972328,1529900
2020-02-27,125.290001,125.489998,120.690002,120.800003,115.341484,2554300
2020-02-28,118.779999,118.779999,113.889999,116.910004,111.627258,2735500
2020-03-02,117.400002,124.379997,116.900002,124.120003,118.511475,1957000
2020-03-03,124.480003,126.739998,121.089996,121.889999,116.382225,1980000
2020-03-04,123.610001,128.750000,123.610001,128.360001,122.559868,1506000
2020-03-05,126.050003,128.160004,124.430000,127.459999,121.700546,2200000
2020-03-06,123.959999,125.000000,120.449997,124.279999,118.664230,1877600
2020-03-09,118.180000,118.919998,114.010002,115.400002,110.185493,3271700
2020-03-10,117.360001,119.570000,113.660004,119.290001,113.899719,2819900
2020-03-11,116.360001,116.610001,109.529999,111.620003,106.576302,1765400
2020-03-12,105.440002,107.430000,98.449997,101.639999,97.047256,2872200
2020-03-13,106.639999,107.279999,96.620003,102.930000,98.278961,2675200
2020-03-16,94.580002,96.040001,85.839996,86.739998,82.820526,3435000
2020-03-17,88.709999,99.849998,87.389999,99.620003,95.118538,3471000
2020-03-18,93.699997,95.430000,79.510002,86.410004,82.505440,4108800
2020-03-19,85.599998,88.160004,77.589996,84.050003,80.252090,2802100
2020-03-20,85.720001,89.580002,79.070000,79.989998,76.375526,2493800
2020-03-23,78.959999,82.500000,75.190002,78.180000,74.647324,2180200
2020-03-24,81.610001,87.250000,79.599998,86.330002,82.429062,1860500
2020-03-25,86.059998,92.989998,83.769997,88.959999,84.940224,1922000
2020-03-26,89.629997,98.070000,89.120003,96.709999,92.340019,1672700
2020-03-27,92.760002,100.599998,92.400002,97.339996,92.941551,1835600
2020-03-30,98.370003,101.190002,95.320000,100.070000,95.548195,1826000
2020-03-31,98.709999,100.040001,93.309998,93.970001,89.723839,2620300
2020-04-01,89.970001,91.699997,84.150002,85.580002,81.712944,1530500
2020-04-02,83.449997,89.650002,82.809998,88.199997,84.214546,2065000
2020-04-03,87.199997,89.160004,82.940002,83.379997,79.612358,2375900
2020-04-06,87.410004,93.989998,86.169998,93.000000,88.797668,1300200
2020-04-07,96.099998,96.669998,92.639999,93.650002,89.418289,1360300
2020-04-08,93.820000,101.570000,93.820000,100.519997,95.977859,1430000
2020-04-09,102.080002,107.220001,101.629997,102.910004,98.259872,1497400
2020-04-13,101.660004,101.660004,97.139999,97.889999,93.466713,1762900
2020-04-14,99.910004,101.300003,98.809998,100.660004,96.111534,1104600
2020-04-15,97.820000,99.150002,96.860001,97.309998,92.912910,1414600
2020-04-16,97.559998,98.209999,95.440002,97.160004,92.769691,1727100
2020-04-17,99.010002,101.779999,98.160004,101.269997,96.693970,1320900
2020-04-20,99.830002,100.099998,95.830002,96.449997,92.091774,1220800
2020-04-21,94.709999,96.129997,93.290001,94.660004,90.382660,1257500
2020-04-22,96.550003,100.160004,95.330002,99.480003,94.984871,1771900
2020-04-23,99.410004,100.339996,96.830002,96.970001,92.588280,1179700
2020-04-24,97.089996,98.160004,95.680000,97.529999,93.122971,1538100
2020-04-27,99.750000,102.360001,99.430000,101.309998,96.732170,1905800
2020-04-28,103.550003,104.959999,99.070000,99.669998,95.166275,1135600
2020-04-29,101.760002,101.760002,98.209999,98.379997,93.934563,986700
2020-04-30,97.930000,98.000000,93.970001,95.510002,91.194252,1497500
2020-05-01,94.559998,94.559998,92.099998,93.570000,89.341911,987500
2020-05-04,93.370003,96.019997,92.260002,95.419998,91.108315,1222000
2020-05-05,95.000000,99.610001,95.000000,96.750000,92.378220,1353600
2020-05-06,96.250000,96.480003,92.239998,92.669998,89.341354,1038800
2020-05-07,93.480003,94.989998,92.620003,92.769997,89.437759,1185300
2020-05-08,94.010002,95.660004,92.919998,95.010002,91.597313,1627000
2020-05-11,96.769997,97.169998,93.720001,96.220001,92.763840,2678800
2020-05-12,96.239998,96.720001,94.669998,96.000000,92.551750,2433200
2020-05-13,95.290001,96.000000,93.300003,94.110001,90.729637,2299600
2020-05-14,92.940002,95.180000,90.989998,94.940002,91.529831,1573900
2020-05-15,94.449997,95.470001,92.500000,94.980003,91.568390,2871200
2020-05-18,97.680000,100.459999,97.510002,99.419998,95.848892,1264300
2020-05-19,98.940002,99.320000,96.559998,96.559998,93.091629,842000
2020-05-20,97.570000,98.529999,96.860001,97.589996,94.084633,751400
2020-05-21,97.510002,98.320000,97.199997,97.629997,94.123199,1129200
2020-05-22,97.550003,98.239998,97.059998,97.959999,94.441345,955500
2020-05-26,100.290001,101.250000,99.529999,99.739998,96.157410,1121000
2020-05-27,101.330002,101.480003,98.269997,99.470001,95.897110,812000
2020-05-28,100.949997,103.379997,100.410004,103.070000,99.367798,1201900
2020-05-29,102.750000,103.120003,100.970001,101.820000,98.162697,1820300
2020-06-01,101.620003,103.800003,101.250000,102.680000,98.991814,943200
2020-06-02,102.720001,103.580002,101.480003,103.529999,99.811279,1178700
2020-06-03,104.110001,105.279999,103.629997,104.040001,100.302956,972500
2020-06-04,103.389999,103.699997,100.050003,101.230003,97.593903,1039000
2020-06-05,103.820000,106.480003,103.089996,103.730003,100.004105,1058700
2020-06-08,103.800003,106.300003,103.120003,105.889999,102.086510,1133000
2020-06-09,104.489998,104.540001,102.519997,103.339996,99.628105,1001400
2020-06-10,103.809998,104.269997,101.779999,102.190002,98.519409,1092900
2020-06-11,100.010002,100.080002,95.989998,96.769997,93.294090,1499200
2020-06-12,98.750000,98.820000,94.730003,96.419998,92.956665,1690000
2020-06-15,94.339996,97.629997,93.269997,97.190002,93.699005,1421600
2020-06-16,100.059998,100.650002,97.080002,97.919998,94.402786,1132200
2020-06-17,98.839996,99.019997,95.830002,97.070000,93.583321,1101100
2020-06-18,96.480003,97.660004,95.589996,97.500000,93.997871,1212500
2020-06-19,99.059998,99.059998,94.209999,94.519997,91.124901,4296200
2020-06-22,94.349998,97.550003,93.489998,96.970001,93.486908,1621400
2020-06-23,97.900002,97.980003,94.959999,95.000000,91.587669,1709500
2020-06-24,94.059998,94.400002,91.919998,93.510002,90.151199,1216200
2020-06-25,93.400002,93.400002,91.099998,92.360001,89.042496,1583600
2020-06-26,92.360001,93.980003,91.080002,91.660004,88.367645,1973200
2020-06-29,92.449997,93.790001,91.040001,93.769997,90.401848,823100
2020-06-30,93.839996,94.639999,93.080002,93.809998,90.440407,1060200
2020-07-01,93.769997,97.150002,93.739998,96.720001,93.245888,932800
2020-07-02,97.910004,98.669998,96.510002,96.860001,93.380852,877300
2020-07-06,97.839996,98.699997,95.099998,96.400002,92.937378,643900
2020-07-07,95.510002,96.510002,94.949997,95.849998,92.407135,928700
2020-07-08,95.870003,97.300003,95.269997,96.900002,93.419426,1316100
2020-07-09,97.199997,97.199997,93.800003,96.449997,92.985588,1372900
2020-07-10,96.099998,98.330002,96.099998,98.150002,94.624527,787800
2020-07-13,98.199997,98.599998,95.839996,96.339996,92.879532,1314600
2020-07-14,96.400002,98.279999,96.330002,97.629997,94.123199,1345900
2020-07-15,99.059998,99.269997,96.010002,96.239998,92.783119,1584000
2020-07-16,96.510002,98.650002,96.099998,98.330002,94.798058,1084400
2020-07-17,99.059998,100.540001,98.580002,100.440002,96.832268,899600
2020-07-20,100.000000,100.220001,98.120003,98.389999,94.855904,744400
2020-07-21,100.190002,100.379997,98.709999,99.550003,95.974236,1162700
2020-07-22,99.300003,103.830002,98.430000,103.129997,99.425636,2140300
2020-07-23,103.220001,104.959999,102.660004,104.019997,100.283676,1085800
2020-07-24,104.180000,104.970001,101.949997,102.660004,98.972534,884400
2020-07-27,102.410004,102.410004,100.750000,101.730003,98.075935,740300
2020-07-28,101.250000,103.410004,101.250000,102.669998,98.982162,965700
2020-07-29,103.489998,105.410004,102.440002,104.129997,100.389725,1447900
2020-07-30,103.099998,104.870003,102.599998,104.639999,100.881401,967800
2020-07-31,104.040001,105.269997,103.709999,105.129997,101.353806,1686100
2020-08-03,105.129997,105.300003,102.250000,102.620003,98.933968,940500
2020-08-04,102.500000,104.099998,102.190002,103.160004,99.454575,724000
2020-08-05,103.400002,103.500000,100.330002,100.360001,96.755135,1164700
2020-08-06,100.269997,102.339996,100.000000,102.290001,98.615814,887400
2020-08-07,102.029999,104.800003,102.029999,104.669998,100.910332,850600
2020-08-10,105.139999,105.959999,104.510002,105.699997,101.903328,739700
2020-08-11,105.879997,106.550003,101.720001,102.110001,98.442276,1534900
2020-08-12,101.629997,103.000000,100.910004,101.650002,98.899567,1154500
2020-08-13,101.190002,101.889999,100.500000,101.730003,98.977402,616800
2020-08-14,101.529999,102.160004,100.209999,100.930000,98.199051,721000
2020-08-17,100.959999,102.050003,100.290001,100.599998,97.877975,1091200
2020-08-18,100.730003,101.010002,98.930000,100.099998,97.391502,783900
2020-08-19,100.239998,100.519997,98.919998,98.989998,96.311539,612200
2020-08-20,98.440002,98.900002,96.919998,97.709999,95.066177,866700
2020-08-21,98.129997,98.239998,96.769997,98.129997,95.474800,921800
2020-08-24,98.500000,98.849998,97.169998,98.639999,95.971008,753000
2020-08-25,99.059998,99.059998,97.419998,97.820000,95.173203,793800
2020-08-26,97.260002,97.349998,96.180000,96.250000,93.645676,1157200
2020-08-27,96.709999,97.529999,95.559998,97.260002,94.628349,1165600
2020-08-28,97.459999,99.110001,96.809998,98.959999,96.282356,1196500
2020-08-31,98.639999,99.629997,98.410004,99.139999,96.457481,1196100
2020-09-01,98.949997,98.959999,97.010002,97.690002,95.046715,904800
2020-09-02,97.720001,101.089996,97.309998,100.480003,97.761223,864300
2020-09-03,100.910004,101.500000,96.980003,98.000000,95.348328,1681500
2020-09-04,98.550003,98.720001,96.790001,97.900002,95.251038,987500
2020-09-08,97.790001,98.559998,96.050003,97.949997,95.299683,1261000
2020-09-09,98.349998,99.870003,98.269997,98.370003,95.708321,850000
2020-09-10,98.029999,98.510002,95.760002,95.849998,93.256500,1005400
2020-09-11,95.949997,95.949997,94.669998,95.449997,92.867325,1486700
2020-09-14,96.080002,97.419998,95.900002,96.720001,94.102959,749400
2020-09-15,97.379997,98.480003,96.029999,96.540001,93.927834,853400
2020-09-16,96.300003,97.620003,96.120003,96.839996,94.219704,1078800
2020-09-17,96.099998,97.769997,95.080002,97.629997,94.988342,1360200
2020-09-18,97.430000,97.889999,95.339996,95.430000,92.847862,1700600
2020-09-21,94.529999,95.970001,93.290001,94.830002,92.264099,1387200
2020-09-22,94.820000,97.870003,94.559998,97.279999,94.647812,1573500
2020-09-23,97.339996,97.660004,95.080002,95.169998,92.594902,1282300
2020-09-24,94.879997,96.269997,93.639999,95.779999,93.188393,1088800
2020-09-25,95.379997,97.040001,95.029999,96.980003,94.355934,801200
2020-09-28,97.599998,98.019997,96.540001,96.680000,94.064041,940000
2020-09-29,96.949997,97.279999,95.150002,95.779999,93.188393,825600
2020-09-30,96.599998,98.949997,96.510002,98.529999,95.863991,1651400
2020-10-01,98.820000,101.349998,98.669998,101.279999,98.539574,1634900
2020-10-02,100.500000,104.220001,100.169998,103.650002,100.845451,2321000
2020-10-05,103.419998,105.059998,102.339996,104.809998,101.974060,1145200
2020-10-06,105.250000,107.860001,104.650002,106.050003,103.180519,1541100
2020-10-07,106.900002,107.000000,104.250000,104.699997,101.867035,1572600
2020-10-08,105.110001,107.379997,104.930000,107.209999,104.309120,885900
2020-10-09,107.300003,107.360001,105.139999,105.849998,102.985924,948000
2020-10-12,105.970001,106.730003,105.410004,106.199997,103.326454,1186100
2020-10-13,105.449997,106.849998,105.089996,106.480003,103.598885,1312500
2020-10-14,106.540001,107.370003,104.830002,105.760002,102.898361,1103800
2020-10-15,104.750000,106.269997,104.269997,105.320000,102.470261,844900
2020-10-16,105.430000,107.059998,104.800003,106.669998,103.783737,1107000
2020-10-19,106.330002,107.330002,105.120003,105.339996,102.489723,1162900
2020-10-20,105.919998,106.980003,105.169998,106.220001,103.345917,1131200
2020-10-21,105.720001,108.209999,105.709999,106.860001,103.968590,1186500
2020-10-22,107.010002,108.339996,106.050003,108.040001,105.116669,983300
2020-10-23,108.750000,109.459999,107.809998,108.949997,106.002037,1124100
2020-10-26,107.889999,109.349998,107.349998,109.010002,106.060417,1092900
2020-10-27,108.739998,109.230003,107.000000,107.559998,104.649651,1180200
2020-10-28,105.879997,107.269997,102.589996,102.809998,100.028175,1863300
2020-10-29,102.339996,102.730003,100.760002,101.480003,98.734169,1517300
2020-10-30,101.120003,101.820000,99.059998,101.220001,98.481201,1511600
2020-11-02,102.779999,105.529999,101.309998,105.339996,102.489723,1169900
2020-11-03,106.760002,108.919998,106.059998,108.190002,105.262611,1943300
2020-11-04,107.349998,109.099998,105.510002,105.750000,102.888626,992300
2020-11-05,106.519997,108.589996,106.480003,106.820000,103.929672,725900
2020-11-06,106.629997,107.559998,104.519997,104.910004,102.071365,790400
2020-11-09,109.730003,112.709999,108.940002,109.150002,106.196632,1073800
2020-11-10,108.680000,110.279999,108.150002,109.230003,107.207565,947800
2020-11-11,109.809998,110.129997,108.370003,109.830002,107.796448,909100
2020-11-12,109.080002,109.639999,106.860001,107.750000,105.754967,912200
2020-11-13,108.150002,109.669998,108.150002,109.180000,107.158485,1229800
2020-11-16,112.089996,112.870003,110.269997,112.769997,110.682014,1275300
2020-11-17,112.269997,113.110001,111.690002,111.959999,109.887009,1239800
2020-11-18,112.610001,113.360001,110.099998,110.190002,108.149788,1323000
2020-11-19,110.220001,110.220001,108.360001,108.970001,106.952370,1049000
2020-11-20,108.860001,109.889999,108.370003,108.980003,106.962189,1407200
2020-11-23,109.320000,110.220001,108.480003,109.720001,107.688484,1125900
2020-11-24,110.849998,110.860001,109.739998,110.599998,108.552185,1230800
2020-11-25,110.800003,112.449997,109.690002,112.250000,110.171638,1169200
2020-11-27,112.370003,112.370003,110.489998,111.510002,109.445351,812700
2020-11-30,110.980003,110.980003,108.230003,108.849998,106.834587,2379400
2020-12-01,109.680000,111.080002,108.720001,108.849998,106.834587,1092700
2020-12-02,108.269997,108.779999,106.300003,108.610001,106.599037,1641300
2020-12-03,108.019997,108.379997,106.180000,106.639999,104.665512,1175600
2020-12-04,106.949997,107.389999,105.639999,106.730003,104.753853,924100
2020-12-07,105.839996,107.699997,105.389999,106.610001,104.636070,922600
2020-12-08,105.739998,106.750000,105.269997,105.290001,103.340508,1058900
2020-12-09,105.730003,106.139999,103.750000,104.459999,102.525871,1644400
2020-12-10,104.459999,105.099998,102.970001,103.260002,101.348099,1480000
2020-12-11,102.940002,103.430000,102.099998,102.779999,100.876984,1130600
2020-12-14,103.190002,104.410004,101.269997,101.410004,99.532349,1032000
2020-12-15,101.760002,103.050003,100.449997,102.580002,100.680687,1640200
2020-12-16,102.379997,103.430000,100.430000,100.500000,98.639198,1533600
2020-12-17,100.980003,101.980003,100.300003,100.559998,98.698082,1185800
2020-12-18,100.510002,100.879997,99.370003,100.019997,98.168083,2211500
2020-12-21,99.089996,99.139999,96.580002,97.019997,95.223625,1284100
2020-12-22,97.209999,97.209999,95.480003,96.010002,94.232338,1222400
2020-12-23,96.599998,97.360001,95.440002,95.470001,93.702332,1307400
2020-12-24,95.599998,95.750000,94.699997,95.349998,93.584549,616100
2020-12-28,95.650002,96.220001,95.150002,95.660004,93.888817,1271800
2020-12-29,96.220001,97.190002,96.199997,96.739998,94.948814,2265000
2020-12-30,96.620003,98.949997,96.379997,98.639999,96.813637,1269300
2020-12-31,98.349998,99.970001,97.669998,99.839996,97.991417,992300
2021-01-04,99.820000,100.080002,97.529999,98.010002,96.195305,1458000
2021-01-05,98.309998,98.699997,96.510002,96.699997,94.909554,1629200
2021-01-06,97.570000,98.809998,96.940002,98.230003,96.411232,1486700
2021-01-07,98.209999,98.570000,94.779999,94.839996,93.083992,1612600
2021-01-08,94.879997,95.540001,94.120003,95.489998,93.721954,1333800
2021-01-11,95.010002,95.870003,93.739998,94.389999,92.642326,1033900
2021-01-12,93.930000,94.300003,91.779999,92.699997,90.983612,1379000
2021-01-13,92.860001,93.760002,92.029999,93.650002,91.916031,1864500
2021-01-14,94.360001,94.480003,92.830002,94.000000,92.259544,1885400
2021-01-15,93.750000,95.669998,93.059998,95.250000,93.486404,1783700
2021-01-19,95.250000,95.930000,94.650002,95.120003,93.358810,1681000
2021-01-20,94.400002,95.220001,94.279999,94.720001,92.966217,1128300
2021-01-21,94.800003,95.029999,93.629997,93.669998,91.935654,1171700
2021-01-22,93.309998,94.290001,92.129997,93.970001,92.230110,1173800
2021-01-25,93.400002,95.500000,93.190002,94.750000,92.995667,1734600
2021-01-26,95.040001,95.449997,94.260002,94.690002,92.936775,1582500
2021-01-27,93.919998,95.080002,92.589996,93.610001,91.876770,2305500
2021-01-28,93.610001,97.089996,93.610001,95.870003,94.094925,1938800
2021-01-29,95.279999,96.320000,94.389999,95.330002,93.564926,2573300
2021-02-01,95.309998,96.330002,94.550003,95.150002,93.388260,1924100
2021-02-02,95.550003,97.480003,94.760002,95.830002,94.055664,1276200
2021-02-03,95.769997,96.290001,94.790001,94.889999,93.133072,984100
2021-02-04,95.059998,97.070000,94.589996,96.470001,94.683823,1262000
2021-02-05,97.000000,97.800003,96.470001,96.629997,94.840851,823900
2021-02-08,96.339996,96.459999,94.309998,94.470001,92.720848,1150900
2021-02-09,95.160004,95.279999,93.779999,95.000000,93.241028,780600
2021-02-10,95.769997,96.410004,94.849998,96.010002,94.232338,1247500
2021-02-11,95.269997,95.589996,94.279999,94.639999,93.815987,1507100
2021-02-12,94.650002,95.190002,94.080002,94.889999,94.063812,1107600
2021-02-16,94.889999,95.000000,93.690002,93.750000,92.933739,1152400
2021-02-17,93.970001,94.190002,92.529999,93.190002,92.378616,811000
2021-02-18,93.389999,94.410004,92.970001,93.930000,93.112167,835000
2021-02-19,94.000000,94.199997,92.900002,93.180000,92.368698,1326700
2021-02-22,93.389999,93.860001,88.709999,89.080002,88.304398,3412000
2021-02-23,89.730003,91.279999,89.279999,91.160004,90.366287,1664100
2021-02-24,91.150002,92.550003,89.610001,89.970001,89.186653,1751100
2021-02-25,89.510002,90.190002,87.129997,88.040001,87.273453,1449700
2021-02-26,88.279999,89.019997,86.800003,86.809998,86.054161,1710100
2021-03-01,87.930000,89.889999,87.669998,87.760002,86.995895,1795700
2021-03-02,87.800003,89.370003,87.110001,88.760002,87.987183,1746800
2021-03-03,88.389999,88.669998,86.379997,87.430000,86.668762,1712100
2021-03-04,87.599998,88.269997,85.779999,87.589996,86.827370,2269300
2021-03-05,87.570000,89.739998,87.209999,89.129997,88.353958,2132600
2021-03-08,88.830002,90.720001,88.190002,90.160004,89.375000,2562700
2021-03-09,90.510002,91.190002,89.059998,90.750000,89.959854,1840100
2021-03-10,90.900002,94.610001,90.589996,94.440002,93.617729,2693800
2021-03-11,93.870003,95.510002,93.339996,93.349998,92.537216,1573500
2021-03-12,94.110001,95.989998,93.430000,95.760002,94.926239,1090300
2021-03-15,96.000000,98.230003,96.000000,98.129997,97.275597,1638800
2021-03-16,97.510002,98.980003,97.120003,98.910004,98.048813,1640900
2021-03-17,98.870003,99.839996,98.000000,98.940002,98.078552,1485400
2021-03-18,98.949997,99.550003,97.599998,98.050003,97.196297,1337200
2021-03-19,98.879997,99.660004,96.680000,98.440002,97.582901,4225000
2021-03-22,98.440002,98.440002,96.160004,97.680000,96.829521,1473400
2021-03-23,97.459999,98.779999,96.919998,98.110001,97.255775,1135000
2021-03-24,97.690002,98.839996,97.370003,97.430000,96.581696,1595900
2021-03-25,98.000000,98.720001,96.800003,98.309998,97.454033,1309700
2021-03-26,98.110001,98.879997,97.480003,98.440002,97.582901,718700
2021-03-29,98.110001,99.480003,97.800003,99.160004,98.296638,828400
2021-03-30,98.970001,99.000000,97.459999,98.660004,97.800987,837300
2021-03-31,98.739998,99.669998,98.419998,99.470001,98.603935,1365800
2021-04-01,99.040001,99.790001,98.419998,99.639999,98.772453,941100
2021-04-05,100.000000,101.739998,99.910004,100.529999,99.654701,1082100
2021-04-06,100.279999,101.970001,99.750000,101.900002,101.012779,1279700
2021-04-07,102.000000,102.360001,101.050003,101.720001,100.834343,1690900
2021-04-08,101.900002,102.290001,101.160004,101.279999,100.398170,770300
2021-04-09,101.269997,102.059998,100.769997,101.139999,100.259392,808500
2021-04-12,101.199997,102.300003,101.199997,101.970001,101.082169,745300
2021-04-13,101.139999,103.669998,100.989998,103.410004,102.509636,1110800
2021-04-14,103.209999,104.239998,102.639999,104.180000,103.272926,1004700
2021-04-15,104.000000,105.680000,103.900002,105.589996,104.670647,977500
2021-04-16,106.120003,107.150002,105.779999,106.639999,105.711502,1521200
2021-04-19,107.080002,107.080002,105.919998,106.580002,105.652031,726900
2021-04-20,106.720001,108.440002,106.589996,107.989998,107.049751,716800
2021-04-21,108.389999,108.879997,107.099998,107.680000,106.742455,773600
2021-04-22,107.559998,107.750000,106.580002,106.599998,105.671852,797500
2021-04-23,106.440002,106.919998,105.610001,106.709999,105.780899,1081000
2021-04-26,106.820000,107.120003,106.180000,107.000000,106.068375,1248400
2021-04-27,106.529999,107.320000,106.120003,106.540001,105.612381,1896600
2021-04-28,106.290001,106.949997,105.169998,106.580002,105.652031,2145300
2021-04-29,106.760002,108.949997,106.760002,108.589996,107.644524,1499300
2021-04-30,108.730003,109.430000,108.110001,109.290001,108.338432,1459300
2021-05-03,109.410004,110.339996,109.129997,109.230003,108.278961,915700
2021-05-04,109.480003,109.610001,108.000000,109.110001,108.160004,1325100
2021-05-05,107.599998,107.599998,105.980003,106.940002,106.940002,936600
2021-05-06,107.199997,107.820000,106.239998,107.629997,107.629997,1397700
2021-05-07,107.389999,109.000000,107.389999,108.309998,108.309998,833700
2021-05-10,108.940002,109.800003,108.650002,109.110001,109.110001,960200
2021-05-11,109.080002,109.349998,106.129997,107.029999,107.029999,974400
2021-05-12,106.980003,106.980003,103.849998,103.879997,103.879997,1073000
2021-05-13,104.050003,106.949997,103.879997,106.059998,106.059998,1279400
2021-05-14,106.400002,107.620003,106.400002,107.180000,107.180000,719000
2021-05-17,107.279999,107.489998,105.519997,105.519997,105.519997,1102400
2021-05-18,105.190002,105.980003,104.669998,105.529999,105.529999,1445700
2021-05-19,105.250000,105.480003,103.820000,105.010002,105.010002,865300
2021-05-20,104.900002,106.559998,104.900002,105.739998,105.739998,717300
2021-05-21,106.010002,106.790001,105.610001,106.639999,106.639999,1901500
2021-05-24,106.970001,107.080002,106.150002,106.800003,106.800003,936500
2021-05-25,106.860001,106.860001,105.589996,105.919998,105.919998,908300
2021-05-26,105.889999,106.110001,105.150002,105.330002,105.330002,840800
2021-05-27,105.849998,105.849998,104.769997,104.800003,104.800003,1007500
2021-05-28,105.320000,105.739998,104.750000,105.260002,105.260002,722600