Date,Open,High,Low,Close,Adj Close,Volume
2018-02-05,62.290001,62.290001,57.619999,58.869999,58.869999,2240
2018-02-06,59.500000,59.500000,56.000000,58.000000,58.000000,2400
2018-02-07,59.000000,59.000000,55.000000,56.500000,56.500000,1030
2018-02-08,55.000000,55.990002,50.000000,54.099998,54.099998,1630
2018-02-09,60.000000,60.000000,52.599998,52.799999,52.799999,990
2018-02-12,52.099998,59.900002,52.099998,52.500000,52.500000,1090
2018-02-13,54.500000,54.500000,53.000000,53.500000,53.500000,880
2018-02-14,52.500000,53.500000,52.250000,52.500000,52.500000,960
2018-02-15,54.400002,54.400002,51.500000,52.189999,52.189999,810
2018-02-16,51.500000,57.900002,51.500000,57.900002,57.900002,2650
2018-02-20,57.500000,58.000000,52.880001,52.880001,52.880001,970
2018-02-21,55.000000,55.000000,52.869999,53.500000,53.500000,860
2018-02-22,55.500000,55.500000,52.000000,52.000000,52.000000,420
2018-02-23,53.500000,56.000000,50.500000,56.000000,56.000000,990
2018-02-26,51.599998,55.720001,51.200001,53.099998,53.099998,610
2018-02-27,52.500000,52.500000,52.400002,52.400002,52.400002,210
2018-02-28,51.400002,51.799999,51.299999,51.500000,51.500000,570
2018-03-01,53.220001,53.220001,50.400002,50.400002,50.400002,1150
2018-03-02,50.400002,54.900002,50.400002,51.509998,51.509998,1200
2018-03-05,55.000000,55.000000,50.200001,53.299999,53.299999,1570
2018-03-06,53.000000,53.599998,50.500000,51.000000,51.000000,1440
2018-03-07,50.509998,51.950001,50.000000,50.299999,50.299999,610
2018-03-08,50.500000,54.650002,50.500000,51.799999,51.799999,620
2018-03-09,52.400002,53.500000,51.000000,53.500000,53.500000,3160
2018-03-12,54.599998,54.599998,51.299999,52.900002,52.900002,4780
2018-03-13,52.500000,52.750000,51.200001,51.700001,51.700001,1110
2018-03-14,52.299999,52.299999,51.200001,51.200001,51.200001,950
2018-03-15,51.700001,51.700001,51.200001,51.500000,51.500000,930
2018-03-16,51.200001,51.250000,50.099998,50.200001,50.200001,590
2018-03-19,50.099998,51.000000,50.000000,50.200001,50.200001,940
2018-03-20,50.400002,51.150002,50.000000,50.000000,50.000000,940
2018-03-21,50.330002,50.599998,50.000000,50.150002,50.150002,1550
2018-03-22,50.799999,50.799999,50.000000,50.000000,50.000000,650
2018-03-23,51.500000,51.500000,50.099998,50.500000,50.500000,830
2018-03-26,50.000000,50.799999,50.000000,50.200001,50.200001,870
2018-03-27,50.000000,50.700001,50.000000,50.000000,50.000000,860
2018-03-28,50.900002,52.000000,47.700001,47.700001,47.700001,1990
2018-03-29,48.500000,48.599998,45.000000,45.500000,45.500000,3290
2018-04-02,45.000000,45.799999,45.000000,45.799999,45.799999,510
2018-04-03,45.400002,47.400002,44.000000,46.200001,46.200001,1220
2018-04-04,46.000000,46.000000,42.000000,42.099998,42.099998,610
2018-04-05,42.000000,42.299999,40.000000,40.000000,40.000000,1540
2018-04-06,39.599998,39.599998,32.570000,34.450001,34.450001,2620
2018-04-09,34.000000,42.500000,34.000000,42.500000,42.500000,3370
2018-04-10,50.000000,50.000000,42.400002,42.599998,42.599998,2550
2018-04-11,49.490002,49.490002,42.799999,43.000000,43.000000,2310
2018-04-12,44.000000,44.500000,42.500000,42.500000,42.500000,1180
2018-04-13,42.900002,42.900002,41.000000,41.099998,41.099998,1390
2018-04-16,40.000000,40.500000,38.500000,38.770000,38.770000,610
2018-04-17,39.900002,39.900002,37.799999,37.799999,37.799999,770
2018-04-18,37.700001,40.790001,37.700001,40.200001,40.200001,450
2018-04-19,36.200001,38.799999,36.200001,37.349998,37.349998,1390
2018-04-20,37.500000,39.000000,37.369999,38.299999,38.299999,1540
2018-04-23,38.400002,38.500000,37.200001,37.200001,37.200001,510
2018-04-24,37.099998,38.500000,37.099998,37.200001,37.200001,1040
2018-04-25,37.209999,37.400002,36.900002,36.900002,36.900002,920
2018-04-26,34.099998,36.200001,33.099998,33.500000,33.500000,3170
2018-04-27,33.299999,33.900002,32.209999,33.400002,33.400002,2250
2018-04-30,33.400002,33.400002,33.000000,33.000000,33.000000,450
2018-05-01,35.000000,39.299999,31.430000,39.299999,39.299999,5120
2018-05-02,38.000000,38.000000,33.400002,33.400002,33.400002,1420
2018-05-03,33.599998,34.000000,32.500000,32.500000,32.500000,1200
2018-05-04,32.099998,32.099998,31.700001,31.850000,31.850000,680
2018-05-07,31.600000,31.799999,30.100000,30.100000,30.100000,1520
2018-05-08,30.799999,32.000000,30.299999,30.299999,30.299999,480
2018-05-09,30.700001,30.700001,30.000000,30.200001,30.200001,390
2018-05-10,30.600000,30.900000,30.500000,30.500000,30.500000,1080
2018-05-11,30.799999,31.200001,30.799999,31.000000,31.000000,630
2018-05-14,31.000000,31.200001,30.500000,30.500000,30.500000,550
2018-05-15,30.350000,30.400000,30.200001,30.200001,30.200001,190
2018-05-16,31.000000,31.000000,30.200001,30.200001,30.200001,1310
2018-05-17,30.150000,30.299999,30.150000,30.200001,30.200001,520
2018-05-18,30.299999,30.299999,30.000000,30.190001,30.190001,760
2018-05-21,30.100000,30.200001,30.000000,30.000000,30.000000,530
2018-05-22,29.799999,29.799999,29.100000,29.100000,29.100000,30
2018-05-23,29.680000,30.389999,29.400000,30.200001,30.200001,3450
2018-05-24,33.599998,34.500000,28.000000,28.000000,28.000000,4220
2018-05-25,28.000000,28.740000,27.950001,28.000000,28.000000,1970
2018-05-29,29.700001,29.700001,27.700001,27.700001,27.700001,810
2018-05-30,27.840000,28.000000,27.549999,27.790001,27.790001,1000
2018-05-31,29.400000,29.400000,27.900000,28.000000,28.000000,1220
2018-06-01,28.100000,29.889999,28.000000,29.100000,29.100000,2100
2018-06-04,29.500000,32.000000,29.500000,29.600000,29.600000,1020
2018-06-05,29.690001,29.690001,28.500000,28.700001,28.700001,120
2018-06-06,28.600000,29.900000,28.600000,28.799999,28.799999,370
2018-06-07,29.500000,29.500000,28.700001,28.700001,28.700001,790
2018-06-08,28.100000,28.500000,28.000000,28.000000,28.000000,810
2018-06-11,27.600000,27.900000,26.750000,27.900000,27.900000,1670
2018-06-12,27.700001,27.799999,25.600000,25.600000,25.600000,1050
2018-06-13,26.100000,28.540001,26.000000,27.900000,27.900000,1210
2018-06-14,27.000000,27.500000,27.000000,27.000000,27.000000,1210
2018-06-15,27.000000,27.100000,25.799999,25.799999,25.799999,1040
2018-06-18,29.200001,29.200001,25.100000,25.600000,25.600000,3130
2018-06-19,25.700001,26.299999,25.100000,25.200001,25.200001,2100
2018-06-20,25.870001,27.900000,25.799999,25.799999,25.799999,580
2018-06-21,26.950001,26.950001,26.799999,26.900000,26.900000,830
2018-06-22,27.000000,27.400000,26.799999,26.900000,26.900000,380
2018-06-25,27.000000,27.139999,26.420000,26.420000,26.420000,1160
2018-06-26,26.400000,31.000000,26.400000,27.500000,27.500000,3400
2018-06-27,27.500000,28.799999,27.500000,28.000000,28.000000,820
2018-06-28,30.760000,30.760000,27.940001,29.799999,29.799999,340
2018-06-29,31.000000,31.100000,26.330000,28.000000,28.000000,3820
2018-07-02,28.500000,28.500000,26.299999,26.299999,26.299999,1080
2018-07-03,28.500000,29.000000,26.600000,27.000000,27.000000,1470
2018-07-05,27.900000,27.900000,26.200001,26.500000,26.500000,950
2018-07-06,26.500000,26.900000,26.400000,26.400000,26.400000,430
2018-07-09,26.500000,27.400000,25.200001,25.200001,25.200001,1030
2018-07-10,25.299999,25.299999,20.799999,23.000000,23.000000,5530
2018-07-11,21.600000,22.000000,21.100000,21.100000,21.100000,2500
2018-07-12,21.100000,21.850000,21.100000,21.549999,21.549999,2180
2018-07-13,21.200001,22.000000,21.200001,21.299999,21.299999,1570
2018-07-16,21.020000,25.530001,20.820000,22.370001,22.370001,3920
2018-07-17,28.799999,29.000000,24.299999,25.400000,25.400000,11450
2018-07-18,27.299999,29.500000,25.500000,28.500000,28.500000,10440
2018-07-19,29.000000,32.259998,29.000000,30.910000,30.910000,12280
2018-07-20,32.000000,32.799999,25.000000,25.700001,25.700001,12110
2018-07-23,25.500000,28.500000,23.000000,24.100000,24.100000,6050
2018-07-24,24.280001,24.740000,23.129999,23.660000,23.660000,4410
2018-07-25,23.900000,25.650000,22.700001,23.500000,23.500000,2190
2018-07-26,24.000000,24.000000,21.900000,21.900000,21.900000,2420
2018-07-27,21.900000,22.389999,21.549999,22.280001,22.280001,3150
2018-07-30,23.000000,23.100000,20.900000,21.600000,21.600000,2600
2018-07-31,25.500000,25.500000,22.500000,23.100000,23.100000,8010
2018-08-01,25.000000,30.000000,24.150000,27.750000,27.750000,14220
2018-08-02,29.400000,29.400000,24.799999,25.700001,25.700001,8080
2018-08-03,26.530001,27.000000,25.000000,25.000000,25.000000,1870
2018-08-06,25.299999,25.600000,24.299999,25.500000,25.500000,3250
2018-08-07,25.500000,25.549999,25.000000,25.000000,25.000000,4460
2018-08-08,25.799999,25.799999,24.000000,24.000000,24.000000,1860
2018-08-09,24.100000,24.370001,23.000000,23.100000,23.100000,1800
2018-08-10,23.100000,23.100000,22.500000,22.799999,22.799999,2220
2018-08-13,22.799999,23.620001,22.000000,22.940001,22.940001,2300
2018-08-14,22.500000,23.950001,21.799999,22.000000,22.000000,6890
2018-08-15,23.219999,24.850000,21.000000,21.100000,21.100000,2550
2018-08-16,23.299999,23.500000,21.100000,21.200001,21.200001,4380
2018-08-17,21.500000,23.000000,21.350000,22.809999,22.809999,4210
2018-08-20,22.900000,23.000000,21.500000,21.920000,21.920000,4570
2018-08-21,25.000000,25.000000,21.799999,22.570000,22.570000,2150
2018-08-22,21.799999,22.980000,21.100000,22.299999,22.299999,6550
2018-08-23,21.299999,22.600000,21.000000,22.000000,22.000000,2600
2018-08-24,21.760000,21.760000,20.500000,21.200001,21.200001,1980
2018-08-27,22.000000,22.000000,20.700001,22.000000,22.000000,2550
2018-08-28,21.799999,21.959999,20.600000,21.700001,21.700001,3820
2018-08-29,22.000000,23.200001,20.799999,21.500000,21.500000,5190
2018-08-30,21.299999,23.000000,20.700001,21.040001,21.040001,2680
2018-08-31,22.549999,22.549999,20.700001,20.850000,20.850000,1840
2018-09-04,20.900000,20.940001,20.700001,20.700001,20.700001,3040
2018-09-05,21.700001,22.980000,20.610001,22.219999,22.219999,2720
2018-09-06,24.500000,24.500000,22.309999,22.700001,22.700001,3160
2018-09-07,23.000000,23.000000,21.299999,22.020000,22.020000,2440
2018-09-10,22.799999,22.900000,21.400000,22.900000,22.900000,1590
2018-09-11,22.900000,22.900000,21.150000,21.549999,21.549999,1800
2018-09-12,25.000000,39.799999,22.700001,28.600000,28.600000,434530
2018-09-13,30.500000,35.000000,29.400000,34.299999,34.299999,110350
2018-09-14,35.500000,35.500000,28.600000,31.900000,31.900000,68770
2018-09-17,31.900000,34.000000,28.000000,30.900000,30.900000,22560
2018-09-18,31.799999,33.500000,30.000000,32.700001,32.700001,25880
2018-09-19,32.900002,34.000000,28.700001,32.599998,32.599998,22900
2018-09-20,32.599998,32.599998,29.910000,31.000000,31.000000,12090
2018-09-21,31.100000,32.990002,30.200001,30.400000,30.400000,23280
2018-09-24,30.400000,32.200001,30.100000,32.200001,32.200001,7690
2018-09-25,32.500000,32.700001,30.000000,31.200001,31.200001,9960
2018-09-26,31.400000,31.400000,28.100000,28.700001,28.700001,8680
2018-09-27,29.400000,29.400000,26.600000,26.700001,26.700001,6900
2018-09-28,27.500000,27.500000,23.799999,23.799999,23.799999,10600
2018-10-01,23.299999,24.700001,23.100000,24.299999,24.299999,7820
2018-10-02,24.100000,25.000000,22.309999,23.299999,23.299999,8860
2018-10-03,23.100000,23.129999,21.900000,22.500000,22.500000,7160
2018-10-04,22.000000,23.100000,22.000000,22.299999,22.299999,4310
2018-10-05,22.100000,22.799999,21.700001,21.799999,21.799999,5280
2018-10-08,21.900000,23.000000,21.000000,21.290001,21.290001,5020
2018-10-09,21.000000,22.900000,21.000000,22.500000,22.500000,3530
2018-10-10,22.200001,22.200001,20.500000,21.600000,21.600000,4490
2018-10-11,21.400000,22.500000,20.799999,22.500000,22.500000,4920
2018-10-12,22.500000,22.900000,19.320000,21.500000,21.500000,9870
2018-10-15,21.700001,21.700001,20.209999,20.770000,20.770000,2160
2018-10-16,20.299999,20.559999,19.700001,19.799999,19.799999,8410
2018-10-17,19.799999,21.000000,19.500000,21.000000,21.000000,3760
2018-10-18,22.200001,22.200001,19.799999,20.900000,20.900000,3310
2018-10-19,20.900000,22.080000,20.900000,21.299999,21.299999,2840
2018-10-22,21.299999,23.190001,20.200001,22.600000,22.600000,7630
2018-10-23,22.600000,22.600000,20.700001,22.299999,22.299999,1830
2018-10-24,22.129999,22.129999,20.299999,20.500000,20.500000,2170
2018-10-25,20.700001,21.799999,20.000000,20.000000,20.000000,5370
2018-10-26,22.299999,22.299999,20.100000,21.000000,21.000000,1400
2018-10-29,21.780001,21.780001,20.180000,20.200001,20.200001,9300
2018-10-30,21.100000,21.100000,19.799999,19.799999,19.799999,2470
2018-10-31,19.500000,20.030001,19.500000,19.500000,19.500000,5010
2018-11-01,19.600000,19.900000,19.600000,19.900000,19.900000,320
2018-11-02,22.020000,22.020000,19.700001,20.100000,20.100000,1240
2018-11-05,20.100000,20.100000,19.920000,19.920000,19.920000,350
2018-11-06,22.000000,22.000000,19.299999,19.700001,19.700001,4150
2018-11-07,20.900000,21.860001,18.459999,18.799999,18.799999,6210
2018-11-08,18.900000,20.500000,18.799999,20.000000,20.000000,19130
2018-11-09,20.000000,20.000000,18.900000,19.500000,19.500000,4530
2018-11-12,18.900000,19.250000,18.700001,18.700001,18.700001,1250
2018-11-13,20.400000,20.400000,16.900000,17.799999,17.799999,4890
2018-11-14,17.000000,17.500000,16.879999,16.900000,16.900000,2210
2018-11-15,16.900000,19.209999,15.690000,18.000000,18.000000,6840
2018-11-16,17.700001,18.900000,17.700001,18.600000,18.600000,2150
2018-11-19,18.400000,19.100000,17.799999,19.100000,19.100000,850
2018-11-20,19.500000,20.500000,18.500000,19.000000,19.000000,2260
2018-11-21,18.600000,19.760000,17.059999,19.250000,19.250000,5190
2018-11-23,19.400000,19.400000,17.299999,18.490000,18.490000,270
2018-11-26,21.600000,21.600000,17.100000,18.600000,18.600000,5610
2018-11-27,17.690001,17.900000,17.000000,17.200001,17.200001,7570
2018-11-28,17.090000,17.799999,17.090000,17.700001,17.700001,1070
2018-11-29,17.000000,17.900000,16.879999,17.200001,17.200001,2350
2018-11-30,17.090000,20.000000,17.090000,19.000000,19.000000,5240
2018-12-03,19.500000,19.500000,18.299999,19.000000,19.000000,690
2018-12-04,20.200001,21.400000,17.500000,18.459999,18.459999,22130
2018-12-06,20.000000,20.000000,16.799999,18.400000,18.400000,13320
2018-12-07,19.900000,19.900000,16.600000,17.000000,17.000000,8670
2018-12-10,17.400000,18.000000,16.200001,16.299999,16.299999,3870
2018-12-11,16.400000,16.400000,15.000000,15.500000,15.500000,5860
2018-12-12,15.400000,15.400000,12.800000,13.600000,13.600000,5090
2018-12-13,13.800000,14.930000,13.800000,14.500000,14.500000,1380
2018-12-14,15.000000,15.000000,13.100000,13.600000,13.600000,4390
2018-12-17,13.400000,15.500000,13.100000,13.900000,13.900000,3480
2018-12-18,8.400000,8.600000,8.200000,8.450000,8.450000,138020
2018-12-19,8.600000,8.600000,8.000000,8.350000,8.350000,23590
2018-12-20,8.800000,8.800000,8.400000,8.470000,8.470000,27620
2018-12-21,8.800000,9.500000,8.500000,9.490000,9.490000,37310
2018-12-24,9.600000,10.500000,8.900000,10.100000,10.100000,11590
2018-12-26,10.600000,11.000000,9.260000,9.500000,9.500000,15420
2018-12-27,9.600000,10.000000,8.000000,8.600000,8.600000,13120
2018-12-28,8.600000,9.890000,8.400000,9.200000,9.200000,15900
2018-12-31,9.160000,9.500000,8.700000,9.000000,9.000000,3280
2019-01-02,9.380000,10.200000,9.030000,9.500000,9.500000,5320
2019-01-03,9.500000,9.500000,9.000000,9.050000,9.050000,4990
2019-01-04,9.000000,9.400000,9.000000,9.250000,9.250000,9300
2019-01-07,9.500000,10.150000,9.300000,9.900000,9.900000,11880
2019-01-08,9.750000,9.750000,9.200000,9.290000,9.290000,7320
2019-01-09,9.500000,9.950000,9.100000,9.280000,9.280000,5360
2019-01-10,9.260000,10.900000,9.120000,10.500000,10.500000,13210
2019-01-11,10.800000,10.800000,9.850000,10.080000,10.080000,2650
2019-01-14,10.200000,10.800000,10.000000,10.500000,10.500000,8040
2019-01-15,11.000000,11.000000,10.230000,10.800000,10.800000,12990
2019-01-16,10.750000,10.800000,10.200000,10.700000,10.700000,3470
2019-01-17,10.800000,10.800000,10.000000,10.200000,10.200000,27220
2019-01-18,10.200000,11.000000,9.900000,10.300000,10.300000,16170
2019-01-22,11.000000,11.000000,10.000000,10.200000,10.200000,5480
2019-01-23,10.100000,10.750000,10.000000,10.400000,10.400000,7410
2019-01-24,10.800000,10.800000,10.100000,10.500000,10.500000,9320
2019-01-25,10.610000,10.800000,10.400000,10.400000,10.400000,7500
2019-01-28,10.500000,10.700000,10.120000,10.400000,10.400000,3110
2019-01-29,10.500000,10.800000,10.000000,10.290000,10.290000,2720
2019-01-30,10.300000,10.490000,10.000000,10.400000,10.400000,8040
2019-01-31,10.500000,10.800000,10.300000,10.500000,10.500000,10040
2019-02-01,10.800000,11.450000,10.400000,10.400000,10.400000,5800
2019-02-04,10.400000,11.500000,10.400000,11.150000,11.150000,7990
2019-02-05,10.700000,11.300000,10.700000,10.900000,10.900000,8260
2019-02-06,10.900000,11.000000,10.500000,10.900000,10.900000,3390
2019-02-07,10.600000,11.000000,10.200000,10.200000,10.200000,15110
2019-02-08,10.200000,10.620000,10.200000,10.300000,10.300000,8070
2019-02-11,10.600000,19.299999,10.500000,12.600000,12.600000,145500
2019-02-12,12.300000,12.600000,11.100000,11.600000,11.600000,27740
2019-02-13,11.600000,11.660000,10.600000,10.700000,10.700000,18340
2019-02-14,10.800000,11.200000,10.500000,10.600000,10.600000,4490
2019-02-15,10.700000,11.140000,10.500000,10.800000,10.800000,14760
2019-02-19,10.900000,11.100000,10.500000,10.600000,10.600000,8460
2019-02-20,10.500000,11.200000,10.500000,10.900000,10.900000,5820
2019-02-21,10.900000,11.800000,10.800000,11.300000,11.300000,6290
2019-02-22,11.900000,12.400000,11.600000,12.200000,12.200000,19210
2019-02-25,12.900000,13.700000,12.300000,12.680000,12.680000,26680
2019-02-26,12.800000,12.860000,10.800000,11.690000,11.690000,15890
2019-02-27,12.300000,12.300000,11.060000,11.500000,11.500000,10080
2019-02-28,11.700000,11.800000,11.000000,11.640000,11.640000,12460
2019-03-01,12.000000,12.050000,11.100000,11.350000,11.350000,6340
2019-03-04,12.000000,12.000000,11.000000,11.400000,11.400000,8160
2019-03-05,11.500000,11.900000,11.200000,11.400000,11.400000,7050
2019-03-06,11.700000,11.700000,10.100000,10.200000,10.200000,13010
2019-03-07,10.400000,10.400000,10.000000,10.300000,10.300000,5850
2019-03-08,10.300000,10.800000,10.000000,10.800000,10.800000,10140
2019-03-11,10.700000,10.700000,9.900000,10.200000,10.200000,6180
2019-03-12,10.600000,11.400000,10.150000,10.400000,10.400000,9490
2019-03-13,10.500000,10.600000,10.150000,10.400000,10.400000,5290
2019-03-14,10.300000,10.300000,10.000000,10.050000,10.050000,3520
2019-03-15,10.000000,10.000000,9.500000,9.900000,9.900000,5810
2019-03-18,9.600000,9.900000,9.500000,9.700000,9.700000,5950
2019-03-19,10.000000,10.000000,9.700000,9.800000,9.800000,4330
2019-03-20,9.900000,9.900000,9.700000,9.850000,9.850000,6200
2019-03-21,9.900000,10.650000,9.900000,10.200000,10.200000,7600
2019-03-22,10.400000,10.450000,10.000000,10.300000,10.300000,4700
2019-03-25,10.500000,10.660000,10.200000,10.600000,10.600000,2540
2019-03-26,10.800000,10.800000,10.200000,10.500000,10.500000,5660
2019-03-27,10.600000,10.700000,10.300000,10.500000,10.500000,5920
2019-03-28,10.400000,10.570000,10.100000,10.200000,10.200000,5280
2019-03-29,10.690000,10.690000,9.940000,10.300000,10.300000,5090
2019-04-01,10.500000,10.500000,9.700000,10.200000,10.200000,8290
2019-04-02,10.300000,10.900000,9.600000,10.400000,10.400000,8540
2019-04-03,10.000000,10.800000,9.900000,10.300000,10.300000,6180
2019-04-04,10.300000,10.600000,9.900000,10.400000,10.400000,10410
2019-04-05,10.400000,10.600000,9.900000,10.600000,10.600000,8790
2019-04-08,10.300000,10.600000,10.200000,10.200000,10.200000,6020
2019-04-09,10.200000,10.400000,10.000000,10.240000,10.240000,3910
2019-04-10,10.300000,10.500000,10.300000,10.400000,10.400000,7890
2019-04-11,10.420000,10.800000,10.400000,10.630000,10.630000,6550
2019-04-12,10.700000,10.700000,10.300000,10.400000,10.400000,3110
2019-04-15,10.500000,10.600000,10.200000,10.600000,10.600000,8360
2019-04-16,10.600000,10.700000,10.200000,10.300000,10.300000,8460
2019-04-17,10.500000,10.600000,10.200000,10.300000,10.300000,4350
2019-04-18,10.400000,10.500000,10.000000,10.400000,10.400000,10790
2019-04-22,10.200000,10.500000,9.700000,9.900000,9.900000,5540
2019-04-23,10.300000,10.300000,9.500000,9.700000,9.700000,11990
2019-04-24,9.800000,10.700000,9.500000,10.210000,10.210000,8540
2019-04-25,10.300000,10.300000,9.780000,9.800000,9.800000,4930
2019-04-26,10.000000,10.200000,9.550000,10.200000,10.200000,3400
2019-04-29,9.890000,10.050000,9.500000,9.500000,9.500000,3180
2019-04-30,9.580000,10.500000,9.500000,9.600000,9.600000,2370
2019-05-01,9.800000,10.350000,9.510000,9.570000,9.570000,11710
2019-05-02,9.950000,9.950000,9.300000,9.300000,9.300000,9690
2019-05-03,9.300000,10.180000,8.600000,9.950000,9.950000,12510
2019-05-06,9.900000,10.000000,9.300000,9.330000,9.330000,3120
2019-05-07,9.300000,10.400000,9.200000,9.400000,9.400000,9590
2019-05-08,9.400000,10.000000,9.020000,9.380000,9.380000,7750
2019-05-09,9.070000,9.400000,9.050000,9.280000,9.280000,2190
2019-05-10,9.100000,9.380000,8.900000,9.000000,9.000000,2700
2019-05-13,9.200000,9.200000,8.000000,8.740000,8.740000,5520
2019-05-14,8.940000,9.000000,8.240000,9.000000,9.000000,1230
2019-05-15,8.900000,9.000000,8.070000,9.000000,9.000000,3450
2019-05-16,9.000000,9.000000,8.600000,8.800000,8.800000,880
2019-05-17,8.800000,9.800000,8.650000,8.800000,8.800000,3140
2019-05-20,9.800000,9.800000,8.770000,9.030000,9.030000,450
2019-05-21,8.620000,9.050000,8.600000,8.730000,8.730000,1540
2019-05-22,9.000000,9.200000,8.620000,8.660000,8.660000,3260
2019-05-23,9.070000,10.200000,8.800000,10.070000,10.070000,18190
2019-05-24,10.200000,10.500000,10.000000,10.290000,10.290000,8710
2019-05-28,10.700000,11.890000,9.700000,10.900000,10.900000,36990
2019-05-29,12.800000,14.800000,10.300000,10.500000,10.500000,119560
2019-05-30,11.500000,11.500000,9.000000,10.300000,10.300000,29940
2019-05-31,9.900000,10.200000,9.000000,9.000000,9.000000,12400
2019-06-03,9.800000,10.100000,8.400000,8.700000,8.700000,10150
2019-06-04,8.980000,9.050000,8.340000,8.350000,8.350000,8520
2019-06-05,8.700000,9.500000,8.500000,8.600000,8.600000,6610
2019-06-06,8.590000,8.900000,8.400000,8.500000,8.500000,4130
2019-06-07,8.200000,9.000000,8.120000,8.600000,8.600000,6560
2019-06-10,8.580000,8.650000,8.200000,8.650000,8.650000,6410
2019-06-11,8.700000,9.260000,8.700000,9.160000,9.160000,4290
2019-06-12,9.000000,9.300000,8.220000,8.640000,8.640000,4950
2019-06-13,9.280000,9.280000,8.400000,8.500000,8.500000,3880
2019-06-14,8.900000,8.980000,8.020000,8.300000,8.300000,5630
2019-06-17,8.700000,9.200000,8.600000,8.600000,8.600000,7520
2019-06-18,9.200000,9.200000,8.600000,8.710000,8.710000,3270
2019-06-19,8.860000,9.180000,8.320000,8.400000,8.400000,990
2019-06-20,8.400000,9.200000,8.390000,8.760000,8.760000,5510
2019-06-21,9.000000,9.000000,8.500000,8.700000,8.700000,2590
2019-06-24,8.510000,9.180000,8.420000,8.930000,8.930000,4070
2019-06-25,8.600000,9.500000,8.500000,8.550000,8.550000,14990
2019-06-26,8.600000,9.890000,8.600000,9.890000,9.890000,7720
2019-06-27,10.500000,10.900000,9.000000,10.100000,10.100000,14280
2019-06-28,10.900000,10.900000,9.300000,10.000000,10.000000,7850
2019-07-01,9.400000,10.400000,9.400000,9.900000,9.900000,5540
2019-07-02,10.000000,10.000000,9.200000,9.500000,9.500000,7300
2019-07-03,9.320000,9.900000,9.200000,9.400000,9.400000,780
2019-07-05,9.500000,9.700000,8.950000,9.100000,9.100000,4830
2019-07-08,9.240000,9.850000,8.800000,8.800000,8.800000,9390
2019-07-09,8.800000,9.000000,8.550000,8.800000,8.800000,5460
2019-07-10,8.850000,9.650000,8.700000,9.400000,9.400000,14650
2019-07-11,9.650000,10.400000,9.000000,9.040000,9.040000,10410
2019-07-12,9.490000,9.900000,9.100000,9.500000,9.500000,6390
2019-07-15,9.450000,9.600000,9.100000,9.100000,9.100000,2700
2019-07-16,9.200000,9.300000,8.710000,8.710000,8.710000,8430
2019-07-17,9.050000,9.300000,8.600000,8.600000,8.600000,5840
2019-07-18,8.600000,9.050000,8.500000,9.010000,9.010000,4730
2019-07-19,8.700000,9.000000,8.500000,8.800000,8.800000,1960
2019-07-22,8.600000,9.200000,8.600000,9.000000,9.000000,5230
2019-07-23,8.700000,8.960000,8.600000,8.600000,8.600000,8030
2019-07-24,8.710000,9.200000,8.710000,8.890000,8.890000,5530
2019-07-25,8.900000,9.000000,8.600000,8.600000,8.600000,2780
2019-07-26,8.900000,8.930000,8.600000,8.650000,8.650000,4170
2019-07-29,9.200000,9.200000,8.500000,9.000000,9.000000,4920
2019-07-30,9.000000,9.000000,8.560000,8.910000,8.910000,3480
2019-07-31,8.570000,8.870000,8.340000,8.340000,8.340000,6720
2019-08-01,8.780000,8.810000,8.360000,8.790000,8.790000,3290
2019-08-02,9.000000,9.500000,8.700000,9.200000,9.200000,6510
2019-08-05,9.000000,9.200000,8.600000,8.800000,8.800000,6390
2019-08-06,9.000000,9.400000,8.520000,9.400000,9.400000,4530
2019-08-07,8.650000,10.300000,8.650000,10.250000,10.250000,17750
2019-08-08,10.200000,11.000000,9.330000,10.200000,10.200000,16790
2019-08-09,10.300000,10.300000,9.210000,10.200000,10.200000,4750
2019-08-12,10.000000,10.200000,9.700000,10.000000,10.000000,7800
2019-08-13,10.040000,10.200000,7.000000,8.090000,8.090000,65960
2019-08-14,8.400000,8.400000,8.100000,8.100000,8.100000,6200
2019-08-15,8.200000,8.200000,7.500000,7.960000,7.960000,9820
2019-08-16,7.980000,8.000000,7.290000,8.000000,8.000000,10390
2019-08-19,7.700000,8.000000,7.500000,7.610000,7.610000,6430
2019-08-20,7.870000,8.000000,7.640000,8.000000,8.000000,2130
2019-08-21,8.000000,8.000000,7.700000,7.800000,7.800000,6560
2019-08-22,8.000000,8.000000,7.510000,7.900000,7.900000,4530
2019-08-23,7.900000,7.900000,7.500000,7.600000,7.600000,3640
2019-08-26,7.700000,7.900000,7.400000,7.900000,7.900000,1270
2019-08-27,7.680000,7.680000,7.200000,7.450000,7.450000,1770
2019-08-28,7.440000,7.800000,7.110000,7.200000,7.200000,4160
2019-08-29,7.110000,7.800000,7.110000,7.800000,7.800000,1330
2019-08-30,7.900000,7.900000,7.400000,7.800000,7.800000,1130
2019-09-03,7.700000,7.840000,7.300000,7.800000,7.800000,1410
2019-09-04,7.500000,7.900000,7.300000,7.600000,7.600000,5970
2019-09-05,7.600000,8.490000,7.600000,8.000000,8.000000,2320
2019-09-06,8.100000,8.410000,7.750000,8.100000,8.100000,2910
2019-09-09,8.100000,8.400000,8.100000,8.400000,8.400000,730
2019-09-10,8.400000,8.600000,8.100000,8.600000,8.600000,3340
2019-09-11,8.600000,8.800000,8.100000,8.100000,8.100000,2110
2019-09-12,8.100000,8.600000,8.100000,8.110000,8.110000,940
2019-09-13,8.140000,8.500000,8.100000,8.500000,8.500000,850
2019-09-16,8.130000,8.920000,8.110000,8.450000,8.450000,4390
2019-09-17,8.700000,8.900000,8.500000,8.550000,8.550000,1720
2019-09-18,8.700000,9.000000,8.380000,8.390000,8.390000,4030
2019-09-19,8.690000,8.690000,8.000000,8.000000,8.000000,6020
2019-09-20,8.000000,8.180000,7.400000,7.800000,7.800000,5440
2019-09-23,8.000000,8.000000,7.200000,7.720000,7.720000,870
2019-09-24,8.000000,8.000000,7.060000,7.200000,7.200000,2350
2019-09-25,7.240000,7.550000,7.200000,7.510000,7.510000,1710
2019-09-26,7.600000,7.600000,7.300000,7.530000,7.530000,100
2019-09-27,7.560000,7.600000,7.000000,7.600000,7.600000,2730
2019-09-30,7.370000,7.610000,7.100000,7.300000,7.300000,1010
2019-10-01,7.200000,8.000000,7.200000,8.000000,8.000000,2180
2019-10-02,7.300000,7.550000,7.300000,7.550000,7.550000,1510
2019-10-03,8.600000,8.600000,7.700000,8.000000,8.000000,5140
2019-10-04,8.100000,8.100000,7.400000,7.450000,7.450000,2240
2019-10-07,7.430000,7.740000,7.200000,7.200000,7.200000,1490
2019-10-08,7.100000,7.540000,7.100000,7.540000,7.540000,820
2019-10-09,7.500000,8.000000,7.500000,7.700000,7.700000,900
2019-10-10,7.350000,7.400000,7.000000,7.300000,7.300000,1240
2019-10-11,7.000000,7.700000,6.800000,7.020000,7.020000,4060
2019-10-14,7.000000,7.500000,6.850000,7.170000,7.170000,1500
2019-10-15,7.450000,7.500000,6.700000,7.300000,7.300000,1410
2019-10-16,7.300000,7.300000,7.000000,7.140000,7.140000,960
2019-10-17,7.300000,7.500000,7.100000,7.500000,7.500000,1420
2019-10-18,7.200000,7.500000,7.100000,7.500000,7.500000,1760
2019-10-21,7.300000,7.500000,7.300000,7.500000,7.500000,610
2019-10-22,7.500000,7.600000,7.200000,7.600000,7.600000,1080
2019-10-23,7.400000,7.800000,7.100000,7.400000,7.400000,1300
2019-10-24,7.700000,7.760000,7.350000,7.380000,7.380000,2120
2019-10-25,7.400000,7.400000,7.100000,7.400000,7.400000,1020
2019-10-28,7.800000,7.860000,7.300000,7.600000,7.600000,7550
2019-10-29,7.500000,7.790000,7.500000,7.700000,7.700000,3660
2019-10-30,7.470000,7.900000,7.400000,7.760000,7.760000,2120
2019-10-31,7.540000,7.540000,7.300000,7.460000,7.460000,1060
2019-11-01,7.350000,7.500000,7.210000,7.500000,7.500000,1930
2019-11-04,7.500000,7.600000,7.100000,7.240000,7.240000,1020
2019-11-05,7.500000,7.700000,7.200000,7.500000,7.500000,2000
2019-11-06,7.200000,7.600000,7.200000,7.300000,7.300000,1040
2019-11-07,7.260000,7.500000,7.220000,7.350000,7.350000,1030
2019-11-08,7.500000,7.500000,6.500000,6.650000,6.650000,5920
2019-11-11,6.650000,6.650000,6.030000,6.500000,6.500000,5930
2019-11-12,6.100000,6.400000,6.100000,6.300000,6.300000,6440
2019-11-13,6.370000,6.400000,6.030000,6.400000,6.400000,2350
2019-11-14,6.700000,6.800000,6.200000,6.250000,6.250000,1760
2019-11-15,6.300000,6.300000,5.400000,5.890000,5.890000,3690
2019-11-18,6.000000,6.250000,5.630000,6.250000,6.250000,2570
2019-11-19,6.200000,6.250000,5.950000,6.250000,6.250000,1170
2019-11-20,6.200000,6.930000,6.200000,6.700000,6.700000,870
2019-11-21,6.500000,6.700000,6.020000,6.700000,6.700000,2480
2019-11-22,6.430000,6.850000,6.400000,6.850000,6.850000,560
2019-11-25,7.000000,7.000000,6.160000,6.370000,6.370000,2290
2019-11-26,6.190000,6.500000,3.830000,5.400000,5.400000,16420
2019-11-27,5.500000,6.150000,5.300000,5.400000,5.400000,10810
2019-11-29,6.100000,6.100000,5.450000,5.700000,5.700000,1510
2019-12-02,5.500000,6.000000,5.300000,5.340000,5.340000,6740
2019-12-03,5.300000,6.000000,5.300000,5.940000,5.940000,1120
2019-12-04,5.700000,6.230000,5.630000,6.080000,6.080000,28450
2019-12-05,5.070000,5.840000,4.750000,5.000000,5.000000,19400
2019-12-06,5.250000,5.650000,5.000000,5.135000,5.135000,17800
2019-12-09,5.180000,5.220000,4.414000,4.593000,4.593000,10400
2019-12-10,4.600000,5.000000,4.568000,4.900000,4.900000,3700
2019-12-11,4.636000,5.000000,4.630000,4.860000,4.860000,12500
2019-12-12,4.764000,4.910000,4.063000,4.490000,4.490000,11200
2019-12-13,4.440000,4.440000,4.122000,4.380000,4.380000,8300
2019-12-16,4.476000,4.476000,4.276000,4.400000,4.400000,4100
2019-12-17,4.268000,4.320000,3.944000,4.000000,4.000000,16800
2019-12-18,4.150000,4.150000,3.750000,3.781000,3.781000,8500
2019-12-19,3.740000,3.784000,3.220000,3.340000,3.340000,24500
2019-12-20,3.400000,3.629000,3.390000,3.520000,3.520000,12000
2019-12-23,3.520000,3.889000,3.310000,3.310000,3.310000,15100
2019-12-24,3.230000,3.473000,3.230000,3.380000,3.380000,4400
2019-12-26,3.250000,3.490000,3.240000,3.353000,3.353000,25400
2019-12-27,3.380000,3.826000,3.380000,3.630000,3.630000,13200
2019-12-30,3.630000,3.880000,3.340000,3.580000,3.580000,27700
2019-12-31,3.450000,3.556000,3.450000,3.500000,3.500000,10000
2020-01-02,3.550000,3.663000,3.450000,3.460000,3.460000,12500
2020-01-03,3.460000,3.603000,3.450000,3.590000,3.590000,4100
2020-01-06,3.492000,3.560000,3.400000,3.465000,3.465000,10500
2020-01-07,3.850000,3.850000,3.390000,3.642000,3.642000,5400
2020-01-08,3.672000,3.672000,3.450000,3.463000,3.463000,1300
2020-01-09,3.570000,3.800000,3.518000,3.682000,3.682000,19300
2020-01-10,3.387000,3.880000,3.387000,3.660000,3.660000,7700
2020-01-13,3.500000,3.661000,3.500000,3.600000,3.600000,6300
2020-01-14,3.605000,3.605000,3.470000,3.470000,3.470000,2500
2020-01-15,3.380000,3.745000,3.380000,3.594000,3.594000,14900
2020-01-16,3.490000,3.556000,3.470000,3.500000,3.500000,5300
2020-01-17,3.570000,3.620000,3.500000,3.602000,3.602000,5600
2020-01-21,3.710000,3.710000,3.450000,3.450000,3.450000,3800
2020-01-22,3.565000,3.565000,3.460000,3.460000,3.460000,1900
2020-01-23,3.380000,3.551000,3.350000,3.350000,3.350000,3000
2020-01-24,3.320000,3.530000,3.110000,3.210000,3.210000,4300
2020-01-27,3.150000,3.180000,2.500000,2.850000,2.850000,8700
2020-01-28,2.870000,2.911000,2.760000,2.911000,2.911000,5400
2020-01-29,2.941000,2.941000,2.941000,2.941000,2.941000,200
2020-01-30,2.850000,3.000000,2.850000,2.967000,2.967000,2000
2020-01-31,2.970000,3.300000,2.970000,3.180000,3.180000,12600
2020-02-03,3.270000,3.350000,3.189000,3.350000,3.350000,2400
2020-02-04,3.410000,3.410000,3.150000,3.170000,3.170000,2300
2020-02-05,3.300000,3.300000,3.210000,3.237000,3.237000,4400
2020-02-06,3.149000,3.258000,3.149000,3.258000,3.258000,900
2020-02-07,3.390000,3.400000,3.000000,3.114000,3.114000,3000
2020-02-10,3.204000,3.207000,3.010000,3.096000,3.096000,1600
2020-02-11,3.190000,3.190000,3.000000,3.000000,3.000000,1600
2020-02-12,3.209000,3.209000,3.020000,3.089000,3.089000,800
2020-02-13,3.243000,3.371000,3.180000,3.282000,3.282000,6700
2020-02-14,3.160000,3.160000,3.139000,3.139000,3.139000,700
2020-02-18,3.130000,3.130000,3.020000,3.090000,3.090000,2400
2020-02-19,3.020000,3.300000,3.020000,3.242000,3.242000,4000
2020-02-20,3.250000,3.380000,3.100000,3.260000,3.260000,3000
2020-02-21,3.134000,3.241000,3.134000,3.140000,3.140000,900
2020-02-24,3.320000,3.348000,3.280000,3.290000,3.290000,4800
2020-02-25,3.361000,8.440000,3.300000,5.800000,5.800000,430900
2020-02-26,8.000000,10.400000,6.500000,6.940000,6.940000,779300
2020-02-27,8.450000,8.460000,6.350000,6.700000,6.700000,125300
2020-02-28,6.150000,6.660000,5.250000,5.450000,5.450000,65700
2020-03-02,5.980000,8.700000,5.600000,8.000000,8.000000,111200
2020-03-03,8.300000,9.140000,7.500000,7.504000,7.504000,92200
2020-03-04,6.650000,7.900000,6.650000,7.500000,7.500000,23900
2020-03-05,7.490000,7.490000,6.750000,7.100000,7.100000,16700
2020-03-06,6.520000,8.371000,6.520000,7.180000,7.180000,48300
2020-03-09,7.000000,7.420000,6.500000,6.850000,6.850000,14900
2020-03-10,6.870000,7.251000,6.500000,6.500000,6.500000,21100
2020-03-11,6.390000,6.522000,6.200000,6.280000,6.280000,13800
2020-03-12,6.200000,6.350000,6.110000,6.210000,6.210000,16200
2020-03-13,6.260000,7.225000,6.260000,6.750000,6.750000,11000
2020-03-16,7.250000,8.500000,6.320000,6.320000,6.320000,19700
2020-03-17,6.350000,6.890000,6.200000,6.510000,6.510000,9800
2020-03-18,6.500000,7.150000,6.500000,6.801000,6.801000,38600
2020-03-19,6.980000,7.090000,6.200000,6.350000,6.350000,10700
2020-03-20,6.869000,6.869000,5.500000,6.200000,6.200000,16500
2020-03-23,6.418000,6.663000,5.851000,5.890000,5.890000,18700
2020-03-24,6.200000,6.200000,5.000000,5.020000,5.020000,25500
2020-03-25,5.290000,5.968000,5.200000,5.940000,5.940000,12500
2020-03-26,5.650000,5.897000,5.345000,5.763000,5.763000,6700
2020-03-27,5.900000,5.910000,5.445000,5.520000,5.520000,1800
2020-03-30,5.700000,5.890000,4.830000,5.890000,5.890000,6300
2020-03-31,5.550000,5.940000,5.550000,5.860000,5.860000,5300
2020-04-01,6.530000,7.100000,6.000000,6.200000,6.200000,52300
2020-04-02,6.440000,6.440000,5.830000,5.990000,5.990000,14100
2020-04-03,5.830000,5.830000,5.200000,5.440000,5.440000,3200
2020-04-06,5.830000,5.830000,5.260000,5.345000,5.345000,15400
2020-04-07,5.810000,5.810000,5.400000,5.600000,5.600000,3000
2020-04-08,5.430000,5.980000,5.110000,5.980000,5.980000,5700
2020-04-09,6.000000,6.110000,4.620000,4.890000,4.890000,91300
2020-04-13,5.000000,5.080000,4.890000,4.950000,4.950000,11200
2020-04-14,5.000000,5.300000,5.000000,5.280000,5.280000,18100
2020-04-15,5.040000,5.240000,4.850000,5.240000,5.240000,6500
2020-04-16,5.049000,5.150000,5.000000,5.150000,5.150000,3200
2020-04-17,5.030000,5.340000,5.030000,5.340000,5.340000,5400
2020-04-20,5.340000,5.340000,4.915000,5.062000,5.062000,10200
2020-04-21,5.160000,5.700000,5.140000,5.200000,5.200000,10700
2020-04-22,5.290000,5.600000,5.110000,5.470000,5.470000,4700
2020-04-23,5.470000,5.490000,5.045000,5.450000,5.450000,6700
2020-04-24,5.132000,5.470000,5.070000,5.460000,5.460000,11100
2020-04-27,5.250000,5.250000,5.000000,5.150000,5.150000,10200
2020-04-28,5.010000,5.130000,5.000000,5.130000,5.130000,3600
2020-04-29,4.980000,5.045000,4.910000,4.970000,4.970000,11200
2020-04-30,5.000000,5.000000,4.931000,4.980000,4.980000,2400
2020-05-01,4.914000,5.090000,4.800000,4.990000,4.990000,8500
2020-05-04,4.990000,5.000000,4.760000,5.000000,5.000000,4400
2020-05-05,5.100000,5.350000,5.060000,5.230000,5.230000,18700
2020-05-06,5.130000,5.250000,5.120000,5.200000,5.200000,4400
2020-05-07,5.360000,5.360000,5.110000,5.175000,5.175000,4500
2020-05-08,5.080000,5.080000,5.010000,5.060000,5.060000,2700
2020-05-11,5.360000,5.360000,4.970000,5.050000,5.050000,7900
2020-05-12,5.160000,5.300000,4.700000,4.750000,4.750000,10500
2020-05-13,4.860000,5.290000,4.860000,4.950000,4.950000,22300
2020-05-14,4.900000,5.650000,4.900000,5.610000,5.610000,47600
2020-05-15,5.675000,7.217000,5.460000,6.750000,6.750000,53100
2020-05-18,7.000000,8.000000,7.000000,7.420000,7.420000,53100
2020-05-19,7.375000,7.420000,7.150000,7.285000,7.285000,19300
2020-05-20,7.100000,7.131000,6.000000,6.147000,6.147000,32800
2020-05-21,6.340000,6.900000,6.300000,6.750000,6.750000,10800
2020-05-22,7.000000,7.000000,6.500000,6.750000,6.750000,4400
2020-05-26,6.710000,7.500000,6.562000,7.250000,7.250000,35300
2020-05-27,7.180000,8.000000,6.730000,8.000000,8.000000,38700
2020-05-28,8.000000,8.000000,7.080000,7.165000,7.165000,11300
2020-05-29,7.470000,7.790000,7.200000,7.300000,7.300000,5500
2020-06-01,7.155000,7.590000,7.010000,7.580000,7.580000,5800
2020-06-02,7.500000,7.740000,7.272000,7.500000,7.500000,7300
2020-06-03,7.677000,7.677000,7.275000,7.360000,7.360000,8500
2020-06-04,7.350000,7.600000,6.140000,7.150000,7.150000,47200
2020-06-05,7.250000,7.250000,6.965000,7.150000,7.150000,17000
2020-06-08,7.250000,7.980000,6.932000,7.750000,7.750000,71400
2020-06-09,7.850000,8.000000,7.473000,7.800000,7.800000,56000
2020-06-10,7.900000,8.480000,7.552000,7.890000,7.890000,87700
2020-06-11,7.340000,8.090000,7.220000,7.220000,7.220000,42900
2020-06-12,7.250000,7.750000,7.090000,7.750000,7.750000,37500
2020-06-15,8.000000,10.500000,8.000000,10.380000,10.380000,115400
2020-06-16,10.550000,14.000000,10.510000,11.900000,11.900000,202400
2020-06-17,12.150000,13.680000,11.750000,13.680000,13.680000,85100
2020-06-18,13.700000,13.960000,12.845000,13.750000,13.750000,95500
2020-06-19,13.790000,16.500000,12.810000,14.830000,14.830000,274200
2020-06-22,15.730000,16.240000,14.850000,15.380000,15.380000,71700
2020-06-23,15.660000,15.660000,10.840000,11.760000,11.760000,187400
2020-06-24,12.040000,12.348000,10.100000,10.110000,10.110000,91700
2020-06-25,10.110000,10.620000,10.110000,10.600000,10.600000,64800
2020-06-26,10.600000,10.640000,9.490000,9.600000,9.600000,858100
2020-06-29,9.350000,9.600000,8.260000,9.010000,9.010000,51000
2020-06-30,9.030000,9.980000,9.030000,9.250000,9.250000,29800
2020-07-01,9.240000,9.630000,8.800000,8.800000,8.800000,27800
2020-07-02,8.870000,9.250000,8.200000,8.570000,8.570000,33000
2020-07-06,8.390000,8.516000,8.120000,8.120000,8.120000,23400
2020-07-07,8.400000,9.240000,7.800000,7.820000,7.820000,36900
2020-07-08,8.000000,8.248000,7.891000,8.020000,8.020000,44300
2020-07-09,8.020000,8.020000,7.510000,7.700000,7.700000,32700
2020-07-10,7.801000,7.810000,7.690000,7.760000,7.760000,23700
2020-07-13,7.860000,8.450000,7.860000,7.990000,7.990000,45300
2020-07-14,7.980000,8.010000,7.690000,7.970000,7.970000,19300
2020-07-15,8.600000,9.500000,8.600000,9.480000,9.480000,140900
2020-07-16,9.800000,10.410000,9.030000,9.450000,9.450000,85500
2020-07-17,9.260000,10.000000,9.260000,9.600000,9.600000,60700
2020-07-20,9.570000,10.120000,9.550000,9.990000,9.990000,35800
2020-07-21,10.030000,10.030000,8.940000,9.050000,9.050000,57500
2020-07-22,8.910000,9.189000,8.370000,8.600000,8.600000,43200
2020-07-23,8.600000,10.430000,8.400000,9.730000,9.730000,127200
2020-07-24,10.040000,10.320000,9.000000,9.470000,9.470000,61000
2020-07-27,9.330000,10.660000,9.000000,9.260000,9.260000,111500
2020-07-28,6.900000,7.000000,6.650000,6.675000,6.675000,278700
2020-07-29,6.680000,6.792000,5.120000,5.930000,5.930000,254200
2020-07-30,6.020000,6.400000,5.810000,6.360000,6.360000,96300
2020-07-31,6.330000,6.360000,6.190000,6.340000,6.340000,28600
2020-08-03,6.340000,6.340000,5.810000,6.220000,6.220000,51100
2020-08-04,6.070000,6.220000,6.050000,6.190000,6.190000,16700
2020-08-05,6.140000,6.670000,6.010000,6.050000,6.050000,69800
2020-08-06,6.020000,6.020000,5.750000,5.880000,5.880000,35300
2020-08-07,5.880000,5.920000,5.720000,5.760000,5.760000,39500
2020-08-10,5.190000,5.655000,5.190000,5.490000,5.490000,80200
2020-08-11,5.520000,5.750000,5.410000,5.460000,5.460000,33100
2020-08-12,5.450000,5.630000,5.340000,5.630000,5.630000,21400
2020-08-13,5.690000,5.720000,5.484000,5.680000,5.680000,11800
2020-08-14,5.690000,5.700000,5.450000,5.540000,5.540000,21200
2020-08-17,5.640000,5.640000,5.280000,5.400000,5.400000,67400
2020-08-18,5.310000,5.360000,5.145000,5.150000,5.150000,101000
2020-08-19,5.250000,5.299000,5.060000,5.130000,5.130000,113300
2020-08-20,5.140000,5.200000,5.030000,5.080000,5.080000,66500
2020-08-21,5.070000,5.240000,5.030000,5.050000,5.050000,27300
2020-08-24,5.010000,5.090000,4.750000,4.850000,4.850000,41000
2020-08-25,4.760000,4.805000,4.550000,4.700000,4.700000,62000
2020-08-26,4.820000,4.820000,4.480000,4.490000,4.490000,50100
2020-08-27,4.515000,4.515000,4.230000,4.320000,4.320000,90500
2020-08-28,4.340000,4.480000,3.800000,3.960000,3.960000,254500
2020-08-31,3.980000,3.980000,3.670000,3.740000,3.740000,86100
2020-09-01,3.730000,3.860000,3.650000,3.840000,3.840000,45000
2020-09-02,3.940000,4.530000,3.890000,4.410000,4.410000,145100
2020-09-03,4.360000,4.683000,3.935000,4.050000,4.050000,146200
2020-09-04,3.980000,4.250000,3.900000,3.970000,3.970000,72400
2020-09-08,4.030000,4.120000,3.940000,4.100000,4.100000,22700
2020-09-09,4.100000,4.347000,3.950000,4.100000,4.100000,35600
2020-09-10,4.050000,4.190000,3.850000,4.080000,4.080000,25200
2020-09-11,4.070000,4.220000,3.860000,4.000000,4.000000,36800
2020-09-14,4.150000,4.360000,3.940000,4.080000,4.080000,117500
2020-09-15,4.060000,4.130000,3.940000,3.950000,3.950000,12200
2020-09-16,3.940000,4.105000,3.850000,3.970000,3.970000,39400
2020-09-17,3.860000,4.020000,3.830000,3.900000,3.900000,30400
2020-09-18,3.970000,4.020000,3.750000,3.750000,3.750000,64700
2020-09-21,3.720000,3.750000,3.600000,3.650000,3.650000,30700
2020-09-22,3.665000,3.700000,3.590000,3.640000,3.640000,19100
2020-09-23,3.670000,3.670000,3.500000,3.550000,3.550000,28900
2020-09-24,3.560000,3.720000,3.340000,3.610000,3.610000,48800
2020-09-25,3.660000,3.750000,3.117000,3.660000,3.660000,92000
2020-09-28,3.780000,4.250000,3.650000,3.800000,3.800000,179100
2020-09-29,3.670000,3.730000,3.465000,3.630000,3.630000,83600
2020-09-30,3.580000,3.680000,3.500000,3.550000,3.550000,16500
2020-10-01,3.640000,3.660000,3.400000,3.470000,3.470000,125800
2020-10-02,3.410000,3.760000,3.410000,3.550000,3.550000,33600
2020-10-05,3.610000,3.840000,3.570000,3.660000,3.660000,28500
2020-10-06,3.680000,3.850000,3.680000,3.710000,3.710000,10500
2020-10-07,3.720000,4.170000,3.720000,3.800000,3.800000,77700
2020-10-08,3.800000,3.980000,3.780000,3.780000,3.780000,38200
2020-10-09,3.760000,3.960000,3.630000,3.690000,3.690000,116700
2020-10-12,3.670000,3.860000,3.670000,3.790000,3.790000,16000
2020-10-13,3.800000,3.830000,3.620000,3.770000,3.770000,32000
2020-10-14,3.890000,3.900000,3.660000,3.740000,3.740000,20000
2020-10-15,3.780000,4.200000,3.730000,4.050000,4.050000,86200
2020-10-16,3.980000,4.250000,3.910000,4.010000,4.010000,60400
2020-10-19,4.120000,4.250000,3.800000,3.820000,3.820000,32100
2020-10-20,3.750000,3.855000,3.650000,3.750000,3.750000,23800
2020-10-21,3.700000,3.740000,3.549000,3.630000,3.630000,26400
2020-10-22,3.650000,3.750000,3.630000,3.630000,3.630000,12500
2020-10-23,3.682000,4.000000,3.680000,3.810000,3.810000,11800
2020-10-26,3.764000,4.050000,3.550000,3.690000,3.690000,20500
2020-10-27,3.690000,3.836000,3.690000,3.700000,3.700000,14800
2020-10-28,3.640000,3.715000,3.550000,3.640000,3.640000,13800
2020-10-29,3.590000,3.710000,3.480000,3.620000,3.620000,27300
2020-10-30,3.630000,3.660000,3.350000,3.550000,3.550000,28700
2020-11-02,3.370000,3.570000,3.301000,3.490000,3.490000,14500
2020-11-03,3.430000,3.710000,3.396000,3.690000,3.690000,16700
2020-11-04,3.550000,3.580000,3.450000,3.500000,3.500000,5100
2020-11-05,3.509000,3.725000,3.380000,3.650000,3.650000,17200
2020-11-06,3.730000,3.730000,3.670000,3.670000,3.670000,6400
2020-11-09,3.920000,3.980000,3.770000,3.830000,3.830000,30900
2020-11-10,3.890000,4.180000,3.848000,4.160000,4.160000,75500
2020-11-11,4.210000,4.210000,3.940000,4.100000,4.100000,46700
2020-11-12,3.930000,3.950000,3.674000,3.840000,3.840000,27100
2020-11-13,3.830000,4.110000,3.830000,3.990000,3.990000,44600
2020-11-16,4.040000,4.065000,3.950000,4.060000,4.060000,15900
2020-11-17,4.100000,4.100000,3.938000,3.940000,3.940000,17100
2020-11-18,4.000000,4.040000,3.870000,3.980000,3.980000,23400
2020-11-19,4.010000,4.170000,3.900000,4.120000,4.120000,66700
2020-11-20,4.010000,4.110000,3.990000,4.020000,4.020000,13400
2020-11-23,4.020000,4.080000,3.940000,4.000000,4.000000,26200
2020-11-24,4.050000,4.200000,4.030000,4.140000,4.140000,38200
2020-11-25,4.070000,4.330000,4.070000,4.260000,4.260000,90900
2020-11-27,4.240000,4.283000,4.170000,4.260000,4.260000,8100
2020-11-30,4.300000,4.320000,3.950000,4.100000,4.100000,32600
2020-12-01,4.190000,4.190000,3.800000,3.880000,3.880000,34600
2020-12-02,3.960000,3.960000,3.780000,3.830000,3.830000,12200
2020-12-03,3.800000,4.050000,3.700000,3.830000,3.830000,31100
2020-12-04,3.860000,3.895000,3.700000,3.700000,3.700000,26100
2020-12-07,3.710000,4.047000,3.710000,3.730000,3.730000,42400
2020-12-08,3.860000,3.900000,3.450000,3.770000,3.770000,80100
2020-12-09,3.790000,3.810000,3.530000,3.600000,3.600000,18400
2020-12-10,3.698000,3.780000,3.610000,3.780000,3.780000,11500
2020-12-11,3.780000,3.790000,3.610000,3.660000,3.660000,16000
2020-12-14,3.630000,3.810000,3.630000,3.690000,3.690000,16000
2020-12-15,3.670000,3.820000,3.670000,3.680000,3.680000,21600
2020-12-16,3.710000,3.720000,3.600000,3.600000,3.600000,15200
2020-12-17,3.670000,3.800000,3.570000,3.640000,3.640000,40100
2020-12-18,3.690000,4.400000,3.640000,4.350000,4.350000,275700
2020-12-21,4.307000,4.590000,4.150000,4.520000,4.520000,114500
2020-12-22,4.650000,4.750000,4.300000,4.370000,4.370000,100200
2020-12-23,4.340000,4.470000,4.310000,4.390000,4.390000,19800
2020-12-24,4.440000,4.444000,4.160000,4.210000,4.210000,32500
2020-12-28,4.400000,4.400000,4.080000,4.200000,4.200000,27600
2020-12-29,4.220000,4.227000,3.850000,3.870000,3.870000,37000
2020-12-30,3.800000,4.060000,3.800000,4.040000,4.040000,29100
2020-12-31,3.940000,3.990000,3.750000,3.770000,3.770000,31600
2021-01-04,3.750000,3.910000,3.710000,3.790000,3.790000,51800
2021-01-05,3.801000,4.040000,3.801000,3.880000,3.880000,20900
2021-01-06,3.890000,4.100000,3.890000,4.000000,4.000000,38400
2021-01-07,4.040000,4.120000,3.850000,3.900000,3.900000,22400
2021-01-08,3.935000,4.010000,3.885000,3.980000,3.980000,19900
2021-01-11,3.950000,4.200000,3.950000,4.060000,4.060000,40500
2021-01-12,4.190000,4.500000,4.090000,4.400000,4.400000,142900
2021-01-13,4.310000,4.610000,4.230000,4.570000,4.570000,76800
2021-01-14,4.700000,4.700000,4.220000,4.270000,4.270000,61900
2021-01-15,4.250000,4.420000,4.060000,4.120000,4.120000,36200
2021-01-19,4.250000,4.300000,4.070000,4.250000,4.250000,56400
2021-01-20,4.310000,4.655000,4.160000,4.600000,4.600000,125600
2021-01-21,4.660000,4.970000,4.470000,4.910000,4.910000,153300
2021-01-22,4.930000,5.191000,4.710000,5.060000,5.060000,181900
2021-01-25,5.310000,5.400000,5.017000,5.220000,5.220000,91000
2021-01-26,5.200000,5.200000,4.710000,4.760000,4.760000,100300
2021-01-27,4.580000,4.700000,4.400000,4.510000,4.510000,58400
2021-01-28,4.520000,4.790000,4.260000,4.370000,4.370000,64700
2021-01-29,4.280000,4.339000,4.150000,4.250000,4.250000,51500
2021-02-01,4.270000,4.930000,4.230000,4.840000,4.840000,161200
2021-02-02,4.960000,5.500000,4.930000,5.310000,5.310000,357100
2021-02-03,5.790000,7.060000,5.600000,6.970000,6.970000,918400
2021-02-04,6.790000,7.300000,6.250000,7.100000,7.100000,358600
2021-02-05,7.010000,7.100000,6.775000,6.940000,6.940000,152900
2021-02-08,11.020000,12.590000,8.380000,9.780000,9.780000,6251600
2021-02-09,8.800000,9.750000,8.400000,9.730000,9.730000,578100
2021-02-10,9.810000,9.810000,8.730000,9.430000,9.430000,294800
2021-02-11,9.625000,9.625000,7.690000,8.140000,8.140000,469200
2021-02-12,8.190000,8.440000,7.050000,7.920000,7.920000,420900
2021-02-16,7.760000,8.140000,7.300000,8.040000,8.040000,226300
2021-02-17,7.710000,7.940000,7.200000,7.750000,7.750000,289700
2021-02-18,7.600000,7.710000,7.410000,7.500000,7.500000,106300
2021-02-19,7.750000,8.165000,7.750000,7.910000,7.910000,183100
2021-02-22,8.150000,8.160000,7.510000,7.510000,7.510000,120100
2021-02-23,7.120000,7.250000,6.885000,7.130000,7.130000,159900
2021-02-24,7.130000,7.564000,6.985000,7.150000,7.150000,79100
2021-02-25,7.190000,7.480000,6.900000,7.020000,7.020000,83100
2021-02-26,6.910000,7.055000,6.190000,6.210000,6.210000,135900
2021-03-01,6.690000,7.250000,6.290000,7.220000,7.220000,199200
2021-03-02,7.160000,8.110000,7.010000,7.950000,7.950000,248300
2021-03-03,8.000000,8.000000,7.500000,7.770000,7.770000,141900
2021-03-04,7.600000,7.600000,7.010000,7.230000,7.230000,110700
2021-03-05,7.290000,7.390000,6.650000,7.070000,7.070000,108500
2021-03-08,7.090000,7.400000,6.900000,6.990000,6.990000,52000
2021-03-09,7.040000,7.680000,7.040000,7.380000,7.380000,86200
2021-03-10,7.370000,7.750000,7.359000,7.670000,7.670000,58500
2021-03-11,7.740000,8.070000,7.640000,8.050000,8.050000,49900
2021-03-12,8.070000,8.250000,7.905000,8.030000,8.030000,56600
2021-03-15,7.920000,8.420000,7.910000,8.130000,8.130000,90500
2021-03-16,8.120000,8.420000,7.800000,7.860000,7.860000,99100
2021-03-17,7.710000,8.050000,7.490000,7.930000,7.930000,65600
2021-03-18,7.763000,7.946000,7.550000,7.570000,7.570000,33800
2021-03-19,7.590000,8.480000,7.550000,8.180000,8.180000,140500
2021-03-22,8.360000,8.360000,7.726000,8.020000,8.020000,59000
2021-03-23,7.860000,8.500000,7.797000,8.430000,8.430000,118100
2021-03-24,8.500000,8.700000,8.150000,8.380000,8.380000,148600
2021-03-25,8.280000,8.390000,7.870000,8.020000,8.020000,109600
2021-03-26,8.100000,8.150000,7.500000,7.590000,7.590000,99800
2021-03-29,7.490000,7.790000,7.450000,7.610000,7.610000,54400
2021-03-30,7.520000,7.900000,7.300000,7.740000,7.740000,67000
2021-03-31,7.730000,7.890000,7.580000,7.640000,7.640000,75500
2021-04-01,7.690000,7.850000,7.440000,7.500000,7.500000,49600
2021-04-05,7.550000,7.550000,7.220000,7.390000,7.390000,39800
2021-04-06,7.370000,7.490000,7.170000,7.240000,7.240000,61500
2021-04-07,7.120000,7.300000,6.670000,6.670000,6.670000,132300
2021-04-08,6.750000,6.890000,6.420000,6.710000,6.710000,58900
2021-04-09,6.730000,7.100000,6.730000,6.960000,6.960000,40800
2021-04-12,6.980000,7.020000,6.350000,6.350000,6.350000,54500
2021-04-13,6.580000,6.681000,5.910000,6.100000,6.100000,102200
2021-04-14,6.050000,6.470000,6.050000,6.330000,6.330000,71000
2021-04-15,6.350000,6.527000,5.790000,5.940000,5.940000,97300
2021-04-16,6.000000,6.102000,5.500000,5.730000,5.730000,84400
2021-04-19,5.780000,5.780000,5.000000,5.310000,5.310000,135900
2021-04-20,5.230000,5.380000,4.850000,4.910000,4.910000,135300
2021-04-21,5.030000,5.300000,4.890000,5.170000,5.170000,126500
2021-04-22,5.090000,5.215000,4.851000,4.940000,4.940000,89200
2021-04-23,4.960000,5.420000,4.900000,5.290000,5.290000,68400
2021-04-26,5.300000,5.450000,5.210000,5.380000,5.380000,49400
2021-04-27,5.460000,5.611000,5.060000,5.340000,5.340000,90600
2021-04-28,5.310000,5.480000,5.030000,5.410000,5.410000,114200
2021-04-29,5.310000,5.394000,4.632000,4.730000,4.730000,158100
2021-04-30,4.680000,4.950000,4.680000,4.800000,4.800000,81500
2021-05-03,4.840000,4.970000,4.580000,4.860000,4.860000,47800
2021-05-04,4.890000,4.890000,4.615000,4.700000,4.700000,34300
2021-05-05,4.870000,11.880000,4.700000,11.060000,11.060000,58068800
2021-05-06,12.430000,15.540000,8.150000,8.780000,8.780000,34904600
2021-05-07,8.279000,9.860000,8.220000,8.560000,8.560000,3451900
2021-05-10,8.500000,8.800000,7.820000,7.930000,7.930000,1019600
2021-05-11,7.500000,9.625000,7.500000,9.050000,9.050000,1535400
2021-05-12,9.290000,12.140000,9.240000,10.060000,10.060000,4313400
2021-05-13,10.100000,11.450000,9.010000,9.240000,9.240000,953800
2021-05-14,9.350000,9.621000,8.800000,9.240000,9.240000,445600
2021-05-17,9.240000,11.090000,9.210000,10.390000,10.390000,845900
2021-05-18,10.390000,11.500000,10.364000,11.320000,11.320000,659500
2021-05-19,10.710000,12.950000,10.710000,12.850000,12.850000,918400
2021-05-20,13.000000,13.165000,10.930000,11.750000,11.750000,667200
2021-05-21,12.961000,13.020000,11.690000,11.890000,11.890000,313800
2021-05-24,12.240000,13.620000,11.890000,13.000000,13.000000,484300
2021-05-25,12.440000,12.990000,11.635000,12.500000,12.500000,451200
2021-05-26,12.810000,13.200000,12.120000,12.800000,12.800000,391900
2021-05-27,13.500000,14.540000,13.310000,13.700000,13.700000,725100
2021-05-28,14.030000,14.190000,13.530000,13.610000,13.610000,248300