Date,Open,High,Low,Close,Adj Close,Volume
2005-05-05,24.900000,24.940001,24.000000,24.299999,8.903514,3474400
2005-05-06,24.950001,26.730000,24.570000,25.510000,9.346862,724300
2005-05-09,25.680000,26.500000,25.650000,26.150000,9.581354,254100
2005-05-10,26.200001,26.240000,24.850000,25.650000,9.398154,302900
2005-05-11,25.650000,25.799999,25.260000,25.730000,9.427464,193900
2005-05-12,25.719999,26.150000,25.400000,25.549999,9.361514,202700
2005-05-13,25.680000,25.920000,25.250000,25.500000,9.343196,91700
2005-05-16,25.280001,25.690001,24.500000,25.500000,9.343196,190700
2005-05-17,25.420000,26.350000,25.100000,26.350000,9.654635,132100
2005-05-18,26.350000,26.370001,26.010000,26.100000,9.563033,88400
2005-05-19,26.170000,26.180000,25.580000,25.910000,9.493418,66000
2005-05-20,25.950001,26.190001,25.850000,26.129999,9.574025,44900
2005-05-23,26.190001,26.690001,25.850000,25.850000,9.471432,204300
2005-05-24,25.799999,26.320000,25.600000,25.920000,9.497084,67900
2005-05-25,25.820000,26.200001,25.799999,25.920000,9.497084,49200
2005-05-26,26.000000,26.150000,25.850000,26.000000,9.526395,41600
2005-05-27,25.990000,26.299999,25.990000,26.299999,9.636314,104600
2005-05-31,26.400000,26.840000,26.020000,26.370001,9.661963,59300
2005-06-01,26.500000,26.930000,26.020000,26.500000,9.709592,55300
2005-06-02,26.549999,26.700001,26.170000,26.590000,9.742571,53300
2005-06-03,26.299999,26.700001,26.299999,26.600000,9.746237,30100
2005-06-06,26.600000,26.680000,26.260000,26.590000,9.742571,55200
2005-06-07,26.400000,26.650000,26.250000,26.400000,9.672953,62300
2005-06-08,26.059999,26.400000,26.010000,26.020000,9.533724,42500
2005-06-09,26.090000,26.400000,25.990000,26.080000,9.555708,54600
2005-06-10,26.000000,26.200001,25.629999,25.850000,9.471432,46900
2005-06-13,25.850000,25.850000,24.799999,25.370001,9.295564,89500
2005-06-14,25.500000,25.600000,25.200001,25.580000,9.372504,29800
2005-06-15,25.600000,26.490000,25.420000,25.799999,9.453113,104400
2005-06-16,26.400000,27.240000,26.150000,27.000000,9.892793,128500
2005-06-17,27.000000,27.200001,26.500000,27.170000,9.955084,60000
2005-06-20,28.250000,28.250000,27.450001,27.540001,10.090652,74400
2005-06-21,27.600000,27.920000,27.510000,27.670000,10.138282,110600
2005-06-22,27.709999,27.920000,27.549999,27.920000,10.229881,57600
2005-06-23,27.770000,28.030001,27.620001,27.809999,10.189575,58000
2005-06-24,27.610001,28.379999,27.520000,28.139999,10.310493,27800
2005-06-27,28.290001,28.650000,27.900000,28.400000,10.405754,68600
2005-06-28,28.650000,28.719999,28.010000,28.450001,10.424074,63300
2005-06-29,28.350000,28.500000,27.879999,27.879999,10.215222,50000
2005-06-30,28.020000,28.809999,27.879999,28.200001,10.332476,39400
2005-07-01,28.200001,28.400000,28.000000,28.400000,10.405754,22200
2005-07-05,28.150000,28.350000,27.799999,28.350000,10.387434,30500
2005-07-06,28.330000,28.500000,27.900000,28.340000,10.383770,36000
2005-07-07,28.280001,28.350000,27.950001,28.200001,10.332476,19800
2005-07-08,28.370001,28.500000,28.090000,28.400000,10.405754,36000
2005-07-11,29.200001,29.350000,28.620001,29.350000,10.753833,35400
2005-07-12,29.600000,31.240000,29.500000,30.500000,11.175192,81700
2005-07-13,31.150000,31.200001,30.400000,30.580000,11.204501,76200
2005-07-14,30.930000,30.950001,29.700001,29.700001,10.882072,129500
2005-07-15,29.990000,29.990000,28.299999,28.770000,10.541323,42400
2005-07-18,29.000000,29.160000,28.000000,28.120001,10.303161,44500
2005-07-19,28.049999,29.090000,27.900000,28.590000,10.475368,52800
2005-07-20,28.430000,29.379999,28.430000,29.000000,10.625592,51900
2005-07-21,29.180000,30.600000,29.180000,29.500000,10.808798,47800
2005-07-22,29.650000,29.700001,29.000000,29.700001,10.882072,30000
2005-07-25,30.830000,31.250000,30.059999,30.980000,11.351066,56900
2005-07-26,31.000000,32.400002,30.920000,31.950001,11.706473,44100
2005-07-27,32.450001,32.480000,31.750000,32.450001,11.889678,49300
2005-07-28,33.160000,35.160000,32.500000,33.099998,12.127832,84400
2005-07-29,32.450001,33.250000,32.000000,32.919998,12.061877,78900
2005-08-01,32.669998,33.080002,32.250000,32.990002,12.087525,27100
2005-08-02,33.000000,34.900002,32.669998,34.500000,12.640793,54400
2005-08-03,34.500000,35.000000,34.220001,34.700001,12.801644,47900
2005-08-04,34.950001,35.000000,33.160000,33.349998,12.303598,30800
2005-08-05,34.000000,34.000000,32.299999,32.299999,11.916224,90700
2005-08-08,32.500000,32.549999,31.260000,31.639999,11.672737,59300
2005-08-09,31.330000,31.340000,29.350000,30.480000,11.244786,61700
2005-08-10,30.309999,32.099998,30.309999,31.480000,11.613708,47300
2005-08-11,31.400000,31.850000,31.100000,31.430000,11.595263,34900
2005-08-12,31.600000,32.500000,31.600000,32.009998,11.809240,22500
2005-08-15,32.180000,32.180000,31.700001,31.700001,11.694872,16300
2005-08-16,31.620001,32.000000,30.190001,30.350000,11.196827,19900
2005-08-17,30.320000,30.850000,29.200001,29.500000,10.883245,76600
2005-08-18,29.500000,30.400000,29.320000,30.400000,11.215267,41200
2005-08-19,30.750000,32.099998,30.750000,31.590000,11.654289,15300
2005-08-22,31.719999,32.150002,31.719999,32.130001,11.853512,12200
2005-08-23,32.279999,32.279999,31.600000,32.150002,11.860888,23000
2005-08-24,32.299999,32.299999,31.750000,31.750000,11.713318,20800
2005-08-25,31.750000,31.750000,31.270000,31.600000,11.657981,39900
2005-08-26,31.830000,31.840000,30.200001,30.629999,11.300125,44700
2005-08-29,30.850000,30.980000,30.200001,30.980000,11.429249,11100
2005-08-30,30.980000,31.309999,30.700001,31.000000,11.436627,6900
2005-08-31,30.350000,32.349998,30.299999,31.850000,11.750214,30300
2005-09-01,32.599998,32.849998,31.500000,32.000000,11.805547,24400
2005-09-02,32.250000,33.000000,31.850000,32.700001,12.063797,20100
2005-09-06,32.950001,32.950001,31.350000,32.250000,11.897780,38700
2005-09-07,32.250000,32.439999,31.030001,32.290001,11.912537,32000
2005-09-08,32.389999,32.389999,31.400000,31.990000,11.801861,25800
2005-09-09,32.160000,32.299999,31.690001,31.900000,11.768659,17800
2005-09-12,32.240002,32.240002,31.200001,31.480000,11.613708,14100
2005-09-13,31.370001,31.700001,31.260000,31.700001,11.694872,8900
2005-09-14,31.850000,32.000000,31.049999,31.049999,11.455072,14600
2005-09-15,31.000000,31.000000,29.799999,30.000000,11.067702,32300
2005-09-16,30.160000,30.520000,30.000000,30.030001,11.078769,12000
2005-09-19,30.200001,31.190001,30.200001,30.850000,11.381288,20700
2005-09-20,30.850000,30.950001,30.500000,30.650000,11.307504,7900
2005-09-21,30.639999,30.850000,30.000000,30.150000,11.123037,27600
2005-09-22,30.059999,30.799999,30.059999,30.709999,11.329638,8600
2005-09-23,30.959999,30.990000,30.590000,30.650000,11.307504,14500
2005-09-26,30.750000,30.799999,30.490000,30.500000,11.252166,35500
2005-09-27,30.250000,30.490000,30.000000,30.160000,11.126731,13600
2005-09-28,30.600000,30.969999,30.299999,30.910000,11.403424,15700
2005-09-29,30.660000,31.500000,30.500000,31.500000,11.621088,11200
2005-09-30,30.799999,31.500000,30.500000,31.500000,11.621088,29500
2005-10-03,31.750000,32.250000,31.650000,31.660000,11.680117,35400
2005-10-04,31.910000,31.910000,31.000000,31.000000,11.436627,14000
2005-10-05,31.400000,31.400000,30.000000,30.549999,11.270607,51900
2005-10-06,30.000000,30.280001,29.750000,30.010000,11.071390,31700
2005-10-07,29.830000,30.600000,29.700001,30.250000,11.159934,15500
2005-10-10,30.260000,30.600000,30.000000,30.600000,11.289061,13100
2005-10-11,29.750000,30.370001,29.750000,30.370001,11.204202,14700
2005-10-12,30.000000,30.299999,29.500000,29.740000,10.971782,25100
2005-10-13,29.549999,29.549999,28.600000,29.209999,10.776255,39300
2005-10-14,29.150000,29.150000,28.549999,28.910000,10.665578,25600
2005-10-17,29.110001,29.450001,29.110001,29.250000,10.791012,7500
2005-10-18,29.000000,29.400000,28.930000,29.000000,10.698779,9100
2005-10-19,29.059999,29.080000,27.500000,28.100000,10.366751,77700
2005-10-20,28.010000,28.260000,27.700001,27.990000,10.326169,30800
2005-10-21,28.100000,28.150000,27.700001,28.059999,10.351995,32800
2005-10-24,28.000000,28.000000,27.500000,28.000000,10.329860,23000
2005-10-25,28.000000,28.000000,27.610001,27.750000,10.237625,40600
2005-10-26,27.559999,28.450001,27.500000,28.240000,10.418399,133500
2005-10-27,28.490000,28.490000,27.629999,28.000000,10.329860,20400
2005-10-28,28.250000,28.500000,27.520000,28.500000,10.514318,24400
2005-10-31,28.500000,30.250000,28.360001,29.910000,11.034501,24300
2005-11-01,29.910000,30.190001,29.500000,29.959999,11.052946,21200
2005-11-02,30.000000,30.549999,30.000000,30.299999,11.178380,47600
2005-11-03,30.549999,30.600000,29.020000,29.299999,10.809456,16700
2005-11-04,29.549999,29.740000,29.250000,29.740000,10.971782,12300
2005-11-07,29.070000,29.290001,28.750000,28.799999,10.774622,10700
2005-11-08,28.700001,28.990000,28.139999,28.450001,10.643686,15200
2005-11-09,28.600000,29.190001,28.600000,28.820000,10.782104,8000
2005-11-10,29.000000,29.540001,29.000000,29.540001,11.051469,8400
2005-11-11,29.010000,30.250000,29.000000,30.110001,11.264721,12600
2005-11-14,30.250000,30.250000,29.799999,29.900000,11.186155,9800
2005-11-15,30.049999,30.049999,29.650000,29.650000,11.092624,7000
2005-11-16,29.490000,29.490000,27.600000,27.690001,10.359352,159900
2005-11-17,27.690001,27.950001,27.400000,27.400000,10.250859,140300
2005-11-18,27.299999,27.680000,27.299999,27.400000,10.250859,1739200
2005-11-21,27.840000,27.840000,27.450001,27.540001,10.303235,291600
2005-11-22,27.540001,27.840000,27.420000,27.740000,10.378059,277000
2005-11-23,27.750000,28.160000,27.700001,28.049999,10.494032,170800
2005-11-25,28.170000,28.170000,27.950001,28.030001,10.486554,58700
2005-11-28,28.280001,28.400000,27.950001,28.129999,10.523963,192400
2005-11-29,28.030001,28.260000,27.980000,28.100000,10.512744,199100
2005-11-30,28.100000,28.190001,28.000000,28.030001,10.486554,129500
2005-12-01,28.160000,28.200001,28.010000,28.049999,10.494032,96900
2005-12-02,28.100000,28.299999,27.500000,28.240000,10.565120,131200
2005-12-05,28.600000,28.750000,28.340000,28.500000,10.662385,326500
2005-12-06,28.600000,28.650000,28.219999,28.250000,10.568858,214500
2005-12-07,28.450001,28.480000,28.000000,28.400000,10.624977,83700
2005-12-08,28.480000,28.480000,28.070000,28.299999,10.587563,81700
2005-12-09,28.299999,28.450001,28.070000,28.389999,10.621233,46300
2005-12-12,28.299999,28.299999,28.160000,28.299999,10.587563,72900
2005-12-13,28.250000,28.299999,28.049999,28.180000,10.542670,79600
2005-12-14,28.299999,29.230000,28.299999,29.000000,10.849443,368200
2005-12-15,29.400000,29.920000,29.200001,29.680000,11.103844,212100
2005-12-16,29.500000,29.990000,29.299999,29.910000,11.189896,84900
2005-12-19,29.910000,29.910000,29.100000,29.290001,10.957944,102000
2005-12-20,29.450001,29.450001,29.059999,29.299999,10.961681,47100
2005-12-21,29.200001,29.410000,29.049999,29.250000,10.942976,37900
2005-12-22,29.120001,29.350000,29.120001,29.320000,10.969166,40800
2005-12-23,29.389999,29.389999,29.030001,29.170000,10.913048,47600
2005-12-27,29.010000,29.200001,28.150000,28.490000,10.658649,75100
2005-12-28,28.350000,28.559999,28.299999,28.559999,10.684835,41100
2005-12-29,29.250000,29.389999,28.780001,29.150000,10.905565,44600
2005-12-30,29.900000,29.930000,29.530001,29.620001,11.081403,57200
2006-01-03,29.000000,29.330000,28.920000,29.320000,10.969166,83600
2006-01-04,29.320000,30.000000,29.320000,30.000000,11.223568,37100
2006-01-05,30.000000,30.120001,29.270000,29.600000,11.073919,61100
2006-01-06,29.000000,29.670000,29.000000,29.660000,11.096367,48900
2006-01-09,29.530001,29.700001,29.250000,29.690001,11.107585,39400
2006-01-10,29.370001,29.980000,29.360001,29.940001,11.201116,57200
2006-01-11,29.549999,29.950001,29.549999,29.790001,11.145000,135900
2006-01-12,29.650000,29.980000,29.559999,29.850000,11.167451,27700
2006-01-13,29.969999,30.030001,29.129999,29.600000,11.073919,181500
2006-01-17,29.350000,29.990000,29.250000,29.620001,11.081403,41200
2006-01-18,29.700001,29.830000,29.549999,29.700001,11.111333,47300
2006-01-19,29.700001,29.959999,29.250000,29.760000,11.133774,196500
2006-01-20,29.760000,29.840000,29.400000,29.750000,11.130034,49000
2006-01-23,29.500000,29.780001,29.350000,29.600000,11.073919,42800
2006-01-24,29.360001,29.790001,29.360001,29.760000,11.133774,50000
2006-01-25,29.680000,29.750000,29.450001,29.600000,11.073919,38900
2006-01-26,29.500000,29.500000,29.120001,29.389999,10.995354,45700
2006-01-27,29.350000,29.740000,28.760000,29.480000,11.029024,82200
2006-01-30,29.309999,29.700001,29.250000,29.450001,11.174345,50600
2006-01-31,29.350000,29.799999,29.280001,29.600000,11.231261,75500
2006-02-01,29.750000,29.760000,29.320000,29.590000,11.227465,33800
2006-02-02,28.900000,29.280001,28.900000,29.020000,11.011192,74400
2006-02-03,29.219999,29.700001,28.510000,29.600000,11.231261,43100
2006-02-06,29.750000,29.770000,29.040001,29.250000,11.098462,32700
2006-02-07,29.400000,29.670000,29.299999,29.500000,11.193316,24100
2006-02-08,29.500000,29.500000,29.020000,29.420000,11.162965,28900
2006-02-09,29.360001,29.500000,29.000000,29.500000,11.193316,38300
2006-02-10,29.600000,29.600000,28.900000,29.000000,11.003599,68600
2006-02-13,28.860001,29.200001,28.500000,28.799999,10.927715,40200
2006-02-14,28.600000,28.900000,28.049999,28.700001,10.889772,62200
2006-02-15,28.049999,28.950001,28.049999,28.650000,10.870799,81100
2006-02-16,28.719999,29.950001,28.500000,28.900000,10.965658,89500
2006-02-17,29.049999,30.000000,29.040001,29.940001,11.360268,27800
2006-02-21,30.750000,30.799999,29.500000,30.299999,11.496861,86000
2006-02-22,30.510000,30.590000,29.700001,30.180000,11.451335,55300
2006-02-23,30.430000,30.500000,29.760000,30.100000,11.420979,73100
2006-02-24,30.490000,30.490000,30.010000,30.100000,11.420979,19400
2006-02-27,30.299999,30.400000,29.420000,30.090000,11.417185,58200
2006-02-28,30.200001,30.400000,29.750000,30.400000,11.534803,43300
2006-03-01,30.500000,30.750000,29.750000,30.090000,11.417185,50400
2006-03-02,30.200001,30.200001,29.559999,30.000000,11.383036,41900
2006-03-03,30.250000,30.340000,29.700001,29.910000,11.348887,36000
2006-03-06,30.100000,30.129999,29.010000,30.000000,11.383036,71000
2006-03-07,30.049999,30.049999,29.020000,29.719999,11.276793,59300
2006-03-08,29.500000,29.900000,28.780001,29.889999,11.341295,48700
2006-03-09,29.639999,29.900000,29.600000,29.799999,11.307148,83900
2006-03-10,29.430000,30.010000,29.430000,29.950001,11.364065,124000
2006-03-13,30.150000,30.200001,29.900000,30.200001,11.458920,95900
2006-03-14,30.379999,30.549999,30.280001,30.400000,11.534803,98000
2006-03-15,30.500000,31.000000,30.420000,31.000000,11.762473,66600
2006-03-16,31.450001,31.450001,31.000000,31.200001,11.838358,73100
2006-03-17,31.240000,31.240000,31.000000,31.049999,11.781444,44500
2006-03-20,31.000000,31.200001,30.500000,30.590000,11.606906,87100
2006-03-21,31.090000,31.150000,30.440001,30.980000,11.754884,69100
2006-03-22,30.980000,31.500000,30.820000,31.340000,11.891473,53400
2006-03-23,31.209999,31.450001,31.110001,31.260000,11.861120,26900
2006-03-24,31.459999,31.690001,31.110001,31.350000,11.895274,38100
2006-03-27,31.500000,31.600000,31.200001,31.360001,11.899066,14800
2006-03-28,31.440001,31.799999,31.260000,31.690001,12.024279,18900
2006-03-29,31.700001,31.700001,31.090000,31.389999,11.910449,24500
2006-03-30,31.540001,31.700001,31.160000,31.200001,11.838358,28100
2006-03-31,31.250000,31.410000,31.250000,31.250000,11.857329,18600
2006-04-03,31.250000,31.760000,31.250000,31.490000,11.948392,45700
2006-04-04,31.400000,31.750000,31.250000,31.389999,11.910449,56300
2006-04-05,31.309999,31.680000,31.260000,31.309999,11.880092,15600
2006-04-06,31.299999,31.700001,31.150000,31.150000,11.819382,33100
2006-04-07,31.250000,31.400000,30.650000,30.950001,11.743497,62400
2006-04-10,30.959999,31.500000,30.760000,30.900000,11.724527,30400
2006-04-11,30.959999,31.190001,30.549999,30.549999,11.591724,41200
2006-04-12,30.700001,30.750000,30.450001,30.500000,11.572753,27600
2006-04-13,30.600000,30.600000,30.160000,30.260000,11.481694,15800
2006-04-17,30.129999,30.450001,30.010000,30.180000,11.451335,30300
2006-04-18,29.709999,30.680000,29.709999,30.280001,11.489277,31000
2006-04-19,29.799999,30.520000,29.799999,30.299999,11.496861,30500
2006-04-20,30.500000,30.790001,30.260000,30.500000,11.572753,17600
2006-04-21,30.600000,31.139999,30.530001,30.610001,11.614490,24700
2006-04-24,30.600000,30.990000,30.260000,30.340000,11.512044,43600
2006-04-25,30.480000,30.780001,30.350000,30.700001,11.648638,23100
2006-04-26,30.780001,30.980000,30.350000,30.500000,11.572753,31000
2006-04-27,30.450001,31.000000,30.299999,30.750000,11.667614,23700
2006-04-28,30.600000,31.180000,30.600000,31.000000,11.762473,30500
2006-05-01,31.200001,31.420000,30.950001,31.049999,11.781444,15400
2006-05-02,31.040001,31.120001,30.650000,30.799999,11.686580,16400
2006-05-03,31.000000,31.059999,30.250000,30.639999,11.625878,23200
2006-05-04,30.500000,31.309999,30.500000,31.160000,11.823182,35500
2006-05-05,31.410000,32.150002,31.410000,31.980000,12.134316,99000
2006-05-08,31.750000,32.110001,31.299999,31.700001,12.204770,41500
2006-05-09,31.700001,31.809999,31.299999,31.309999,12.054617,38100
2006-05-10,31.059999,31.600000,31.000000,31.410000,12.093120,19100
2006-05-11,31.610001,32.000000,30.920000,31.010000,11.939116,21500
2006-05-12,31.000000,31.230000,30.280001,30.450001,11.723510,36300
2006-05-15,30.500000,30.969999,30.500000,30.840000,11.873665,19100
2006-05-16,31.400000,32.200001,31.000000,31.500000,12.127771,58300
2006-05-17,31.500000,31.629999,31.010000,31.070000,11.962220,19400
2006-05-18,31.100000,31.379999,31.000000,31.059999,11.958367,63800
2006-05-19,31.000000,31.379999,31.000000,31.370001,12.077723,43300
2006-05-22,31.490000,31.540001,30.100000,30.860001,11.881364,56800
2006-05-23,31.000000,31.910000,30.959999,31.370001,12.077723,63500
2006-05-24,31.500000,31.500000,30.420000,30.459999,11.727360,29200
2006-05-25,30.459999,30.959999,30.459999,30.680000,11.812063,33200
2006-05-26,30.780001,31.209999,30.750000,31.120001,11.981470,14400
2006-05-30,31.219999,31.549999,30.780001,31.000000,11.935266,19600
2006-05-31,31.100000,31.250000,30.450001,30.730000,11.831314,31800
2006-06-01,30.930000,31.170000,30.350000,31.000000,11.935266,23000
2006-06-02,31.000000,31.000000,30.650000,31.000000,11.935266,80300
2006-06-05,31.000000,31.049999,30.750000,30.920000,11.904465,47800
2006-06-06,30.990000,31.000000,30.620001,30.730000,11.831314,36100
2006-06-07,30.750000,31.000000,30.620001,30.750000,11.839013,27400
2006-06-08,30.000000,30.990000,29.910000,30.889999,11.892912,58200
2006-06-09,30.750000,30.950001,30.520000,30.530001,11.754311,14800
2006-06-12,30.700001,30.900000,29.950001,30.000000,11.550259,33300
2006-06-13,30.059999,30.299999,29.049999,29.129999,11.215302,81000
2006-06-14,28.959999,29.750000,28.950001,29.139999,11.219150,60100
2006-06-15,29.190001,29.559999,29.030001,29.389999,11.315405,43900
2006-06-16,29.389999,30.549999,29.389999,29.730000,11.446301,46600
2006-06-19,29.750000,30.100000,29.600000,30.000000,11.550259,48300
2006-06-20,29.850000,30.750000,29.799999,29.980000,11.542556,90300
2006-06-21,29.850000,30.250000,29.850000,30.150000,11.608009,14200
2006-06-22,30.000000,30.290001,29.990000,30.010000,11.554107,12500
2006-06-23,29.990000,31.100000,29.809999,29.930000,11.523307,32900
2006-06-26,29.750000,30.379999,29.420000,29.790001,11.469404,49900
2006-06-27,29.709999,30.049999,29.100000,29.850000,11.492510,45400
2006-06-28,29.770000,29.799999,29.430000,29.799999,11.473254,44700
2006-06-29,29.750000,30.219999,29.500000,30.100000,11.588758,15600
2006-06-30,29.850000,30.400000,29.850000,30.400000,11.704257,25200
2006-07-03,30.400000,30.400000,30.000000,30.070000,11.577209,6600
2006-07-05,29.780001,30.709999,29.620001,30.410000,11.708111,24900
2006-07-06,30.180000,30.520000,29.969999,30.450001,11.723510,18400
2006-07-07,30.600000,30.650000,30.049999,30.260000,11.650363,12600
2006-07-10,30.360001,30.680000,30.360001,30.670000,11.808213,15100
2006-07-11,30.799999,31.340000,30.610001,30.900000,11.896767,24100
2006-07-12,30.820000,31.290001,30.750000,30.799999,11.858262,7500
2006-07-13,30.700001,30.790001,30.299999,30.400000,11.704257,13600
2006-07-14,30.299999,30.690001,30.040001,30.570000,11.769715,8800
2006-07-17,30.820000,30.820000,30.000000,30.370001,11.692711,18900
2006-07-18,30.150000,30.520000,30.080000,30.080000,11.581059,17500
2006-07-19,30.280001,30.510000,30.100000,30.510000,11.746615,12500
2006-07-20,30.650000,30.750000,30.150000,30.510000,11.746615,12600
2006-07-21,30.370001,31.000000,30.290001,30.639999,11.796669,13200
2006-07-24,30.840000,31.000000,30.709999,30.719999,11.827464,7000
2006-07-25,30.799999,31.480000,30.799999,31.129999,11.985321,9900
2006-07-26,30.930000,31.469999,30.930000,31.010000,11.939116,19300
2006-07-27,31.200001,31.360001,30.900000,30.900000,11.896767,8200
2006-07-28,30.950001,31.200001,30.400000,30.400000,11.704257,24700
2006-07-31,30.450001,30.780001,30.330000,30.400000,11.704257,12600
2006-08-01,30.549999,31.500000,30.549999,30.670000,11.808213,28200
2006-08-02,30.920000,31.440001,30.139999,30.430000,11.715808,35100
2006-08-03,30.400000,30.559999,30.000000,30.350000,11.685010,33600
2006-08-04,30.850000,31.549999,30.650000,31.469999,12.116222,18200
2006-08-07,31.100000,31.820000,31.090000,31.280001,12.222900,33300
2006-08-08,31.250000,31.500000,30.809999,31.280001,12.222900,20100
2006-08-09,31.150000,31.389999,30.900000,31.100000,12.152561,21000
2006-08-10,31.000000,31.190001,30.889999,31.000000,12.113487,18900
2006-08-11,31.150000,31.150000,30.660000,31.020000,12.121302,29500
2006-08-14,31.200001,31.250000,30.570000,30.930000,12.086133,22400
2006-08-15,30.930000,31.240000,30.600000,30.730000,12.007980,24100
2006-08-16,30.660000,31.200001,30.520000,30.870001,12.062687,29700
2006-08-17,30.980000,31.500000,30.570000,30.600000,11.957177,28500
2006-08-18,30.799999,31.010000,30.610001,30.740000,12.011888,19400
2006-08-21,31.000000,31.059999,30.660000,30.990000,12.109578,17900
2006-08-22,30.799999,30.950001,30.600000,30.799999,12.035333,16100
2006-08-23,30.799999,30.889999,30.600000,30.889999,12.070499,20800
2006-08-24,30.950001,30.950001,30.650000,30.820000,12.043151,13200
2006-08-25,30.980000,31.139999,30.799999,30.870001,12.062687,15700
2006-08-28,31.049999,31.129999,30.500000,30.680000,11.988446,54200
2006-08-29,30.600000,30.690001,30.190001,30.500000,11.918102,45400
2006-08-30,30.620001,30.690001,30.150000,30.280001,11.832141,41100
2006-08-31,30.430000,30.450001,30.230000,30.299999,11.839952,26800
2006-09-01,30.450001,30.600000,30.110001,30.400000,11.879028,43100
2006-09-05,30.500000,30.580000,30.070000,30.209999,11.804788,24300
2006-09-06,30.200001,30.490000,30.000000,30.000000,11.722728,41100
2006-09-07,30.000000,30.139999,29.559999,29.600000,11.566427,58300
2006-09-08,29.600000,29.690001,29.290001,29.469999,11.515626,49500
2006-09-11,29.500000,29.799999,29.379999,29.590000,11.562517,45000
2006-09-12,29.650000,29.820000,29.340000,29.459999,11.511717,56100
2006-09-13,29.350000,29.840000,29.350000,29.570000,11.554704,40400
2006-09-14,29.440001,29.900000,29.410000,29.450001,11.507809,77400
2006-09-15,29.600000,29.600000,29.150000,29.370001,11.476555,49000
2006-09-18,29.389999,29.870001,29.129999,29.389999,11.484364,37200
2006-09-19,29.400000,29.530001,29.350000,29.440001,11.503903,32900
2006-09-20,29.670000,29.900000,29.040001,29.350000,11.468737,40700
2006-09-21,29.500000,29.790001,29.170000,29.510000,11.531258,45900
2006-09-22,29.350000,29.910000,29.350000,29.809999,11.648483,19100
2006-09-25,29.799999,30.000000,29.379999,29.850000,11.664117,37400
2006-09-26,29.850000,30.549999,29.620001,29.990000,11.718820,32500
2006-09-27,29.990000,30.049999,29.520000,29.980000,11.714907,25900
2006-09-28,29.980000,29.980000,29.860001,29.950001,11.703188,30400
2006-09-29,29.820000,30.450001,29.700001,30.450001,11.898567,50600
2006-10-02,30.250000,30.990000,30.010000,30.690001,11.992352,27000
2006-10-03,30.639999,31.549999,29.910000,30.000000,11.722728,31800
2006-10-04,30.000000,30.459999,29.850000,30.040001,11.738361,22300
2006-10-05,30.750000,30.889999,30.160000,30.350000,11.859495,17900
2006-10-06,30.250000,30.480000,30.059999,30.160000,11.785250,15400
2006-10-09,30.010000,30.469999,29.920000,30.170000,11.789155,17800
2006-10-10,30.110001,30.490000,29.969999,30.139999,11.777434,20200
2006-10-11,30.139999,30.450001,30.100000,30.110001,11.765714,22100
2006-10-12,30.059999,30.340000,30.000000,30.299999,11.839952,10200
2006-10-13,30.379999,30.459999,30.180000,30.360001,11.863399,18400
2006-10-16,30.350000,30.360001,30.200001,30.340000,11.855585,15600
2006-10-17,30.100000,30.510000,30.100000,30.260000,11.824330,23200
2006-10-18,30.400000,30.500000,30.270000,30.379999,11.871215,20500
2006-10-19,30.490000,30.490000,30.219999,30.320000,11.847773,11900
2006-10-20,30.200001,30.389999,30.180000,30.190001,11.796972,16700
2006-10-23,30.150000,30.500000,30.150000,30.450001,11.898567,37400
2006-10-24,30.299999,30.469999,30.219999,30.290001,11.836047,39700
2006-10-25,30.250000,30.299999,30.180000,30.200001,11.800878,44400
2006-10-26,30.010000,30.379999,30.010000,30.290001,11.836047,51800
2006-10-27,30.080000,30.750000,30.080000,30.639999,11.972816,21500
2006-10-30,30.639999,30.719999,30.180000,30.400000,11.879028,30100
2006-10-31,30.400000,30.520000,30.110001,30.379999,11.871215,35800
2006-11-01,30.650000,31.240000,30.010000,30.209999,11.804788,32700
2006-11-02,30.209999,30.750000,30.209999,30.360001,11.863399,44500
2006-11-03,30.500000,30.809999,30.150000,30.500000,11.918102,44800
2006-11-06,30.600000,30.750000,30.430000,30.500000,11.918102,49800
2006-11-07,30.000000,30.930000,30.000000,30.930000,12.272435,29200
2006-11-08,30.600000,30.820000,30.250000,30.700001,12.181170,16400
2006-11-09,30.700001,30.799999,30.650000,30.700001,12.181170,37300
2006-11-10,30.530001,30.680000,30.330000,30.650000,12.161329,32700
2006-11-13,31.400000,31.450001,30.709999,31.100000,12.339884,49400
2006-11-14,31.600000,31.600000,31.000000,31.049999,12.320045,25600
2006-11-15,31.400000,31.400000,30.969999,31.049999,12.320045,37300
2006-11-16,31.299999,31.600000,30.990000,31.000000,12.300207,26200
2006-11-17,31.000000,31.230000,30.840000,30.950001,12.280367,17100
2006-11-20,31.200001,31.299999,30.840000,30.950001,12.280367,17600
2006-11-21,31.250000,31.299999,30.750000,30.860001,12.244658,22400
2006-11-22,31.150000,31.219999,30.590000,30.700001,12.181170,56200
2006-11-24,30.950001,31.360001,30.950001,31.160000,12.363691,12700
2006-11-27,31.360001,31.740000,31.270000,31.510000,12.502565,27800
2006-11-28,31.500000,31.660000,31.270000,31.590000,12.534306,34600
2006-11-29,31.600000,31.650000,31.299999,31.549999,12.518432,37200
2006-11-30,31.600000,31.770000,31.540001,31.570000,12.526372,21900
2006-12-01,31.570000,31.570000,31.200001,31.350000,12.439081,18400
2006-12-04,31.200001,31.770000,31.200001,31.410000,12.462885,18200
2006-12-05,31.250000,31.500000,31.100000,31.500000,12.498595,21100
2006-12-06,31.799999,33.860001,31.799999,32.849998,13.034254,126800
2006-12-07,32.849998,32.910000,32.200001,32.549999,12.915218,44600
2006-12-08,32.400002,32.500000,32.160000,32.400002,12.855700,44000
2006-12-11,32.400002,32.990002,32.080002,32.700001,12.974737,46900
2006-12-12,33.000000,33.290001,32.930000,33.000000,13.093768,18500
2006-12-13,32.970001,33.220001,32.799999,33.119999,13.141379,14600
2006-12-14,33.119999,33.750000,33.090000,33.490002,13.288198,32800
2006-12-15,33.000000,33.990002,32.970001,33.990002,13.486583,10600
2006-12-18,33.950001,34.849998,33.950001,34.230000,13.581811,29700
2006-12-19,34.509998,35.990002,34.009998,34.099998,13.530229,30300
2006-12-20,34.299999,34.299999,33.910000,33.990002,13.486583,26500
2006-12-21,33.799999,34.029999,33.150002,33.459999,13.276289,18700
2006-12-22,33.250000,33.299999,33.000000,33.000000,13.093768,23500
2006-12-26,32.900002,33.060001,32.410000,32.660000,12.958859,79300
2006-12-27,32.750000,33.400002,32.730000,32.810001,13.018381,51800
2006-12-28,32.900002,33.299999,32.529999,32.660000,12.958859,31800
2006-12-29,32.560001,33.450001,32.560001,33.310001,13.216769,20700
2007-01-03,33.299999,33.700001,33.230000,33.500000,13.292157,35500
2007-01-04,33.099998,34.000000,33.099998,33.740002,13.387385,26100
2007-01-05,33.599998,33.689999,33.080002,33.130001,13.145350,23600
2007-01-08,33.200001,33.500000,32.889999,33.160000,13.157257,17300
2007-01-09,33.000000,33.490002,32.599998,33.320000,13.220741,20100
2007-01-10,33.250000,33.849998,33.110001,33.720001,13.379448,17800
2007-01-11,33.500000,33.750000,33.500000,33.599998,13.331832,16100
2007-01-12,33.599998,33.599998,33.200001,33.220001,13.181058,16200
2007-01-16,33.349998,33.490002,32.520000,32.810001,13.018381,28100
2007-01-17,32.660000,32.990002,32.650002,32.759998,12.998542,9400
2007-01-18,32.660000,33.000000,32.610001,32.759998,12.998542,37900
2007-01-19,32.599998,32.919998,32.560001,32.700001,12.974737,36100
2007-01-22,32.599998,32.770000,32.540001,32.709999,12.978702,76800
2007-01-23,33.000000,33.500000,32.900002,33.389999,13.248513,30900
2007-01-24,33.000000,33.880001,32.849998,33.709999,13.375480,43400
2007-01-25,33.660000,33.990002,32.759998,33.139999,13.149321,28700
2007-01-26,33.380001,33.910000,33.000000,33.279999,13.204865,9700
2007-01-29,33.290001,33.799999,33.099998,33.730000,13.383416,23100
2007-01-30,33.509998,34.000000,33.500000,33.820000,13.419130,12300
2007-01-31,33.549999,34.419998,33.400002,33.970001,13.478646,23100
2007-02-01,33.900002,34.639999,33.900002,34.549999,13.708776,22700
2007-02-02,34.700001,35.990002,34.549999,35.990002,14.280140,35400
2007-02-05,36.000000,36.490002,36.000000,36.330002,14.415047,36400
2007-02-06,36.349998,36.689999,36.299999,36.680000,14.553922,65100
2007-02-07,36.049999,37.130001,35.959999,37.049999,14.888668,88700
2007-02-08,37.049999,37.209999,36.730000,37.150002,14.928853,50800
2007-02-09,36.200001,38.080002,36.080002,38.080002,15.302581,130300
2007-02-12,37.750000,37.990002,36.310001,37.099998,14.908758,107100
2007-02-13,37.000000,37.700001,35.840000,37.099998,14.908758,114000
2007-02-14,37.180000,37.250000,36.750000,37.000000,14.868569,94400
2007-02-15,36.799999,37.490002,36.360001,36.680000,14.739980,71300
2007-02-16,36.400002,36.849998,36.099998,36.799999,14.788199,85200
2007-02-20,37.000000,37.009998,36.509998,36.759998,14.772127,61600
2007-02-21,36.889999,36.919998,36.400002,36.799999,14.788199,58100
2007-02-22,36.799999,36.840000,36.360001,36.799999,14.788199,32300
2007-02-23,36.799999,37.580002,36.750000,36.849998,14.808295,72500
2007-02-26,36.840000,37.430000,36.740002,37.000000,14.868569,50000
2007-02-27,36.500000,37.250000,36.000000,36.990002,14.864557,84800
2007-02-28,36.000000,37.000000,36.000000,36.810001,14.792219,76200
2007-03-01,36.750000,37.180000,36.490002,37.099998,14.908758,54900
2007-03-02,37.189999,37.189999,36.509998,36.799999,14.788199,54600
2007-03-05,36.770000,36.930000,36.250000,36.599998,14.707831,51400
2007-03-06,36.700001,36.790001,36.560001,36.650002,14.727923,60200
2007-03-07,36.650002,36.799999,36.470001,36.650002,14.727923,36200
2007-03-08,36.650002,36.880001,36.360001,36.880001,14.820350,22500
2007-03-09,37.000000,37.000000,36.590000,36.849998,14.808295,21900
2007-03-12,36.880001,36.939999,36.430000,36.880001,14.820350,29200
2007-03-13,36.639999,36.889999,35.000000,36.610001,14.711847,25100
2007-03-14,36.450001,36.900002,35.599998,36.630001,14.719888,19300
2007-03-15,36.500000,36.849998,36.259998,36.709999,14.752030,20900
2007-03-16,36.709999,37.230000,36.490002,37.189999,14.944927,17800
2007-03-19,37.000000,37.500000,36.810001,36.939999,14.844462,18100
2007-03-20,36.939999,37.130001,36.720001,37.000000,14.868569,13800
2007-03-21,37.000000,37.500000,36.849998,36.939999,14.844462,41900
2007-03-22,36.980000,37.419998,36.709999,37.220001,14.956980,18000
2007-03-23,37.040001,37.990002,37.040001,37.680000,15.141835,15300
2007-03-26,37.619999,37.790001,37.040001,37.119999,14.916796,25500
2007-03-27,37.009998,37.119999,36.410000,36.410000,14.631478,24400
2007-03-28,36.599998,38.189999,36.490002,37.400002,15.029312,206000
2007-03-29,37.700001,38.029999,37.459999,37.580002,15.101648,16000
2007-03-30,37.849998,37.880001,37.259998,37.310001,14.993146,15900
2007-04-02,37.150002,37.540001,37.150002,37.459999,15.053428,15300
2007-04-03,37.549999,37.790001,37.400002,37.500000,15.069496,4800
2007-04-04,37.410000,38.049999,37.349998,37.849998,15.210147,16800
2007-04-05,37.849998,37.849998,37.599998,37.770000,15.178003,12600
2007-04-09,37.830002,38.049999,37.799999,38.000000,15.270431,29300
2007-04-10,38.000000,38.099998,37.599998,37.830002,15.202114,14200
2007-04-11,37.619999,38.099998,37.580002,38.020000,15.278461,17400
2007-04-12,38.200001,38.930000,38.000000,38.930000,15.644152,30200
2007-04-13,38.750000,38.750000,38.020000,38.150002,15.330703,41200
2007-04-16,38.150002,38.669998,37.759998,38.139999,15.326688,32900
2007-04-17,37.900002,38.200001,37.000000,37.959999,15.254352,68500
2007-04-18,37.849998,38.209999,37.619999,38.080002,15.302581,23700
2007-04-19,38.049999,38.349998,37.750000,38.000000,15.270431,44300
2007-04-20,37.720001,38.189999,37.610001,38.090000,15.306590,35200
2007-04-23,37.900002,38.250000,37.709999,38.090000,15.306590,36100
2007-04-24,38.750000,38.750000,37.799999,38.180000,15.342761,14700
2007-04-25,38.480000,40.040001,38.439999,39.939999,16.050018,28300
2007-04-26,40.099998,40.259998,39.380001,39.480000,15.865159,26100
2007-04-27,38.400002,38.490002,37.000000,38.009998,15.455698,118800
2007-04-30,37.900002,38.599998,37.750000,38.549999,15.675274,30000
2007-05-01,38.299999,38.490002,37.880001,38.189999,15.528887,18100
2007-05-02,38.360001,38.400002,37.759998,38.009998,15.455698,38700
2007-05-03,38.900002,38.959999,37.900002,38.299999,15.573618,24400
2007-05-04,37.849998,38.500000,37.750000,38.299999,15.573618,16900
2007-05-07,38.639999,38.959999,38.200001,38.700001,15.736276,23900
2007-05-08,38.400002,38.750000,37.900002,38.220001,15.541091,19700
2007-05-09,38.860001,38.860001,37.650002,38.400002,15.614285,31900
2007-05-10,38.400002,38.709999,38.130001,38.709999,15.740335,30700
2007-05-11,38.720001,38.750000,38.349998,38.529999,15.667144,11000
2007-05-14,38.730000,38.900002,38.369999,38.430000,15.626478,34700
2007-05-15,37.730000,38.209999,37.730000,38.000000,15.451633,931700
2007-05-16,38.000000,38.049999,37.009998,37.320000,15.175127,202700
2007-05-17,37.320000,37.529999,37.060001,37.080002,15.077545,77500
2007-05-18,37.000000,37.070000,36.660000,36.750000,14.943362,48000
2007-05-21,36.619999,36.919998,36.599998,36.610001,14.886429,39300
2007-05-22,36.599998,37.250000,36.150002,36.910000,15.008414,112800
2007-05-23,36.959999,37.500000,36.410000,36.759998,14.947431,44600
2007-05-24,36.410000,37.000000,34.000000,34.919998,14.199237,203800
2007-05-25,34.910000,35.980000,34.880001,35.939999,14.613994,53000
2007-05-29,35.950001,36.610001,35.950001,36.150002,14.699386,36700
2007-05-30,36.250000,36.750000,36.000000,36.439999,14.817301,61100
2007-05-31,36.470001,36.570000,35.830002,36.110001,14.683115,71000
2007-06-01,35.990002,36.349998,35.930000,36.349998,14.780709,37500
2007-06-04,36.230000,36.700001,36.180000,36.650002,14.902702,26500
2007-06-05,36.549999,36.590000,36.060001,36.590000,14.878300,33300
2007-06-06,36.450001,36.450001,36.000000,36.419998,14.809173,35400
2007-06-07,36.150002,36.689999,35.439999,35.660000,14.500141,69100
2007-06-08,35.529999,35.939999,35.099998,35.730000,14.528598,52700
2007-06-11,36.200001,36.349998,35.869999,36.200001,14.719716,38900
2007-06-12,35.950001,35.990002,35.500000,35.830002,14.569265,38500
2007-06-13,36.049999,36.150002,35.750000,36.000000,14.638391,19700
2007-06-14,36.080002,36.480000,35.500000,36.480000,14.833568,85300
2007-06-15,36.480000,36.700001,36.259998,36.389999,14.796968,35500
2007-06-18,36.480000,36.500000,35.970001,36.099998,14.679051,42500
2007-06-19,35.669998,35.900002,35.349998,35.900002,14.597726,92500
2007-06-20,35.709999,35.849998,35.470001,35.619999,14.483875,57200
2007-06-21,35.259998,36.610001,35.259998,36.000000,14.638391,110300
2007-06-22,35.599998,36.119999,35.389999,35.400002,14.394420,65600
2007-06-25,35.549999,36.139999,35.250000,36.119999,14.687186,100900
2007-06-26,36.139999,36.270000,35.619999,36.110001,14.683115,65400
2007-06-27,35.680000,36.200001,35.470001,36.009998,14.642454,40500
2007-06-28,36.009998,36.299999,35.950001,36.049999,14.658720,29500
2007-06-29,35.900002,36.099998,35.660000,36.020000,14.646523,49400
2007-07-02,36.349998,36.980000,35.799999,36.250000,14.740043,93200
2007-07-03,36.439999,36.500000,35.810001,36.330002,14.772573,31000
2007-07-05,36.330002,36.580002,36.080002,36.349998,14.780709,52100
2007-07-06,36.549999,36.570000,36.119999,36.279999,14.752245,31400
2007-07-09,36.430000,36.430000,35.980000,36.240002,14.735981,50500
2007-07-10,36.299999,36.830002,35.980000,36.799999,14.963685,107500
2007-07-11,36.950001,37.180000,36.520000,36.930000,15.016552,43300
2007-07-12,37.099998,37.139999,36.570000,36.790001,14.959622,34700
2007-07-13,36.750000,36.779999,36.040001,36.330002,14.772573,73800
2007-07-16,36.000000,36.950001,35.660000,36.730000,14.935223,85400
2007-07-17,36.200001,36.650002,35.910000,35.950001,14.618063,45600
2007-07-18,35.650002,37.090000,35.599998,36.910000,15.008414,117100
2007-07-19,37.080002,37.099998,36.270000,36.639999,14.898626,79800
2007-07-20,36.400002,37.000000,36.400002,36.740002,14.939295,46700
2007-07-23,36.740002,36.750000,36.130001,36.250000,14.740043,85200
2007-07-24,36.020000,36.259998,35.549999,36.060001,14.662786,84900
2007-07-25,36.060001,36.400002,35.730000,35.980000,14.630260,94600
2007-07-26,35.700001,36.200001,35.189999,35.720001,14.524534,125700
2007-07-27,35.549999,35.919998,35.419998,35.619999,14.483875,89800
2007-07-30,34.700001,35.770000,34.650002,35.500000,14.435070,91700
2007-07-31,35.799999,35.919998,35.259998,35.450001,14.414752,109600
2007-08-01,35.730000,36.189999,35.180000,35.900002,14.597726,92200
2007-08-02,35.500000,36.349998,35.419998,35.540001,14.451343,70800
2007-08-03,35.759998,35.849998,35.290001,35.529999,14.447279,67300
2007-08-06,35.459999,36.189999,34.049999,35.150002,14.292767,193900
2007-08-07,34.529999,35.400002,34.349998,34.980000,14.441384,92200
2007-08-08,34.910000,35.869999,34.799999,35.360001,14.598269,132900
2007-08-09,35.150002,35.709999,34.790001,35.240002,14.548729,54700
2007-08-10,34.500000,35.099998,34.340000,35.049999,14.470282,123200
2007-08-13,35.049999,35.830002,34.820000,35.400002,14.614785,45500
2007-08-14,35.900002,35.900002,34.849998,35.400002,14.614785,51600
2007-08-15,35.150002,35.340000,34.750000,35.340000,14.590012,49800
2007-08-16,35.000000,35.299999,34.450001,35.250000,14.552853,284400
2007-08-17,36.439999,36.439999,34.900002,35.180000,14.523959,216300
2007-08-20,34.799999,34.799999,32.799999,33.200001,13.706520,126100
2007-08-21,33.049999,33.590000,32.040001,33.400002,13.789090,69500
2007-08-22,33.400002,33.810001,32.779999,33.689999,13.908812,52200
2007-08-23,34.049999,34.450001,33.639999,34.250000,14.140009,236300
2007-08-24,34.270000,34.730000,34.160000,34.599998,14.284506,54400
2007-08-27,34.500000,34.500000,34.099998,34.240002,14.135883,106800
2007-08-28,34.240002,35.049999,34.000000,34.389999,14.197806,47300
2007-08-29,35.450001,35.520000,34.250000,34.730000,14.338175,27900
2007-08-30,34.500000,34.549999,33.700001,34.459999,14.226709,28500
2007-08-31,34.599998,34.970001,34.459999,34.970001,14.437259,16100
2007-09-04,34.750000,35.389999,34.750000,35.090000,14.486797,27900
2007-09-05,35.130001,35.299999,35.049999,35.299999,14.573497,13900
2007-09-06,35.150002,35.310001,34.840000,34.840000,14.383590,40300
2007-09-07,34.810001,35.720001,34.759998,35.400002,14.614785,35300
2007-09-10,35.330002,35.330002,34.419998,34.680000,14.317536,37400
2007-09-11,34.849998,35.000000,34.240002,34.290001,14.156522,26500
2007-09-12,34.000000,34.139999,33.619999,34.000000,14.036800,42100
2007-09-13,34.009998,34.029999,33.630001,33.779999,13.945973,30400
2007-09-14,33.680000,34.090000,33.680000,33.990002,14.032669,20600
2007-09-17,33.990002,34.230000,33.619999,34.080002,14.069825,24500
2007-09-18,34.070000,34.470001,33.759998,33.950001,14.016150,22400
2007-09-19,33.799999,34.750000,33.799999,34.750000,14.346434,39800
2007-09-20,34.970001,35.000000,34.630001,34.910000,14.412485,29900
2007-09-21,35.080002,35.139999,34.830002,34.980000,14.441384,118600
2007-09-24,34.799999,35.000000,34.009998,34.250000,14.140009,32100
2007-09-25,34.250000,34.790001,33.580002,34.360001,14.185422,95700
2007-09-26,34.240002,34.660000,33.900002,33.930000,14.007901,76000
2007-09-27,33.930000,34.630001,33.680000,33.799999,13.954230,80700
2007-09-28,33.639999,34.279999,33.599998,33.740002,13.929461,90600
2007-10-01,33.639999,34.810001,33.630001,33.990002,14.032669,117800
2007-10-02,34.130001,34.340000,33.439999,33.740002,13.929461,93500
2007-10-03,33.349998,33.590000,33.349998,33.369999,13.776707,38300
2007-10-04,33.599998,34.500000,32.980000,34.470001,14.230835,420100
2007-10-05,32.840000,33.430000,32.500000,33.099998,13.665234,1378100
2007-10-08,33.220001,33.340000,32.650002,32.650002,13.479451,146000
2007-10-09,32.930000,33.299999,32.650002,33.250000,13.727161,157500
2007-10-10,33.200001,33.970001,32.880001,33.799999,13.954230,106200
2007-10-11,34.139999,34.230000,33.540001,33.750000,13.933584,126100
2007-10-12,33.900002,33.900002,33.599998,33.799999,13.954230,37700
2007-10-15,33.720001,33.990002,33.259998,33.689999,13.908812,38500
2007-10-16,33.619999,33.680000,33.230000,33.400002,13.789090,25100
2007-10-17,33.410000,33.410000,33.070000,33.130001,13.677623,35800
2007-10-18,33.020000,33.220001,32.720001,33.220001,13.714777,26800
2007-10-19,33.150002,33.200001,32.500000,32.740002,13.516613,41300
2007-10-22,32.380001,32.400002,31.600000,31.799999,13.128532,109200
2007-10-23,31.820000,32.000000,31.340000,31.920000,13.178078,68200
2007-10-24,31.799999,32.060001,31.709999,32.040001,13.227619,33500
2007-10-25,32.380001,32.750000,32.090000,32.369999,13.363853,39900
2007-10-26,32.720001,32.860001,32.599998,32.810001,13.545509,33700
2007-10-29,32.910000,33.660000,32.910000,33.549999,13.851018,49800
2007-10-30,34.130001,34.349998,33.459999,33.509998,13.834503,112200
2007-10-31,33.430000,33.740002,33.110001,33.299999,13.747803,44200
2007-11-01,33.070000,33.750000,33.049999,33.439999,13.805600,54100
2007-11-02,33.650002,33.759998,33.439999,33.459999,13.813856,29000
2007-11-05,33.130001,33.750000,32.770000,33.450001,14.031996,35200
2007-11-06,33.759998,33.759998,33.029999,33.389999,14.006827,26300
2007-11-07,33.070000,33.630001,32.250000,32.290001,13.545385,55400
2007-11-08,32.189999,32.380001,31.000000,31.230000,13.100725,69100
2007-11-09,31.209999,31.340000,30.799999,31.129999,13.058772,39600
2007-11-12,31.379999,31.379999,30.500000,30.910000,12.966488,56700
2007-11-13,31.209999,31.209999,30.280001,30.510000,12.798685,39900
2007-11-14,30.719999,30.850000,30.500000,30.520000,12.802884,27100
2007-11-15,30.670000,31.320000,30.360001,30.690001,12.874195,30400
2007-11-16,30.580000,30.580000,30.100000,30.270000,12.698011,29800
2007-11-19,30.219999,30.219999,28.840000,29.129999,12.219796,81700
2007-11-20,29.080000,29.299999,29.040001,29.180000,12.240768,44600
2007-11-21,29.190001,29.410000,29.000000,29.299999,12.291108,33300
2007-11-23,29.360001,29.920000,29.360001,29.889999,12.538604,12100
2007-11-26,30.139999,30.139999,29.270000,29.360001,12.316275,36800
2007-11-27,29.309999,29.379999,28.559999,28.760000,12.064580,37700
2007-11-28,28.680000,29.240000,28.639999,29.040001,12.182036,35400
2007-11-29,29.180000,29.629999,29.010000,29.180000,12.240768,27200
2007-11-30,29.290001,29.799999,29.150000,29.650000,12.437929,39600
2007-12-03,29.500000,29.799999,29.100000,29.260000,12.274325,35400
2007-12-04,29.100000,29.950001,29.100000,29.920000,12.551194,32400
2007-12-05,30.400000,30.690001,29.510000,29.809999,12.505047,94000
2007-12-06,29.889999,30.490000,29.480000,30.370001,12.739963,63000
2007-12-07,30.500000,30.850000,30.209999,30.490000,12.790298,44200
2007-12-10,30.490000,30.910000,30.440001,30.730000,12.890980,38600
2007-12-11,30.629999,30.790001,30.200001,30.270000,12.698011,52700
2007-12-12,30.400000,30.750000,29.799999,29.990000,12.580554,67300
2007-12-13,29.690001,30.200001,29.450001,29.450001,12.354036,44000
2007-12-14,29.500000,29.780001,29.299999,29.430000,12.345636,44200
2007-12-17,29.690001,30.150000,29.260000,29.260000,12.274325,68600
2007-12-18,29.400000,29.490000,28.650000,29.139999,12.223987,77400
2007-12-19,29.260000,29.500000,29.000000,29.320000,12.299492,80000
2007-12-20,29.250000,29.400000,29.000000,29.250000,12.270139,73000
2007-12-21,29.219999,30.500000,29.219999,30.500000,12.794494,91200
2007-12-24,30.240000,30.780001,30.240000,30.780001,12.911957,48400
2007-12-26,30.309999,30.650000,29.860001,30.049999,12.605723,69600
2007-12-27,30.000000,30.379999,29.980000,30.250000,12.689626,68500
2007-12-28,30.090000,30.440001,29.770000,29.930000,12.555386,82200
2007-12-31,29.580000,29.770000,29.430000,29.670000,12.446316,59700
2008-01-02,29.879999,30.490000,29.850000,30.230000,12.681234,28700
2008-01-03,30.540001,30.730000,30.340000,30.730000,12.890980,40800
2008-01-04,31.330000,31.330000,30.030001,30.770000,12.907758,153800
2008-01-07,30.820000,31.770000,30.490000,31.260000,13.113312,54600
2008-01-08,31.469999,32.500000,31.309999,31.690001,13.293694,58300
2008-01-09,31.270000,31.830000,31.240000,31.250000,13.109116,61100
2008-01-10,31.170000,31.700001,31.010000,31.520000,13.222376,78900
2008-01-11,31.500000,31.570000,31.020000,31.290001,13.125896,24500
2008-01-14,31.500000,31.500000,31.150000,31.150000,13.067167,23100
2008-01-15,31.040001,31.450001,30.840000,31.410000,13.176235,31500
2008-01-16,31.549999,31.549999,30.600000,31.129999,13.058772,55900
2008-01-17,31.340000,31.530001,29.950001,29.950001,12.563772,29800
2008-01-18,29.980000,30.090000,29.020000,29.049999,12.186234,36700
2008-01-22,27.830000,29.080000,27.830000,28.549999,11.976486,56400
2008-01-23,28.110001,28.110001,27.080000,27.500000,11.536020,64100
2008-01-24,27.450001,28.490000,27.240000,28.180000,11.821274,95800
2008-01-25,28.030001,28.290001,28.030001,28.280001,11.863224,46300
2008-01-28,28.620001,28.620001,28.049999,28.160000,11.812883,105800
2008-01-29,28.250000,28.580000,28.190001,28.370001,11.900981,88300
2008-01-30,28.350000,29.070000,28.170000,28.719999,12.047798,52700
2008-01-31,28.500000,29.139999,28.490000,28.879999,12.114916,62800
2008-02-01,28.959999,29.900000,28.840000,29.700001,12.458902,48300
2008-02-04,30.000000,30.370001,29.680000,29.690001,12.454710,40400
2008-02-05,29.709999,30.250000,29.420000,30.000000,12.584745,43700
2008-02-06,30.879999,30.879999,29.670000,30.190001,12.892213,76200
2008-02-07,30.049999,30.309999,29.990000,30.200001,12.896484,60700
2008-02-08,30.270000,30.650000,30.110001,30.110001,12.858054,39300
2008-02-11,30.110001,30.500000,30.049999,30.350000,12.960542,20700
2008-02-12,30.350000,30.520000,30.320000,30.440001,12.998977,34300
2008-02-13,30.510000,30.600000,30.250000,30.400000,12.981891,24200
2008-02-14,30.420000,30.620001,30.309999,30.490000,13.020324,20400
2008-02-15,30.450001,30.540001,29.850000,29.889999,12.764102,56400
2008-02-19,29.959999,30.600000,29.840000,30.370001,12.969081,46600
2008-02-20,30.510000,31.070000,30.260000,31.000000,13.238113,48600
2008-02-21,30.799999,31.129999,30.430000,30.840000,13.169785,145900
2008-02-22,31.040001,31.240000,30.150000,30.790001,13.148439,77700
2008-02-25,30.700001,31.420000,30.500000,31.250000,13.344874,46800
2008-02-26,31.070000,31.490000,30.830000,31.049999,13.259465,30700
2008-02-27,30.860001,31.200001,30.860001,31.100000,13.280820,23400
2008-02-28,31.100000,31.100000,30.230000,30.230000,12.909298,25300
2008-02-29,29.930000,30.240000,29.719999,30.049999,12.832432,51900
2008-03-03,30.250000,30.250000,29.700001,29.950001,12.789724,36300
2008-03-04,30.000000,30.000000,29.750000,29.830000,12.738483,58700
2008-03-05,30.049999,30.330000,29.799999,29.969999,12.798269,40300
2008-03-06,30.010000,30.190001,29.700001,29.930000,12.781186,26900
2008-03-07,29.620001,30.000000,29.129999,29.490000,12.593286,35500
2008-03-10,29.719999,29.719999,28.370001,28.370001,12.115010,61700
2008-03-11,28.469999,28.860001,28.150000,28.590000,12.208961,27400
2008-03-12,28.469999,28.600000,27.770000,28.139999,12.016788,31100
2008-03-13,27.889999,27.959999,27.389999,27.799999,11.871595,43700
2008-03-14,27.860001,28.320000,27.160000,27.900000,11.914301,40400
2008-03-17,27.200001,28.000000,27.090000,27.299999,11.658077,42500
2008-03-18,27.750000,28.070000,27.420000,27.450001,11.722135,62500
2008-03-19,27.500000,27.930000,27.270000,27.299999,11.658077,36900
2008-03-20,27.270000,27.610001,27.219999,27.219999,11.623916,42600
2008-03-24,27.450001,27.860001,27.450001,27.600000,11.786192,21000
2008-03-25,27.830000,28.010000,27.440001,27.799999,11.871595,128400
2008-03-26,27.680000,28.450001,27.389999,28.389999,12.123551,151100
2008-03-27,28.629999,29.059999,28.430000,28.510000,12.174793,56400
2008-03-28,28.459999,29.000000,28.440001,28.799999,12.298637,54200
2008-03-31,28.799999,29.059999,28.459999,28.719999,12.264473,33500
2008-04-01,28.709999,28.980000,28.500000,28.760000,12.281558,42500
2008-04-02,28.780001,28.990000,28.650000,28.680000,12.247388,34300
2008-04-03,28.610001,29.160000,28.590000,28.930000,12.354150,47000
2008-04-04,29.059999,30.070000,28.799999,30.070000,12.840970,79700
2008-04-07,30.240000,30.700001,30.080000,30.299999,12.939190,59400
2008-04-08,30.299999,30.540001,30.260000,30.480000,13.016056,60100
2008-04-09,30.620001,30.660000,30.400000,30.450001,13.003244,32300
2008-04-10,30.410000,30.580000,29.850000,30.230000,12.909298,51100
2008-04-11,30.100000,30.500000,30.000000,30.049999,12.832432,53100
2008-04-14,30.219999,30.219999,29.690001,29.889999,12.764102,32700
2008-04-15,30.290001,30.290001,29.190001,29.400000,12.554853,54500
2008-04-16,29.700001,29.990000,29.700001,29.980000,12.802537,40900
2008-04-17,29.000000,29.469999,28.680000,28.750000,12.277286,354900
2008-04-18,28.580000,28.750000,28.490000,28.500000,12.170525,2551900
2008-04-21,28.559999,28.660000,28.500000,28.500000,12.170525,429200
2008-04-22,28.400000,28.570000,27.760000,28.510000,12.174793,736800
2008-04-23,28.700001,28.700001,28.400000,28.400000,12.127818,365800
2008-04-24,28.490000,28.549999,28.400000,28.450001,12.149172,231500
2008-04-25,28.450001,28.719999,28.410000,28.690001,12.251658,137500
2008-04-28,28.750000,28.750000,28.440001,28.559999,12.196147,105100
2008-04-29,28.430000,28.549999,28.299999,28.430000,12.140627,282100
2008-04-30,28.430000,28.629999,28.420000,28.590000,12.208961,133100
2008-05-01,28.629999,28.629999,28.420000,28.590000,12.208961,127200
2008-05-02,28.500000,28.730000,28.430000,28.600000,12.213224,151600
2008-05-05,28.670000,28.809999,28.559999,28.790001,12.294359,196600
2008-05-06,28.690001,28.690001,28.160000,28.160000,12.250858,213100
2008-05-07,28.330000,28.430000,28.000000,28.350000,12.333518,134100
2008-05-08,28.480000,28.480000,27.820000,28.299999,12.311763,113000
2008-05-09,28.299999,28.500000,28.110001,28.490000,12.394425,91400
2008-05-12,28.590000,28.799999,28.000000,28.170000,12.255212,97400
2008-05-13,28.049999,28.400000,27.950001,28.280001,12.303068,162700
2008-05-14,28.120001,30.139999,28.120001,29.950001,13.029589,928700
2008-05-15,31.219999,32.250000,29.160000,29.299999,12.746814,269300
2008-05-16,29.120001,29.990000,29.120001,29.610001,12.881678,199000
2008-05-19,29.830000,29.830000,29.000000,29.070000,12.646751,233600
2008-05-20,28.860001,29.629999,28.860001,29.629999,12.890375,136700
2008-05-21,29.600000,29.950001,29.480000,29.580000,12.868623,142300
2008-05-22,29.530001,29.910000,29.410000,29.490000,12.829469,82500
2008-05-23,29.400000,29.639999,29.290001,29.600000,12.877321,114900
2008-05-27,29.530001,29.610001,29.330000,29.440001,12.807718,77600
2008-05-28,29.530001,29.530001,29.200001,29.350000,12.768564,99900
2008-05-29,29.340000,29.360001,29.000000,29.049999,12.638052,99400
2008-05-30,29.240000,29.280001,29.000000,29.250000,12.725064,65900
2008-06-02,29.170000,29.709999,29.020000,29.450001,12.812069,81000
2008-06-03,29.600000,29.740000,29.049999,29.059999,12.642401,105600
2008-06-04,29.129999,29.400000,29.020000,29.040001,12.633698,117300
2008-06-05,29.230000,29.389999,29.049999,29.110001,12.664153,80600
2008-06-06,29.080000,29.690001,29.080000,29.350000,12.768564,148100
2008-06-09,29.590000,29.680000,29.350000,29.629999,12.890375,89300
2008-06-10,29.540001,29.660000,29.059999,29.139999,12.677204,73200
2008-06-11,29.280001,29.280001,28.799999,28.830000,12.542341,69100
2008-06-12,28.830000,29.150000,28.250000,28.370001,12.342220,62700
2008-06-13,28.219999,28.590000,28.030001,28.260000,12.294363,96200
2008-06-16,28.299999,29.010000,28.049999,28.850000,12.551040,83800
2008-06-17,28.760000,29.190001,28.250000,28.920000,12.581494,123200
2008-06-18,28.709999,28.750000,28.250000,28.260000,12.294363,100600
2008-06-19,28.420000,28.420000,27.129999,27.330000,11.889773,174700
2008-06-20,27.459999,27.629999,27.230000,27.379999,11.911523,81800
2008-06-23,27.379999,27.879999,27.270000,27.580000,11.998533,125500
2008-06-24,27.559999,27.559999,26.650000,26.969999,11.733155,129700
2008-06-25,27.010000,27.150000,26.690001,26.820000,11.667898,62700
2008-06-26,26.750000,27.080000,26.530001,26.930000,11.715755,196000
2008-06-27,27.000000,27.000000,26.209999,26.350000,11.463428,84100
2008-06-30,27.090000,27.290001,26.299999,26.330000,11.454727,90200
2008-07-01,26.299999,26.799999,26.100000,26.520000,11.537387,82600
2008-07-02,26.680000,26.680000,25.580000,25.610001,11.141494,93900
2008-07-03,25.530001,25.590000,23.530001,25.190001,10.958780,250400
2008-07-07,25.200001,25.200001,24.309999,24.330000,10.584637,103600
2008-07-08,24.209999,24.469999,23.840000,24.160000,10.510682,194000
2008-07-09,24.280001,24.420000,23.889999,24.299999,10.571586,182100
2008-07-10,24.090000,24.730000,24.000000,24.450001,10.636846,79400
2008-07-11,24.430000,24.700001,24.160000,24.500000,10.658598,55100
2008-07-14,24.610001,25.549999,24.610001,24.900000,10.832616,82200
2008-07-15,24.959999,25.219999,24.240000,24.309999,10.575936,90800
2008-07-16,24.299999,24.530001,24.000000,24.469999,10.645550,64800
2008-07-17,24.469999,25.080000,24.430000,24.580000,10.693398,65700
2008-07-18,23.000000,24.670000,23.000000,24.620001,10.710800,91800
2008-07-21,24.629999,24.820000,24.549999,24.660000,10.728205,49200
2008-07-22,24.500000,24.950001,24.340000,24.730000,10.758656,71500
2008-07-23,24.930000,24.930000,24.200001,24.280001,10.562887,71700
2008-07-24,24.240000,24.990000,23.809999,24.080000,10.475883,84800
2008-07-25,23.950001,24.440001,23.820000,24.120001,10.493282,26600
2008-07-28,24.170000,24.660000,24.000000,24.350000,10.593340,49800
2008-07-29,24.260000,24.320000,23.770000,23.790001,10.349714,66900
2008-07-30,23.700001,24.540001,23.530001,24.510000,10.662948,64100
2008-07-31,24.510000,25.110001,24.510000,24.910000,10.836966,73200
2008-08-01,24.780001,25.110001,24.500000,24.580000,10.693398,74600
2008-08-04,24.450001,24.740000,23.600000,23.959999,10.423671,107700
2008-08-05,23.870001,24.000000,23.260000,23.590000,10.503819,119100
2008-08-06,23.430000,24.040001,23.260000,23.990000,10.681931,59300
2008-08-07,23.059999,23.750000,23.059999,23.260000,10.356884,89300
2008-08-08,23.200001,23.870001,23.150000,23.500000,10.463746,73700
2008-08-11,23.549999,23.850000,22.980000,22.990000,10.236662,148600
2008-08-12,22.850000,23.889999,22.850000,23.650000,10.530536,90400
2008-08-13,23.709999,23.709999,23.000000,23.100000,10.285639,97200
2008-08-14,22.980000,23.100000,22.950001,23.000000,10.241115,90000
2008-08-15,23.030001,23.030001,22.360001,22.480000,10.009573,113800
2008-08-18,22.480000,22.660000,22.020000,22.400000,9.973955,100500
2008-08-19,22.469999,22.650000,22.090000,22.110001,9.844827,103500
2008-08-20,22.129999,22.320000,21.690001,22.059999,9.822563,173500
2008-08-21,22.110001,22.350000,22.000000,22.110001,9.844827,111900
2008-08-22,22.100000,22.360001,22.090000,22.160000,9.867089,89800
2008-08-25,22.160000,22.330000,21.980000,22.090000,9.835920,58200
2008-08-26,21.910000,22.450001,21.879999,22.379999,9.965046,71900
2008-08-27,22.410000,22.930000,22.320000,22.840000,10.169872,76000
2008-08-28,23.010000,23.090000,22.530001,22.690001,10.103080,113300
2008-08-29,22.750000,22.750000,22.469999,22.750000,10.129796,46600
2008-09-02,22.980000,22.980000,22.480000,22.549999,10.040748,98600
2008-09-03,22.500000,22.500000,21.760000,21.870001,9.737962,122700
2008-09-04,21.900000,21.990000,20.610001,20.799999,9.261529,208600
2008-09-05,20.600000,21.100000,20.129999,21.080000,9.386202,130700
2008-09-08,21.080000,21.250000,20.450001,20.570000,9.159118,71800
2008-09-09,20.670000,20.920000,19.129999,19.299999,8.593632,190000
2008-09-10,19.219999,19.730000,19.049999,19.540001,8.700496,106400
2008-09-11,19.510000,19.510000,19.059999,19.280001,8.584722,107100
2008-09-12,19.299999,20.129999,19.299999,19.740000,8.789547,114800
2008-09-15,19.410000,19.480000,18.480000,18.610001,8.286394,161800
2008-09-16,18.010000,18.100000,16.610001,18.010000,8.019237,326100
2008-09-17,17.820000,18.190001,16.500000,16.650000,7.413675,790900
2008-09-18,16.850000,17.080000,15.360000,15.880000,7.070820,236900
2008-09-19,16.500000,17.330000,16.080000,17.299999,7.703101,190600
2008-09-22,18.700001,18.700001,17.139999,17.250000,7.680835,182900
2008-09-23,17.010000,17.240000,16.750000,16.879999,7.516089,128000
2008-09-24,17.000000,17.010000,16.410000,16.450001,7.324621,156700
2008-09-25,16.799999,16.850000,16.250000,16.750000,7.458200,166700
2008-09-26,16.750000,16.790001,16.250000,16.790001,7.476013,113800
2008-09-29,16.330000,16.750000,14.560000,14.890000,6.630008,197900
2008-09-30,15.780000,15.870000,15.100000,15.700000,6.990671,155700
2008-10-01,15.630000,15.720000,15.120000,15.550000,6.923884,113300
2008-10-02,15.750000,15.750000,15.100000,15.270000,6.799210,162100
2008-10-03,15.410000,15.620000,13.980000,14.030000,6.247081,161900
2008-10-06,13.850000,13.850000,11.360000,12.610000,5.614802,245900
2008-10-07,12.950000,13.610000,11.500000,12.050000,5.365452,284500
2008-10-08,11.550000,12.190000,10.660000,11.630000,5.178442,315300
2008-10-09,11.740000,12.180000,11.100000,11.380000,5.067125,281800
2008-10-10,10.710000,11.250000,9.100000,10.370000,4.617407,304700
2008-10-13,12.000000,13.530000,11.560000,13.200000,5.877509,75300
2008-10-14,14.250000,16.250000,13.750000,15.050000,6.701249,220100
2008-10-15,14.420000,15.550000,13.940000,14.700000,6.545408,146600
2008-10-16,14.290000,14.670000,13.540000,13.600000,6.055615,116800
2008-10-17,13.600000,14.550000,12.650000,13.790000,6.140214,129300
2008-10-20,13.980000,14.950000,13.980000,14.950000,6.656723,89400
2008-10-21,14.990000,15.000000,14.230000,14.640000,6.518693,75900
2008-10-22,14.330000,14.890000,14.120000,14.890000,6.630008,136800
2008-10-23,15.220000,15.220000,13.190000,13.890000,6.184742,95500
2008-10-24,13.500000,14.250000,13.000000,14.050000,6.255985,93400
2008-10-27,14.000000,14.690000,12.570000,12.720000,5.663781,134900
2008-10-28,12.900000,13.650000,12.600000,13.110000,5.837435,124600
2008-10-29,13.350000,14.740000,13.350000,14.290000,6.362851,94000
2008-10-30,14.370000,15.940000,14.370000,15.690000,6.986222,94300
2008-10-31,15.360000,18.000000,15.150000,18.000000,8.014783,118600
2008-11-03,18.250000,18.250000,17.590000,17.920000,7.979162,96800
2008-11-04,19.420000,19.469999,18.150000,18.260000,8.130554,201300
2008-11-05,18.080000,18.500000,17.700001,17.820000,8.190303,68800
2008-11-06,18.110001,18.129999,15.670000,15.730000,7.229711,122700
2008-11-07,15.670000,17.240000,15.520000,16.299999,7.491690,97200
2008-11-10,16.340000,16.590000,15.350000,15.480000,7.114810,55000
2008-11-11,15.780000,15.780000,14.350000,14.600000,6.710350,66400
2008-11-12,14.590000,14.590000,13.350000,13.450000,6.181795,107300
2008-11-13,13.450000,13.570000,12.250000,13.510000,6.209371,110000
2008-11-14,13.510000,13.550000,12.380000,13.040000,5.993351,100100
2008-11-17,13.440000,14.000000,13.140000,13.640000,6.269122,71100
2008-11-18,13.400000,13.540000,12.650000,13.500000,6.204775,104700
2008-11-19,13.290000,13.600000,11.840000,11.900000,5.469394,98300
2008-11-20,11.980000,11.980000,10.390000,10.810000,4.968417,151600
2008-11-21,10.720000,11.600000,9.430000,9.960000,4.577744,164300
2008-11-24,10.450000,11.140000,10.250000,10.730000,4.931649,134100
2008-11-25,11.590000,11.590000,10.330000,10.820000,4.973013,60200
2008-11-26,10.930000,13.860000,10.930000,12.750000,5.860064,312700
2008-11-28,13.000000,14.000000,12.590000,14.000000,6.434582,100300
2008-12-01,13.040000,13.040000,12.500000,12.600000,5.791122,98200
2008-12-02,12.640000,13.320000,12.280000,12.280000,5.644050,97500
2008-12-03,12.250000,12.250000,11.280000,11.720000,5.386663,138500
2008-12-04,11.720000,11.720000,11.080000,11.320000,5.202819,70500
2008-12-05,11.250000,11.340000,10.140000,10.630000,4.885688,193000
2008-12-08,10.960000,11.760000,9.950000,9.980000,4.586938,201600
2008-12-09,10.000000,10.470000,9.830000,9.990000,4.591533,290500
2008-12-10,10.480000,11.050000,10.470000,10.720000,4.927052,165800
2008-12-11,11.040000,11.560000,10.380000,11.250000,5.170646,161600
2008-12-12,11.250000,12.560000,10.900000,12.420000,5.708392,122600
2008-12-15,12.260000,13.480000,12.260000,12.550000,5.768142,84100
2008-12-16,13.280000,13.280000,12.370000,12.940000,5.947393,101700
2008-12-17,12.700000,14.000000,12.700000,13.390000,6.154220,112200
2008-12-18,14.430000,14.430000,13.130000,14.360000,6.600042,152800
2008-12-19,14.500000,15.000000,13.280000,14.300000,6.572465,236500
2008-12-22,14.880000,14.990000,13.870000,14.080000,6.471350,231800
2008-12-23,13.970000,14.770000,13.970000,14.750000,6.779290,117600
2008-12-24,14.410000,14.910000,14.410000,14.750000,6.779290,41700
2008-12-26,14.750000,15.680000,14.620000,14.800000,6.802272,100200
2008-12-29,15.350000,15.350000,14.110000,14.480000,6.655196,129700
2008-12-30,14.480000,15.000000,14.000000,14.220000,6.535696,181300
2008-12-31,14.220000,15.150000,14.080000,15.020000,6.903388,112600
2009-01-02,15.210000,16.860001,15.210000,16.170000,7.431944,71900
2009-01-05,16.180000,18.420000,16.180000,17.920000,8.236263,113700
2009-01-06,18.990000,19.200001,18.000000,18.870001,8.672896,126700
2009-01-07,18.400000,18.740000,17.230000,17.860001,8.208687,104700
2009-01-08,18.540001,18.540001,17.100000,18.250000,8.387937,92000
2009-01-09,17.900000,18.330000,17.230000,17.900000,8.227071,54100
2009-01-12,17.719999,17.950001,17.200001,17.730000,8.148941,63800
2009-01-13,17.549999,18.480000,17.250000,18.480000,8.493647,93400
2009-01-14,18.000000,18.049999,17.209999,17.690001,8.130554,87900
2009-01-15,18.059999,18.059999,15.610000,16.730000,7.689322,133300
2009-01-16,17.400000,17.700001,16.389999,17.200001,7.905342,86100
2009-01-20,17.389999,17.389999,15.890000,16.150000,7.422748,77700
2009-01-21,16.219999,16.799999,16.000000,16.549999,7.606593,61900
2009-01-22,16.129999,16.580000,15.610000,15.950000,7.330827,86500
2009-01-23,15.590000,17.010000,15.500000,16.809999,7.726094,48400
2009-01-26,16.680000,17.590000,16.500000,17.200001,7.905342,37800
2009-01-27,17.070000,17.750000,17.000000,17.620001,8.098382,64200
2009-01-28,17.799999,18.809999,17.799999,18.309999,8.415513,59500
2009-01-29,18.450001,18.450001,17.860001,18.059999,8.300611,41100
2009-01-30,17.910000,18.309999,17.850000,18.049999,8.296011,43700
2009-02-02,18.260000,18.650000,17.459999,18.650000,8.571783,56600
2009-02-03,18.480000,19.370001,18.450001,19.370001,8.902703,121600
2009-02-04,18.799999,18.980000,18.120001,18.129999,8.585426,52200
2009-02-05,18.660000,18.750000,17.940001,18.650000,8.831673,48900
2009-02-06,18.799999,18.969999,18.650000,18.799999,8.902704,108900
2009-02-09,18.799999,18.799999,18.340000,18.790001,8.897965,58900
2009-02-10,18.700001,18.799999,18.500000,18.780001,8.893232,119500
2009-02-11,18.709999,18.790001,18.250000,18.570000,8.793787,25000
2009-02-12,17.820000,18.500000,17.360001,18.320000,8.675401,50200
2009-02-13,18.709999,18.780001,18.299999,18.400000,8.713286,62400
2009-02-17,18.480000,18.740000,17.000000,17.410000,8.244473,74000
2009-02-18,17.690001,17.750000,17.000000,17.010000,8.055051,55900
2009-02-19,17.209999,17.870001,16.879999,16.879999,7.993495,94200
2009-02-20,16.740000,16.740000,15.240000,15.760000,7.463118,153700
2009-02-23,15.990000,16.110001,15.680000,15.840000,7.500999,83100
2009-02-24,15.940000,17.000000,15.350000,16.690001,7.903520,66600
2009-02-25,16.690001,17.330000,16.320000,17.190001,8.140288,52400
2009-02-26,17.309999,18.049999,17.309999,17.730000,8.396008,62700
2009-02-27,17.440001,18.590000,17.290001,18.410000,8.718019,70100
2009-03-02,17.860001,17.920000,16.730000,16.920000,8.012435,79400
2009-03-03,16.910000,17.660000,16.709999,17.100000,8.097674,91100
2009-03-04,17.160000,17.500000,16.620001,17.320000,8.201855,107500
2009-03-05,17.459999,17.650000,16.850000,17.389999,8.235000,224000
2009-03-06,17.330000,17.809999,16.750000,17.110001,8.102409,263600
2009-03-09,16.799999,17.850000,16.660000,17.150000,8.121350,164200
2009-03-10,17.160000,18.370001,17.160000,18.250000,8.642253,103900
2009-03-11,18.590000,19.000000,17.740000,18.280001,8.656460,297300
2009-03-12,18.500000,20.020000,18.110001,19.719999,9.338367,255300
2009-03-13,20.059999,20.190001,19.200001,19.430000,9.201037,57700
2009-03-16,19.490000,20.320000,18.820000,19.510000,9.238922,60700
2009-03-17,19.590000,20.080000,19.510000,19.930000,9.437811,45500
2009-03-18,19.930000,19.930000,19.049999,19.480000,9.224719,91900
2009-03-19,19.799999,20.000000,19.480000,19.830000,9.390459,67000
2009-03-20,19.750000,19.910000,18.360001,18.400000,8.713286,136100
2009-03-23,18.930000,19.570000,18.930000,19.420000,9.196304,114400
2009-03-24,19.219999,19.610001,17.150000,17.500000,8.287091,446100
2009-03-25,17.200001,17.299999,16.850000,16.980000,8.040844,2806200
2009-03-26,16.990000,17.250000,16.889999,17.000000,8.050318,315400
2009-03-27,17.389999,17.389999,16.629999,17.049999,8.073994,248500
2009-03-30,16.610001,16.910000,16.200001,16.540001,7.832486,457300
2009-03-31,16.500000,16.820000,16.480000,16.790001,7.950872,252700
2009-04-01,16.700001,17.299999,16.700001,17.299999,8.192381,264800
2009-04-02,17.340000,17.389999,16.910000,16.990000,8.045580,222400
2009-04-03,16.889999,16.940001,16.250000,16.750000,7.931928,183800
2009-04-06,16.530001,16.700001,16.230000,16.690001,7.903520,156900
2009-04-07,16.360001,16.410000,15.130000,15.740000,7.453647,524000
2009-04-08,15.600000,16.450001,15.420000,16.430000,7.780393,238800
2009-04-09,16.440001,16.750000,16.080000,16.660000,7.889311,159300
2009-04-13,16.430000,16.860001,16.400000,16.850000,7.979284,158900
2009-04-14,16.940001,17.200001,16.549999,17.160000,8.126086,242800
2009-04-15,17.100000,17.219999,16.780001,17.160000,8.126086,139600
2009-04-16,17.100000,17.219999,16.920000,17.129999,8.111877,105000
2009-04-17,17.240000,17.250000,17.110001,17.230000,8.159234,96700
2009-04-20,17.030001,17.250000,16.400000,16.610001,7.865633,149000
2009-04-21,16.530001,17.230000,16.379999,17.170000,8.130821,127500
2009-04-22,17.000000,17.299999,16.950001,17.139999,8.116616,126200
2009-04-23,17.100000,17.299999,17.010000,17.230000,8.159234,139100
2009-04-24,17.540001,17.540001,17.030001,17.490000,8.282359,150700
2009-04-27,17.450001,17.540001,17.180000,17.450001,8.263413,108600
2009-04-28,17.410000,17.700001,17.250000,17.600000,8.334445,190900
2009-04-29,17.799999,17.799999,17.459999,17.580000,8.324974,116400
2009-04-30,17.629999,17.650000,17.379999,17.580000,8.324974,184200
2009-05-01,17.440001,17.790001,17.420000,17.750000,8.405478,242200
2009-05-04,17.799999,18.059999,17.650000,18.059999,8.552276,192200
2009-05-05,18.110001,18.110001,17.719999,17.740000,8.400743,179700
2009-05-06,17.860001,17.990000,17.480000,17.510000,8.567094,199800
2009-05-07,17.610001,18.450001,17.290001,17.650000,8.635593,162800
2009-05-08,17.920000,18.250000,17.549999,18.000000,8.806835,278600
2009-05-11,17.740000,18.100000,17.400000,17.540001,8.581772,151700
2009-05-12,17.549999,17.850000,17.270000,17.740000,8.679624,181500
2009-05-13,17.459999,17.520000,16.969999,17.049999,8.342031,185400
2009-05-14,17.059999,17.500000,17.010000,17.299999,8.464347,135500
2009-05-15,17.450001,17.740000,17.190001,17.360001,8.493704,100800
2009-05-18,17.459999,17.830000,17.450001,17.629999,8.625807,433700
2009-05-19,17.650000,17.799999,17.500000,17.660000,8.640486,305400
2009-05-20,17.799999,18.290001,17.799999,18.110001,8.860653,287800
2009-05-21,17.980000,18.299999,17.500000,17.879999,8.748121,128200
2009-05-22,17.900000,18.190001,17.709999,18.150000,8.880226,93700
2009-05-26,18.000000,18.080000,17.820000,18.070000,8.841084,242500
2009-05-27,18.150000,18.150000,17.549999,17.980000,8.797051,152900
2009-05-28,18.030001,18.340000,17.780001,18.290001,8.948723,179600
2009-05-29,18.480000,19.330000,18.459999,19.200001,9.393961,248800
2009-06-01,19.230000,19.450001,18.910000,19.010000,9.300998,164800
2009-06-02,19.080000,19.250000,18.850000,18.959999,9.276530,179600
2009-06-03,18.900000,19.219999,18.110001,18.490000,9.046577,87300
2009-06-04,17.590000,18.950001,17.030001,18.639999,9.119971,95100
2009-06-05,18.660000,18.950001,18.510000,18.700001,9.149321,113100
2009-06-08,18.600000,18.879999,18.530001,18.559999,9.080826,135600
2009-06-09,18.600000,19.000000,18.379999,18.910000,9.252073,95900
2009-06-10,19.049999,19.049999,18.650000,18.910000,9.252073,90200
2009-06-11,18.709999,19.299999,18.709999,19.180000,9.384172,107600
2009-06-12,19.260000,19.549999,19.059999,19.480000,9.530955,81200
2009-06-15,19.370001,19.500000,18.740000,18.950001,9.271640,99700
2009-06-16,19.049999,19.170000,18.629999,18.639999,9.119971,97400
2009-06-17,18.639999,18.830000,18.360001,18.459999,9.031898,102400
2009-06-18,18.709999,18.709999,18.450001,18.639999,9.119971,62800
2009-06-19,18.950001,19.129999,18.790001,19.090000,9.340137,120200
2009-06-22,19.049999,19.100000,18.360001,18.410000,9.007435,105600
2009-06-23,18.680000,18.740000,18.350000,18.570000,9.085717,91800
2009-06-24,18.639999,18.930000,18.459999,18.730000,9.164002,67600
2009-06-25,18.809999,19.100000,18.809999,19.030001,9.310784,62000
2009-06-26,19.219999,19.219999,18.959999,19.000000,9.296104,93700
2009-06-29,19.150000,19.219999,18.690001,19.110001,9.349925,88600
2009-06-30,19.260000,19.559999,19.080000,19.500000,9.540741,87100
2009-07-01,19.600000,19.840000,19.219999,19.700001,9.638589,114900
2009-07-02,19.500000,20.049999,19.260000,19.850000,9.711979,108400
2009-07-06,19.750000,19.809999,19.000000,19.700001,9.638589,137400
2009-07-07,19.809999,19.809999,18.760000,18.850000,9.222714,99500
2009-07-08,18.809999,19.230000,18.690001,19.230000,9.408635,96800
2009-07-09,19.260000,19.969999,19.000000,19.780001,9.677736,114500
2009-07-10,19.799999,19.959999,19.660000,19.950001,9.760910,69800
2009-07-13,19.840000,20.000000,19.719999,20.000000,9.785374,179100
2009-07-14,20.000000,20.160000,19.750000,19.760000,9.667949,198300
2009-07-15,20.000000,20.240000,19.820000,20.110001,9.839191,107000
2009-07-16,20.129999,20.549999,20.100000,20.440001,10.000649,105800
2009-07-17,20.490000,21.299999,20.490000,21.059999,10.303998,133100
2009-07-20,21.330000,21.730000,21.049999,21.580000,10.558416,162900
2009-07-21,21.750000,21.840000,21.400000,21.430000,10.485029,125600
2009-07-22,21.549999,21.940001,21.400000,21.450001,10.494815,88300
2009-07-23,21.400000,21.940001,21.350000,21.740000,10.636700,148200
2009-07-24,21.830000,22.000000,21.700001,21.950001,10.739446,140000
2009-07-27,21.820000,22.580000,21.820000,22.230000,11.166413,182000
2009-07-28,22.200001,22.200001,21.760000,22.139999,11.121202,124500
2009-07-29,22.040001,22.150000,21.459999,21.740000,10.920279,105000
2009-07-30,21.750000,21.930000,20.870001,21.850000,10.975533,117200
2009-07-31,21.830000,22.260000,21.830000,22.190001,11.146319,82400
2009-08-03,22.450001,22.600000,22.129999,22.540001,11.322128,104800
2009-08-04,22.660000,22.790001,22.180000,22.540001,11.322128,58200
2009-08-05,22.549999,22.709999,22.150000,22.570000,11.337197,53300
2009-08-06,22.730000,22.790001,22.150000,22.150000,11.126226,75700
2009-08-07,22.290001,22.450001,22.000000,22.170000,11.136272,53000
2009-08-10,22.330000,22.500000,22.110001,22.209999,11.156365,78600
2009-08-11,22.280001,22.510000,21.719999,22.120001,11.111157,101600
2009-08-12,22.000000,22.510000,22.000000,22.430000,11.266874,102100
2009-08-13,22.450001,22.500000,22.120001,22.219999,11.161391,97600
2009-08-14,22.250000,22.250000,21.549999,21.860001,10.980556,84300
2009-08-17,21.500000,21.580000,20.750000,21.340000,10.719355,107100
2009-08-18,21.549999,21.860001,21.430000,21.770000,10.935350,102900
2009-08-19,21.980000,22.469999,21.780001,22.370001,11.236736,90200
2009-08-20,22.809999,22.809999,22.270000,22.530001,11.317106,54700
2009-08-21,22.870001,23.480000,22.750000,23.330000,11.718957,125200
2009-08-24,23.459999,23.950001,23.340000,23.930000,12.020346,85000
2009-08-25,23.990000,23.990000,23.379999,23.549999,11.829463,149800
2009-08-26,23.580000,23.760000,23.070000,23.120001,11.613471,78000
2009-08-27,23.070000,23.070000,21.879999,21.959999,11.030791,299700
2009-08-28,21.870001,22.719999,21.850000,22.510000,11.307059,80600
2009-08-31,22.530001,23.070000,22.430000,22.959999,11.533103,73200
2009-09-01,22.980000,23.299999,22.290001,22.370001,11.236736,76400
2009-09-02,22.160000,22.309999,21.790001,21.889999,10.995625,89500
2009-09-03,22.100000,22.750000,22.100000,22.750000,11.427615,70700
2009-09-04,23.500000,23.580000,22.570000,23.520000,11.814398,101900
2009-09-08,23.120001,23.400000,22.719999,23.190001,11.648628,254000
2009-09-09,23.270000,23.580000,23.080000,23.360001,11.734028,85500
2009-09-10,23.190001,23.549999,22.990000,23.540001,11.824438,68600
2009-09-11,23.549999,23.680000,23.299999,23.549999,11.829463,63300
2009-09-14,23.450001,23.610001,23.250000,23.610001,11.859608,72400
2009-09-15,23.600000,23.750000,23.290001,23.580000,11.844533,90700
2009-09-16,23.870001,24.260000,23.510000,24.100000,12.105735,127700
2009-09-17,24.250000,24.510000,23.350000,23.350000,11.729003,182800
2009-09-18,23.730000,24.120001,22.750000,23.969999,12.040432,216100
2009-09-21,23.770000,23.900000,23.410000,23.719999,11.914856,69500
2009-09-22,23.750000,24.230000,23.750000,24.110001,12.110764,64200
2009-09-23,24.360001,24.469999,23.820000,24.360001,12.236337,129700
2009-09-24,24.240000,24.690001,24.200001,24.570000,12.341824,101300
2009-09-25,24.420000,24.860001,24.360001,24.580000,12.346848,66200
2009-09-28,24.799999,24.959999,24.719999,24.889999,12.502566,74500
2009-09-29,24.860001,25.090000,24.770000,25.049999,12.582932,90400
2009-09-30,25.280001,25.309999,24.610001,24.820000,12.467401,62400
2009-10-01,24.940001,24.940001,24.540001,24.920000,12.517636,81600
2009-10-02,24.629999,24.879999,24.610001,24.650000,12.382009,76100
2009-10-05,24.830000,25.250000,24.730000,25.200001,12.658280,100600
2009-10-06,25.430000,26.000000,25.430000,25.700001,12.909438,82300
2009-10-07,25.799999,25.910000,25.280001,25.309999,12.713535,62900
2009-10-08,25.309999,26.110001,25.309999,26.020000,13.070178,86900
2009-10-09,26.129999,26.240000,25.870001,25.889999,13.004878,41400
2009-10-12,26.330000,26.910000,26.250000,26.590000,13.356498,100600
2009-10-13,26.309999,26.670000,25.549999,25.629999,12.874276,185500
2009-10-14,25.980000,26.070000,25.309999,25.340000,12.728605,115400
2009-10-15,25.350000,25.500000,24.900000,25.209999,12.663306,141100
2009-10-16,24.959999,25.680000,24.879999,25.620001,12.869252,83700
2009-10-19,25.650000,26.209999,25.549999,26.100000,13.110361,84300
2009-10-20,26.500000,26.500000,25.150000,25.360001,12.738651,140600
2009-10-21,25.180000,25.530001,24.930000,25.040001,12.577912,140700
2009-10-22,25.040001,25.600000,24.920000,25.520000,12.819024,124600
2009-10-23,25.459999,25.500000,24.799999,24.830000,12.757365,130700
2009-10-26,24.830000,25.150000,24.250000,24.450001,12.562129,91600
2009-10-27,24.450001,24.500000,24.100000,24.330000,12.500471,75200
2009-10-28,24.320000,24.320000,23.299999,23.379999,12.012371,149800
2009-10-29,23.400000,23.959999,23.400000,23.910000,12.284682,67000
2009-10-30,23.920000,23.930000,23.280001,23.700001,12.176786,117900
2009-11-02,23.780001,23.850000,22.680000,23.100000,11.868510,182000
2009-11-03,22.850000,23.350000,22.770000,23.299999,11.971270,82200
2009-11-04,23.459999,23.860001,23.400000,23.620001,12.135685,77000
2009-11-05,23.549999,23.840000,23.379999,23.809999,12.233307,104400
2009-11-06,23.760000,23.830000,23.410000,23.580000,12.115129,82900
2009-11-09,23.549999,24.420000,23.549999,24.330000,12.500471,88400
2009-11-10,24.459999,24.709999,24.420000,24.530001,12.603228,107000
2009-11-11,24.830000,25.000000,24.570000,25.000000,12.844709,82000
2009-11-12,25.000000,25.150000,24.660000,24.750000,12.716263,54300
2009-11-13,25.070000,25.430000,24.780001,25.420000,13.060500,95100
2009-11-16,25.540001,26.139999,25.500000,25.670000,13.188947,93000
2009-11-17,24.150000,24.389999,24.100000,24.389999,12.531301,2048800
2009-11-18,24.520000,24.520000,24.100000,24.340000,12.505609,333700
2009-11-19,24.309999,24.379999,24.100000,24.100000,12.382298,219200
2009-11-20,24.010000,24.299999,24.010000,24.299999,12.485060,214200
2009-11-23,24.590000,24.590000,24.170000,24.309999,12.490191,183200
2009-11-24,24.370001,24.400000,24.049999,24.280001,12.474781,255500
2009-11-25,24.330000,24.400000,24.139999,24.400000,12.536439,193900
2009-11-27,24.090000,24.370001,24.010000,24.309999,12.490191,55200
2009-11-30,24.299999,24.410000,24.180000,24.360001,12.515884,185900
2009-12-01,24.350000,24.350000,23.889999,24.000000,12.330924,317700
2009-12-02,23.790001,24.040001,23.790001,23.950001,12.305236,173200
2009-12-03,24.139999,24.160000,23.750000,23.750000,12.202476,228800
2009-12-04,23.760000,23.910000,23.559999,23.820000,12.238440,146700
2009-12-07,23.750000,24.299999,23.750000,24.200001,12.433679,140200
2009-12-08,24.010000,24.400000,23.950001,24.360001,12.515884,170300
2009-12-09,24.400000,24.490000,24.270000,24.440001,12.556991,171200
2009-12-10,24.480000,24.879999,24.330000,24.730000,12.705987,263700
2009-12-11,24.690001,24.700001,24.280001,24.700001,12.690576,249700
2009-12-14,24.840000,24.990000,24.570000,24.639999,12.659749,339100
2009-12-15,24.780001,24.950001,24.500000,24.879999,12.783057,219400
2009-12-16,24.790001,25.590000,24.790001,25.530001,13.117018,302700
2009-12-17,25.290001,25.770000,24.820000,25.129999,12.911501,372400
2009-12-18,25.299999,25.469999,24.830000,24.830000,12.757365,295100
2009-12-21,25.059999,25.209999,24.830000,25.090000,12.890950,177100
2009-12-22,25.290001,25.500000,25.110001,25.450001,13.075917,174600
2009-12-23,25.510000,25.799999,25.430000,25.790001,13.250603,157700
2009-12-24,25.850000,26.280001,25.850000,26.020000,13.368775,111700
2009-12-28,26.080000,26.430000,26.080000,26.330000,13.528049,135300
2009-12-29,26.330000,26.559999,26.000000,26.340000,13.533192,138700
2009-12-30,26.260000,26.370001,26.010000,26.240000,13.481809,94900
2009-12-31,26.459999,26.520000,26.209999,26.469999,13.599982,83400
2010-01-04,26.629999,27.370001,26.629999,27.330000,14.041836,160400
2010-01-05,27.469999,28.190001,27.469999,28.040001,14.406624,221200
2010-01-06,28.200001,28.740000,28.190001,28.690001,14.740587,151300
2010-01-07,28.770000,28.770000,27.830000,28.219999,14.499109,160500
2010-01-08,28.139999,28.410000,27.879999,28.240000,14.509387,146600
2010-01-11,28.510000,29.000000,28.440001,28.920000,14.858758,128000
2010-01-12,28.889999,28.889999,28.459999,28.500000,14.642971,150700
2010-01-13,27.450001,27.639999,26.540001,27.320000,14.036700,463100
2010-01-14,27.309999,27.950001,27.000000,27.850000,14.309005,190100
2010-01-15,27.990000,28.320000,27.440001,28.120001,14.447729,138800
2010-01-19,28.170000,28.260000,27.200001,27.400000,14.077802,395000
2010-01-20,27.280001,27.459999,27.059999,27.400000,14.077802,147900
2010-01-21,27.459999,27.639999,26.900000,27.010000,13.877429,311500
2010-01-22,27.010000,27.059999,26.350000,26.629999,13.682186,216400
2010-01-25,26.660000,26.990000,26.520000,26.959999,13.851738,169900
2010-01-26,26.980000,27.270000,26.750000,27.260000,14.005876,137600
2010-01-27,27.180000,27.490000,27.000000,27.490000,14.124046,137700
2010-01-28,27.490000,27.490000,27.049999,27.260000,14.005876,192000
2010-01-29,27.260000,27.500000,26.690001,27.000000,13.872287,138700
2010-02-01,27.000000,27.500000,26.950001,27.480000,14.118905,118300
2010-02-02,27.430000,27.719999,27.360001,27.680000,14.221666,204700
2010-02-03,27.129999,27.389999,26.350000,26.350000,13.822980,217000
2010-02-04,26.299999,26.299999,24.530001,24.980000,13.104285,400100
2010-02-05,24.950001,25.330000,23.219999,25.250000,13.245930,453500
2010-02-08,25.190001,25.469999,24.680000,24.910000,13.067562,165200
2010-02-09,25.160000,25.760000,25.000000,25.549999,13.403300,110300
2010-02-10,25.670000,25.840000,25.190001,25.320000,13.282646,149900
2010-02-11,25.270000,25.760000,24.799999,25.750000,13.508218,125000
2010-02-12,25.629999,26.219999,25.309999,26.200001,13.744284,137000
2010-02-16,26.510000,27.480000,26.500000,27.219999,14.279369,234900
2010-02-17,27.400000,27.549999,26.969999,27.530001,14.441990,124100
2010-02-18,27.750000,27.750000,27.000000,27.080000,14.205924,130600
2010-02-19,27.129999,27.340000,26.969999,27.250000,14.295110,66300
2010-02-22,27.590000,27.590000,27.100000,27.230000,14.284612,69400
2010-02-23,27.000000,27.240000,26.400000,26.580000,13.943632,149700
2010-02-24,26.629999,27.059999,26.200001,26.520000,13.912157,120100
2010-02-25,26.290001,27.150000,26.290001,27.139999,14.237401,64600
2010-02-26,27.309999,27.500000,27.080000,27.290001,14.316091,82500
2010-03-01,27.570000,27.580000,27.200001,27.459999,14.405270,93100
2010-03-02,27.750000,28.090000,27.559999,28.010000,14.693793,130500
2010-03-03,28.219999,28.400000,27.940001,28.100000,14.741013,203000
2010-03-04,28.150000,28.400000,27.790001,28.200001,14.793470,80000
2010-03-05,28.549999,28.590000,28.360001,28.520000,14.961337,70400
2010-03-08,28.780001,29.000000,28.500000,28.900000,15.160684,111200
2010-03-09,28.840000,29.049999,28.799999,28.990000,15.207897,109700
2010-03-10,28.940001,29.700001,28.940001,29.620001,15.538388,104500
2010-03-11,29.730000,29.799999,29.450001,29.799999,15.632813,99700
2010-03-12,29.750000,30.180000,29.610001,29.799999,15.632813,91100
2010-03-15,29.799999,29.860001,29.190001,29.309999,15.375762,136700
2010-03-16,29.150000,29.299999,29.150000,29.230000,15.333791,109000
2010-03-17,29.160000,29.290001,28.889999,29.129999,15.281337,116900
2010-03-18,29.240000,29.240000,28.850000,29.090000,15.260358,88200
2010-03-19,28.480000,29.080000,28.389999,28.480000,14.940358,158900
2010-03-22,28.500000,28.870001,28.030001,28.770000,15.092490,100400
2010-03-23,28.559999,29.250000,28.559999,29.020000,15.223635,65700
2010-03-24,29.000000,29.389999,28.930000,29.070000,15.249863,83600
2010-03-25,29.080000,29.190001,28.799999,28.920000,15.171169,96200
2010-03-26,28.910000,29.150000,28.910000,29.129999,15.281337,77600
2010-03-29,29.090000,29.770000,29.090000,29.650000,15.554123,114900
2010-03-30,29.770000,30.000000,29.660000,29.870001,15.669532,103100
2010-03-31,29.930000,30.110001,29.830000,29.850000,15.659044,114400
2010-04-01,29.870001,30.000000,29.850000,29.950001,15.711500,97200
2010-04-05,30.150000,30.200001,29.980000,30.090000,15.784945,95100
2010-04-06,30.139999,30.150000,29.690001,29.730000,15.596093,93300
2010-04-07,29.590000,29.850000,29.500000,29.700001,15.580353,160600
2010-04-08,29.600000,29.840000,29.379999,29.799999,15.632813,82400
2010-04-09,29.980000,29.990000,29.559999,29.900000,15.685270,57500
2010-04-12,29.860001,30.080000,29.820000,29.940001,15.706257,50400
2010-04-13,29.740000,29.799999,29.400000,29.799999,15.632813,73900
2010-04-14,29.889999,29.889999,29.400000,29.760000,15.611825,94600
2010-04-15,29.540001,29.969999,29.530001,29.879999,15.674775,86300
2010-04-16,29.680000,29.830000,29.020000,29.650000,15.554123,100400
2010-04-19,29.570000,29.930000,29.400000,29.639999,15.548879,95800
2010-04-20,29.690001,30.240000,29.690001,30.139999,15.811177,80600
2010-04-21,30.250000,30.379999,30.000000,30.250000,15.868876,82600
2010-04-22,30.049999,30.200001,29.730000,30.160000,15.821668,108900
2010-04-23,30.230000,30.250000,29.500000,30.080000,15.779698,90400
2010-04-26,30.110001,30.320000,30.110001,30.150000,15.816422,63600
2010-04-27,30.000000,30.129999,29.200001,29.540001,15.496424,105700
2010-04-28,29.730000,29.730000,29.010000,29.250000,15.344284,199100
2010-04-29,29.379999,29.600000,28.900000,29.129999,15.281337,157800
2010-04-30,29.260000,29.500000,28.680000,29.120001,15.276093,212600
2010-05-03,29.400000,29.580000,29.100000,29.459999,15.454448,97000
2010-05-04,29.420000,29.750000,29.180000,29.370001,15.407239,301500
2010-05-05,28.540001,28.590000,27.330000,28.389999,15.203736,190200
2010-05-06,28.240000,28.299999,19.750000,26.570000,14.229070,593400
2010-05-07,26.389999,27.280001,26.280001,26.980000,14.448638,237800
2010-05-10,28.370001,28.410000,27.450001,27.910000,14.946682,141700
2010-05-11,27.780001,28.750000,27.780001,28.379999,15.198380,91000
2010-05-12,28.420000,29.240000,28.420000,28.940001,15.498282,113100
2010-05-13,28.840000,29.209999,28.709999,29.059999,15.562545,96900
2010-05-14,29.400000,29.480000,28.860001,29.240000,15.658943,98800
2010-05-17,29.480000,29.480000,28.770000,29.280001,15.680359,119000
2010-05-18,29.490000,29.770000,29.190001,29.600000,15.851732,127900
2010-05-19,29.350000,29.530001,27.969999,28.350000,15.182319,180400
2010-05-20,27.500000,27.820000,26.200001,26.670000,14.282624,198800
2010-05-21,26.049999,27.340000,25.770000,27.320000,14.630721,137500
2010-05-24,27.410000,27.629999,27.020000,27.100000,14.512906,107400
2010-05-25,26.510000,27.290001,26.059999,26.980000,14.448638,236900
2010-05-26,27.320000,28.600000,27.320000,28.059999,15.027012,127100
2010-05-27,28.350000,28.900000,28.350000,28.860001,15.455437,73800
2010-05-28,28.900000,29.100000,28.299999,28.760000,15.401885,78400
2010-06-01,28.559999,28.709999,27.590000,27.990000,14.989526,111800
2010-06-02,28.049999,28.450001,27.910000,28.360001,15.187675,92400
2010-06-03,28.500000,28.750000,28.260000,28.750000,15.396528,122100
2010-06-04,28.230000,28.480000,27.910000,28.049999,15.021656,214900
2010-06-07,28.330000,28.330000,27.750000,27.790001,14.882421,182300
2010-06-08,27.790001,28.400000,27.389999,27.900000,14.941331,194900
2010-06-09,28.150000,28.680000,27.850000,28.299999,15.155540,112400
2010-06-10,28.620001,29.170000,28.500000,28.940001,15.498282,65100
2010-06-11,28.670000,29.200001,28.590000,29.139999,15.605384,87200
2010-06-14,29.490000,29.520000,29.240000,29.430000,15.760689,130300
2010-06-15,29.450001,29.719999,29.330000,29.719999,15.915998,119400
2010-06-16,29.680000,29.799999,29.520000,29.740000,15.926704,134000
2010-06-17,29.930000,30.180000,29.750000,30.049999,16.092720,249000
2010-06-18,30.150000,30.209999,29.950001,30.030001,16.082012,139600
2010-06-21,30.070000,30.360001,29.860001,30.100000,16.119495,97900
2010-06-22,30.049999,30.049999,29.490000,29.730000,15.921350,69600
2010-06-23,29.760000,29.840000,29.299999,29.840000,15.980256,84400
2010-06-24,29.760000,30.080000,29.350000,30.040001,16.087362,109700
2010-06-25,30.270000,30.680000,30.129999,30.650000,16.414042,115500
2010-06-28,30.549999,31.090000,30.510000,30.969999,16.585407,129800
2010-06-29,30.500000,30.520000,29.750000,29.910000,16.017744,137600
2010-06-30,30.070000,30.250000,29.510000,29.760000,15.937416,115000
2010-07-01,29.940001,29.940001,28.350000,29.129999,15.600026,163900
2010-07-02,29.270000,29.900000,29.270000,29.790001,15.953487,80700
2010-07-06,30.070000,30.450001,29.320000,29.629999,15.867796,92500
2010-07-07,29.830000,30.660000,29.719999,30.570000,16.371199,119600
2010-07-08,30.799999,30.980000,30.330000,30.540001,16.355133,102000
2010-07-09,30.480000,30.980000,30.440001,30.860001,16.526503,114600
2010-07-12,30.969999,31.150000,30.639999,30.879999,16.537216,90800
2010-07-13,31.070000,31.200001,30.900000,31.200001,16.708582,112600
2010-07-14,31.250000,31.500000,31.030001,31.400000,16.815687,97700
2010-07-15,31.440001,32.270000,31.190001,32.020000,17.147720,157100
2010-07-16,31.770000,32.310001,31.540001,32.279999,17.286957,141800
2010-07-19,32.299999,32.820000,32.060001,32.500000,17.404772,150300
2010-07-20,32.230000,33.250000,32.230000,32.980000,17.661829,201300
2010-07-21,33.099998,33.549999,32.840000,33.299999,17.833195,221700
2010-07-22,33.570000,34.240002,33.570000,33.889999,18.149170,175400
2010-07-23,34.000000,34.540001,33.700001,34.330002,18.384794,137800
2010-07-26,34.560001,34.639999,34.200001,34.570000,18.513317,166500
2010-07-27,35.099998,35.240002,34.040001,34.419998,18.432993,268300
2010-07-28,34.279999,34.639999,33.150002,33.910000,18.159874,138800
2010-07-29,34.020000,34.400002,32.950001,33.630001,18.009922,181800
2010-07-30,33.340000,34.500000,33.259998,34.500000,18.475840,178200
2010-08-02,34.680000,35.000000,34.529999,34.930000,18.706114,112400
2010-08-03,34.759998,35.340000,34.750000,35.230000,18.866774,128000
2010-08-04,34.889999,34.970001,34.150002,34.730000,18.921257,121100
2010-08-05,34.770000,35.200001,34.400002,34.779999,18.948496,126600
2010-08-06,34.540001,35.139999,34.509998,35.020000,19.079248,99100
2010-08-09,35.080002,35.250000,34.570000,34.849998,18.986629,98800
2010-08-10,34.500000,34.750000,33.910000,34.680000,18.894014,104700
2010-08-11,33.990002,34.450001,33.400002,33.720001,18.370996,167200
2010-08-12,33.110001,33.730000,32.650002,32.990002,17.973286,137000
2010-08-13,32.869999,34.299999,32.869999,34.009998,18.528992,212000
2010-08-16,33.610001,34.799999,33.610001,34.779999,18.948496,122700
2010-08-17,34.930000,34.930000,33.910000,33.939999,18.490856,118300
2010-08-18,33.889999,34.240002,33.410000,34.049999,18.550781,134100
2010-08-19,33.810001,33.980000,33.419998,33.840000,18.436378,119800
2010-08-20,33.669998,34.110001,33.380001,34.029999,18.539890,104200
2010-08-23,34.160000,34.459999,33.250000,33.330002,18.158524,83000
2010-08-24,33.020000,33.099998,32.119999,32.860001,17.902456,121400
2010-08-25,32.639999,32.750000,31.840000,32.459999,17.684538,85400
2010-08-26,32.549999,32.810001,32.360001,32.430000,17.668196,68300
2010-08-27,32.529999,33.060001,32.060001,32.990002,17.973286,56900
2010-08-30,32.810001,32.990002,32.500000,32.610001,17.766254,65700
2010-08-31,32.520000,32.939999,32.520000,32.849998,17.897011,97000
2010-09-01,33.180000,33.470001,32.660000,32.830002,17.886114,121700
2010-09-02,32.900002,33.160000,32.639999,32.930000,17.940601,115500
2010-09-03,33.119999,33.250000,32.599998,32.990002,17.973286,87900
2010-09-07,32.970001,33.000000,32.590000,32.689999,17.809835,65700
2010-09-08,32.610001,32.750000,32.500000,32.669998,17.798941,56200
2010-09-09,32.930000,32.970001,32.570000,32.950001,17.951487,49400
2010-09-10,33.040001,33.040001,32.480000,32.720001,17.826185,46800
2010-09-13,33.020000,33.130001,32.509998,32.669998,17.798941,44100
2010-09-14,32.830002,33.380001,32.279999,33.299999,18.142178,60200
2010-09-15,33.430000,33.430000,32.820000,32.980000,17.967836,53200
2010-09-16,32.750000,32.860001,32.200001,32.570000,17.744467,64800
2010-09-17,32.840000,32.840000,32.270000,32.380001,17.640945,59200
2010-09-20,32.439999,32.439999,32.000000,32.150002,17.515636,87100
2010-09-21,32.150002,32.180000,31.600000,31.969999,17.417574,70000
2010-09-22,32.080002,32.380001,31.570000,32.070000,17.472059,82600
2010-09-23,31.959999,32.070000,31.510000,31.740000,17.292273,81700
2010-09-24,32.009998,32.040001,31.190001,31.500000,17.161518,87900
2010-09-27,31.459999,31.459999,30.719999,31.280001,17.041658,77100
2010-09-28,30.959999,31.320000,30.530001,31.320000,17.063454,120000
2010-09-29,31.320000,31.860001,31.320000,31.709999,17.275930,47700
2010-09-30,31.780001,31.910000,31.219999,31.780001,17.314062,153400
2010-10-01,31.799999,32.270000,31.760000,32.119999,17.499306,79600
2010-10-04,31.850000,31.980000,31.450001,31.879999,17.368544,75500
2010-10-05,32.090000,32.169998,31.740000,32.099998,17.488407,130500
2010-10-06,32.090000,33.029999,32.020000,32.869999,17.907906,160200
2010-10-07,33.320000,33.330002,32.779999,32.970001,17.962393,126000
2010-10-08,32.849998,33.570000,32.799999,33.419998,18.207548,121400
2010-10-11,33.580002,33.860001,33.369999,33.740002,18.381895,76600
2010-10-12,33.630001,33.860001,33.490002,33.770000,18.398235,68500
2010-10-13,33.860001,34.340000,33.849998,34.230000,18.648855,78200
2010-10-14,34.060001,34.290001,33.750000,33.919998,18.479956,82100
2010-10-15,33.959999,34.020000,33.660000,33.790001,18.409132,68200
2010-10-18,33.930000,34.400002,33.750000,34.310001,18.692438,75200
2010-10-19,33.799999,34.410000,33.740002,34.130001,18.594366,112900
2010-10-20,34.160000,34.349998,33.880001,34.130001,18.594366,63600
2010-10-21,34.250000,34.369999,33.610001,33.880001,18.458168,86600
2010-10-22,34.040001,34.380001,33.880001,34.000000,18.523546,81500
2010-10-25,34.230000,34.400002,33.910000,34.110001,18.583477,109000
2010-10-26,34.000000,34.119999,33.790001,33.840000,18.436378,106100
2010-10-27,33.630001,33.910000,33.520000,33.799999,18.414585,132800
2010-10-28,33.770000,34.209999,33.599998,34.009998,18.528992,130700
2010-10-29,34.000000,34.410000,34.000000,34.340000,18.708778,82100
2010-11-01,34.349998,35.000000,34.349998,34.860001,18.992081,117300
2010-11-02,35.169998,35.220001,34.959999,35.150002,19.150076,112600
2010-11-03,34.759998,35.250000,34.360001,34.980000,19.388411,115600
2010-11-04,35.250000,35.610001,34.959999,35.439999,19.643375,158000
2010-11-05,35.599998,35.700001,35.270000,35.619999,19.743147,149400
2010-11-08,35.500000,35.770000,35.500000,35.650002,19.759777,112200
2010-11-09,35.680000,36.560001,35.599998,35.860001,19.876171,135100
2010-11-10,35.790001,35.860001,35.360001,35.470001,19.660006,108600
2010-11-11,35.259998,35.470001,35.060001,35.400002,19.621208,45100
2010-11-12,35.110001,35.650002,35.009998,35.400002,19.621208,96100
2010-11-15,35.480000,35.900002,35.380001,35.639999,19.754232,78300
2010-11-16,35.439999,35.599998,34.520000,34.980000,19.388411,192200
2010-11-17,35.049999,35.320000,34.820000,34.919998,19.355156,67000
2010-11-18,35.009998,35.220001,34.779999,35.060001,19.432756,117700
2010-11-19,34.919998,35.470001,34.740002,35.029999,19.416126,120000
2010-11-22,34.779999,36.000000,34.509998,35.880001,19.887257,131800
2010-11-23,35.689999,35.959999,35.040001,35.750000,19.815197,83900
2010-11-24,35.900002,36.490002,35.720001,35.869999,19.881708,80700
2010-11-26,35.549999,35.790001,35.439999,35.610001,19.737606,19900
2010-11-29,35.590000,36.160000,35.070000,36.160000,20.042448,91800
2010-11-30,35.830002,36.500000,35.750000,36.320000,20.131136,87400
2010-12-01,36.740002,37.150002,36.480000,37.020000,20.519123,93600
2010-12-02,36.840000,37.250000,36.830002,36.869999,20.435982,76400
2010-12-03,36.849998,37.049999,36.500000,36.820000,20.408272,52800
2010-12-06,36.820000,37.540001,36.700001,37.380001,20.718664,84400
2010-12-07,38.029999,38.180000,37.509998,37.730000,20.912659,96100
2010-12-08,37.810001,37.939999,37.040001,37.549999,20.812889,56900
2010-12-09,37.480000,37.779999,37.189999,37.639999,20.862770,79100
2010-12-10,37.799999,37.799999,37.500000,37.610001,20.846146,81600
2010-12-13,37.619999,38.150002,37.599998,38.009998,21.067848,172900
2010-12-14,38.090000,38.139999,37.580002,37.619999,20.851685,96900
2010-12-15,37.610001,38.139999,37.470001,37.660000,20.873861,92000
2010-12-16,37.590000,37.840000,36.950001,36.970001,20.491413,102600
2010-12-17,36.869999,37.070000,36.279999,36.419998,20.186558,85600
2010-12-20,36.630001,37.869999,36.630001,37.630001,20.857229,107800
2010-12-21,37.680000,37.680000,37.209999,37.619999,20.851685,61600
2010-12-22,37.799999,37.900002,37.560001,37.709999,20.901577,70500
2010-12-23,37.799999,37.939999,37.500000,37.570000,20.823969,41700
2010-12-27,37.599998,37.700001,37.349998,37.430000,20.746380,51900
2010-12-28,37.430000,37.770000,37.250000,37.750000,20.923740,63800
2010-12-29,37.770000,38.000000,37.709999,38.000000,21.062309,46800
2010-12-30,38.000000,38.250000,37.970001,38.000000,21.062309,59500
2010-12-31,38.220001,38.220001,37.930000,37.990002,21.056774,52900
2011-01-03,38.450001,38.590000,37.779999,38.070000,21.101109,90000
2011-01-04,38.250000,38.320000,37.410000,37.419998,20.740835,80700
2011-01-05,37.259998,37.410000,36.910000,37.279999,20.663233,76500
2011-01-06,37.320000,37.439999,37.090000,37.430000,20.746380,65300
2011-01-07,37.430000,37.549999,37.049999,37.230000,20.635521,100100
2011-01-10,37.340000,37.340000,37.000000,37.259998,20.652142,83900
2011-01-11,37.549999,37.549999,37.000000,37.020000,20.519123,93300
2011-01-12,37.080002,37.509998,37.080002,37.250000,20.646606,83600
2011-01-13,37.279999,37.480000,37.099998,37.290001,20.668779,56600
2011-01-14,37.250000,37.400002,36.959999,37.209999,20.624434,58700
2011-01-18,37.060001,37.250000,36.520000,36.910000,20.458153,84100
2011-01-19,36.750000,36.750000,35.500000,35.549999,19.704351,154500
2011-01-20,35.490002,35.490002,34.000000,34.439999,19.089102,155800
2011-01-21,34.570000,35.099998,34.570000,34.750000,19.260921,103500
2011-01-24,34.810001,35.340000,34.500000,35.200001,19.510353,70400
2011-01-25,35.020000,35.200001,34.799999,35.000000,19.399494,91800
2011-01-26,34.980000,35.349998,34.900002,35.320000,19.576868,83600
2011-01-27,35.590000,37.130001,35.410000,36.990002,20.502499,215100
2011-01-28,37.029999,39.709999,36.810001,39.270000,21.766233,956500
2011-01-31,39.369999,39.790001,38.470001,39.500000,21.893715,332400
2011-02-01,39.580002,39.900002,39.000000,39.349998,21.810579,187000
2011-02-02,39.360001,39.590000,39.070000,39.150002,21.699724,191300
2011-02-03,38.549999,38.779999,37.990002,38.380001,21.620852,80600
2011-02-04,38.439999,38.439999,37.419998,37.619999,21.192715,88800
2011-02-07,37.730000,37.740002,37.459999,37.580002,21.170189,84700
2011-02-08,37.549999,37.750000,37.150002,37.220001,20.967388,83700
2011-02-09,37.220001,37.270000,36.910000,37.130001,20.916687,50000
2011-02-10,36.950001,37.360001,36.900002,37.110001,20.905413,67000
2011-02-11,36.930000,37.470001,36.830002,37.340000,21.034988,58400
2011-02-14,37.400002,38.139999,37.380001,37.930000,21.367353,73500
2011-02-15,38.189999,38.189999,37.599998,37.849998,21.322279,48600
2011-02-16,37.930000,38.549999,37.779999,38.259998,21.553255,119800
2011-02-17,38.279999,38.730000,38.020000,38.509998,21.694094,55000
2011-02-18,38.680000,38.720001,38.070000,38.310001,21.581423,114500
2011-02-22,38.160000,38.619999,37.070000,37.680000,21.226521,100600
2011-02-23,37.590000,37.869999,36.689999,37.200001,20.956123,111500
2011-02-24,37.200001,37.500000,36.799999,36.840000,20.753319,63200
2011-02-25,36.900002,37.770000,36.810001,37.750000,21.265953,61900
2011-02-28,37.770000,38.090000,37.770000,38.080002,21.451857,93100
2011-03-01,38.200001,38.410000,38.020000,38.169998,21.502556,82900
2011-03-02,38.130001,38.689999,38.110001,38.410000,21.637754,54500
2011-03-03,38.689999,38.689999,38.250000,38.400002,21.632120,67200
2011-03-04,38.470001,38.509998,38.189999,38.430000,21.649023,31000
2011-03-07,38.759998,38.759998,38.090000,38.279999,21.564518,77500
2011-03-08,38.230000,38.459999,37.759998,37.869999,21.333549,57700
2011-03-09,37.759998,37.950001,37.090000,37.110001,20.905413,84300
2011-03-10,36.790001,37.090000,36.000000,36.459999,20.539253,95400
2011-03-11,36.410000,36.840000,36.279999,36.669998,20.657547,90300
2011-03-14,36.660000,38.049999,36.660000,37.500000,21.125120,208900
2011-03-15,37.400002,39.200001,36.570000,39.060001,22.003925,371700
2011-03-16,39.220001,39.639999,38.240002,38.389999,21.626490,787200
2011-03-17,39.459999,39.680000,39.020000,39.459999,22.229263,345100
2011-03-18,40.000000,40.500000,39.700001,39.980000,22.522194,226600
2011-03-21,41.279999,41.500000,40.500000,41.299999,23.265795,201800
2011-03-22,41.220001,41.450001,40.830002,40.910000,23.046099,164800
2011-03-23,41.240002,41.400002,40.900002,40.939999,23.063000,179900
2011-03-24,41.200001,41.349998,40.500000,40.570000,22.854567,146200
2011-03-25,40.549999,40.860001,40.349998,40.599998,22.871468,91500
2011-03-28,41.160000,41.160000,40.290001,40.450001,22.786966,125300
2011-03-29,40.570000,41.259998,40.209999,40.240002,22.668665,136700
2011-03-30,40.470001,40.470001,40.009998,40.189999,22.640497,127400
2011-03-31,40.330002,41.299999,40.270000,41.000000,23.096800,167200
2011-04-01,41.049999,41.200001,40.419998,40.430000,22.775696,110200
2011-04-04,40.459999,40.720001,40.369999,40.500000,22.815126,123800
2011-04-05,38.529999,38.720001,38.160000,38.439999,21.654659,2983900
2011-04-06,38.580002,38.849998,38.439999,38.630001,21.761694,530200
2011-04-07,38.549999,38.849998,38.520000,38.849998,21.885628,315100
2011-04-08,38.869999,38.950001,38.330002,38.700001,21.801123,232200
2011-04-11,38.750000,38.790001,37.549999,37.970001,21.389883,347200
2011-04-12,37.630001,37.840000,36.580002,37.580002,21.170189,311000
2011-04-13,37.720001,38.169998,37.549999,37.889999,21.344820,179300
2011-04-14,37.709999,37.869999,37.360001,37.730000,21.254686,138500
2011-04-15,37.830002,37.919998,37.490002,37.820000,21.305386,145700
2011-04-18,37.900002,37.930000,37.150002,37.880001,21.339186,222000
2011-04-19,38.020000,38.330002,37.910000,38.049999,21.434954,141300
2011-04-20,38.500000,38.669998,38.150002,38.610001,21.750423,207600
2011-04-21,38.709999,38.880001,38.509998,38.830002,21.874361,152600
2011-04-25,38.880001,38.950001,38.750000,38.919998,21.925056,273300
2011-04-26,38.939999,38.950001,38.599998,38.660000,21.778593,152600
2011-04-27,38.790001,38.849998,38.349998,38.619999,21.756054,145200
2011-04-28,38.720001,38.770000,38.520000,38.540001,21.710991,122200
2011-04-29,38.619999,38.880001,37.900002,37.919998,21.361719,351000
2011-05-02,38.000000,38.369999,37.939999,38.130001,21.480024,232000
2011-05-03,38.099998,38.189999,37.500000,38.029999,21.423679,315200
2011-05-04,37.330002,37.570000,36.099998,36.299999,20.793581,278800
2011-05-05,36.099998,36.139999,34.400002,34.779999,19.922884,641400
2011-05-06,35.029999,35.619999,34.950001,35.200001,20.163471,238500
2011-05-09,35.139999,35.799999,35.139999,35.799999,20.507162,176000
2011-05-10,35.900002,36.180000,35.730000,36.110001,20.684746,206600
2011-05-11,36.000000,36.139999,35.099998,35.639999,20.415514,169200
2011-05-12,35.500000,36.040001,35.110001,35.900002,20.564453,180000
2011-05-13,35.990002,36.189999,35.880001,36.080002,20.667557,139200
2011-05-16,36.080002,36.080002,35.259998,35.270000,20.203568,146100
2011-05-17,35.049999,35.400002,34.720001,34.980000,20.037449,173600
2011-05-18,34.970001,35.939999,34.750000,35.549999,20.363956,136200
2011-05-19,35.790001,35.990002,35.189999,35.520000,20.346781,100200
2011-05-20,35.599998,35.680000,35.060001,35.080002,20.094732,175400
2011-05-23,34.820000,34.849998,34.509998,34.709999,19.882786,137800
2011-05-24,34.910000,35.060001,34.439999,34.730000,19.894241,151300
2011-05-25,34.619999,34.990002,34.619999,34.650002,19.848413,103700
2011-05-26,34.660000,35.000000,34.610001,35.000000,20.048899,101800
2011-05-27,35.230000,35.279999,34.759998,35.029999,20.066090,121100
2011-05-31,35.200001,35.759998,35.139999,35.660000,20.426970,97200
2011-06-01,35.980000,36.570000,35.880001,36.160000,20.713385,258700
2011-06-02,36.049999,36.160000,35.009998,35.090000,20.100462,191500
2011-06-03,34.840000,35.290001,34.799999,35.230000,20.180656,140400
2011-06-06,35.060001,35.279999,34.810001,35.009998,20.054634,152100
2011-06-07,35.060001,35.369999,34.790001,35.139999,20.129097,177700
2011-06-08,35.150002,35.349998,34.459999,34.849998,19.962982,214500
2011-06-09,35.020000,35.560001,35.000000,35.500000,20.335320,129800
2011-06-10,35.290001,35.500000,34.880001,35.160000,20.140558,115200
2011-06-13,35.139999,35.150002,34.490002,34.560001,19.796860,101000
2011-06-14,34.919998,35.259998,34.419998,34.580002,19.808323,156500
2011-06-15,34.400002,34.930000,33.970001,34.490002,19.756767,118700
2011-06-16,34.430000,34.689999,33.549999,34.160000,19.567732,174500
2011-06-17,34.610001,34.639999,33.900002,34.500000,19.762487,267300
2011-06-20,34.349998,35.340000,34.349998,35.250000,20.192116,96600
2011-06-21,35.250000,36.160000,35.250000,35.939999,20.587358,97400
2011-06-22,35.849998,36.470001,35.849998,36.020000,20.633190,79900
2011-06-23,35.840000,36.040001,35.180000,35.939999,20.587358,113300
2011-06-24,35.930000,36.150002,35.520000,36.099998,20.679012,141100
2011-06-27,35.950001,36.599998,35.820000,36.459999,20.885233,159500
2011-06-28,36.590000,36.889999,36.419998,36.790001,21.074265,115700
2011-06-29,36.919998,37.590000,36.689999,37.220001,21.320581,164600
2011-06-30,37.380001,37.590000,36.830002,36.990002,21.188826,111200
2011-07-01,37.040001,37.389999,36.849998,37.340000,21.389322,97600
2011-07-05,37.270000,37.500000,37.099998,37.340000,21.389322,85600
2011-07-06,37.299999,37.759998,37.299999,37.720001,21.606995,119000
2011-07-07,37.980000,38.029999,37.650002,37.869999,21.692913,117200
2011-07-08,38.020000,38.400002,37.880001,38.250000,21.910599,241900
2011-07-11,38.150002,38.150002,37.689999,37.970001,21.750200,164300
2011-07-12,37.869999,37.950001,37.310001,37.369999,21.406500,96400
2011-07-13,37.430000,37.950001,37.419998,37.610001,21.543980,68400
2011-07-14,37.580002,37.990002,37.200001,37.279999,21.354942,57800
2011-07-15,37.500000,37.720001,37.209999,37.480000,21.469517,116600
2011-07-18,37.660000,37.680000,37.020000,37.180000,21.297668,69600
2011-07-19,37.450001,37.570000,37.090000,37.459999,21.458059,79800
2011-07-20,37.500000,37.689999,37.290001,37.419998,21.435143,97400
2011-07-21,37.450001,37.990002,37.450001,37.849998,21.681456,123600
2011-07-22,38.020000,38.020000,37.720001,37.950001,21.738745,100600
2011-07-25,37.799999,38.000000,37.450001,37.570000,21.521067,150100
2011-07-26,37.660000,37.660000,37.000000,37.000000,21.194559,114400
2011-07-27,37.000000,37.099998,35.500000,36.000000,20.621727,181900
2011-07-28,36.000000,36.279999,35.570000,36.250000,20.764942,92200
2011-07-29,35.980000,36.610001,35.310001,36.529999,20.925329,224900
2011-08-01,36.919998,37.099998,36.009998,36.730000,21.039894,196100
2011-08-02,36.830002,36.980000,36.410000,36.410000,20.856581,232800
2011-08-03,36.020000,36.020000,34.599998,34.900002,20.343628,192800
2011-08-04,34.650002,34.849998,31.930000,32.970001,19.218605,468600
2011-08-05,33.110001,34.349998,31.000000,32.330002,18.845545,443600
2011-08-08,31.500000,31.520000,28.809999,29.750000,17.341635,589800
2011-08-09,30.400000,31.760000,29.900000,31.400000,18.303434,268700
2011-08-10,31.120001,32.860001,30.830000,31.770000,18.519110,334600
2011-08-11,32.299999,34.529999,31.879999,33.759998,19.679104,214000
2011-08-12,33.959999,34.290001,33.560001,33.680000,19.632473,140300
2011-08-15,34.160000,35.669998,34.160000,34.970001,20.384434,214400
2011-08-16,34.549999,34.709999,34.000000,34.520000,20.122118,132200
2011-08-17,34.549999,35.020000,34.299999,34.349998,20.023027,174800
2011-08-18,33.689999,33.900002,32.680000,33.549999,19.556694,139400
2011-08-19,33.080002,33.799999,32.369999,32.480000,18.932974,162500
2011-08-22,33.150002,33.150002,31.910000,31.969999,18.635695,160100
2011-08-23,32.130001,32.700001,31.920000,32.630001,19.020416,133900
2011-08-24,32.509998,32.860001,32.040001,32.419998,18.898001,130200
2011-08-25,32.630001,32.639999,31.780001,31.809999,18.542431,116800
2011-08-26,31.600000,32.090000,31.330000,32.070000,18.693989,140500
2011-08-29,32.889999,33.299999,32.220001,33.130001,19.311872,169500
2011-08-30,33.139999,33.700001,32.750000,33.509998,19.533373,101400
2011-08-31,33.880001,34.259998,33.410000,33.709999,19.649961,82500
2011-09-01,33.720001,34.099998,33.330002,33.340000,19.434288,54100
2011-09-02,32.950001,33.150002,32.639999,32.880001,19.166145,63800
2011-09-06,32.230000,32.599998,31.790001,32.119999,18.723131,116400
2011-09-07,32.490002,33.220001,32.270000,33.009998,19.241919,64600
2011-09-08,32.889999,33.389999,32.799999,32.900002,19.177805,55000
2011-09-09,32.759998,32.849998,32.160000,32.540001,18.967957,104500
2011-09-12,32.049999,32.709999,31.500000,32.439999,18.909658,120100
2011-09-13,32.509998,32.660000,32.040001,32.549999,18.973783,41300
2011-09-14,32.689999,33.330002,32.560001,33.009998,19.241919,64000
2011-09-15,33.180000,33.590000,32.970001,33.470001,19.510063,73100
2011-09-16,33.330002,33.520000,32.570000,32.660000,19.037907,111000
2011-09-19,32.220001,33.869999,32.160000,33.830002,19.719910,117900
2011-09-20,33.910000,34.540001,33.549999,33.610001,19.591673,130300
2011-09-21,33.779999,33.950001,32.410000,32.459999,18.921324,105500
2011-09-22,31.709999,32.000000,31.139999,31.780001,18.524942,190800
2011-09-23,31.700001,32.070000,31.309999,31.799999,18.536596,69700
2011-09-26,32.080002,32.080002,31.139999,31.780001,18.524942,55100
2011-09-27,32.090000,33.290001,32.090000,32.799999,19.119514,247200
2011-09-28,32.740002,33.000000,31.549999,31.559999,18.396700,117700
2011-09-29,32.099998,32.180000,31.139999,31.570000,18.402534,118500
2011-09-30,31.250000,31.440001,31.030001,31.120001,18.140224,149700
2011-10-03,31.000000,31.469999,30.059999,30.070000,17.528162,266300
2011-10-04,29.969999,30.770000,28.610001,30.770000,17.936201,273200
2011-10-05,30.870001,31.500000,30.290001,31.379999,18.291771,145700
2011-10-06,31.660000,32.419998,31.000000,32.400002,18.886349,156000
2011-10-07,32.689999,32.689999,31.719999,32.259998,18.804735,102600
2011-10-10,32.619999,33.279999,32.509998,32.889999,19.171972,103600
2011-10-11,32.619999,33.480000,32.619999,33.139999,19.317699,89600
2011-10-12,33.430000,34.689999,33.200001,34.029999,19.836491,210400
2011-10-13,34.389999,34.880001,33.700001,34.529999,20.127951,124100
2011-10-14,34.689999,34.860001,34.230000,34.779999,20.273678,110000
2011-10-17,34.740002,34.880001,34.220001,34.459999,20.087147,86300
2011-10-18,34.680000,35.709999,34.220001,35.419998,20.646744,245900
2011-10-19,35.680000,35.939999,35.029999,35.709999,20.815786,193800
2011-10-20,35.939999,36.070000,35.099998,35.689999,20.804125,119400
2011-10-21,36.150002,36.200001,35.630001,35.930000,20.944025,87000
2011-10-24,35.990002,36.430000,35.680000,36.189999,21.095581,187900
2011-10-25,36.189999,36.299999,35.110001,35.740002,20.833271,212600
2011-10-26,36.169998,36.169998,35.540001,35.810001,20.874079,121800
2011-10-27,36.750000,36.849998,36.020000,36.070000,21.025633,209600
2011-10-28,35.830002,36.880001,35.810001,36.230000,21.118900,222300
2011-10-31,35.889999,35.889999,35.000000,35.099998,20.822290,117400
2011-11-01,34.650002,34.900002,34.110001,34.470001,20.448555,110000
2011-11-02,34.970001,34.970001,34.189999,34.599998,20.525677,80200
2011-11-03,33.000000,33.040001,32.650002,32.939999,19.540915,4083100
2011-11-04,32.849998,33.340000,32.750000,33.200001,19.695150,803900
2011-11-07,33.049999,33.240002,32.900002,33.029999,19.594307,382900
2011-11-08,33.029999,33.090000,32.509998,32.990002,19.570574,531100
2011-11-09,32.500000,32.630001,31.549999,31.860001,18.900232,474400
2011-11-10,31.889999,32.750000,31.889999,32.080002,19.030741,260700
2011-11-11,32.080002,32.529999,32.000000,32.250000,19.131592,280500
2011-11-14,32.230000,33.349998,32.230000,33.230000,19.712952,579000
2011-11-15,33.200001,33.310001,32.799999,33.060001,19.612103,351800
2011-11-16,32.860001,33.160000,32.439999,32.529999,19.297688,274000
2011-11-17,32.709999,32.950001,32.279999,32.720001,19.410402,201600
2011-11-18,32.779999,32.930000,32.419998,32.889999,19.511251,190400
2011-11-21,32.680000,32.750000,31.650000,32.189999,19.095989,225200
2011-11-22,31.990000,32.000000,31.080000,31.910000,18.929890,260900
2011-11-23,31.969999,31.969999,30.799999,31.030001,18.407848,263600
2011-11-25,31.010000,31.299999,30.889999,30.920000,18.342596,66600
2011-11-28,31.629999,31.799999,31.379999,31.530001,18.704464,148700
2011-11-29,31.490000,31.840000,31.350000,31.520000,18.698528,129600
2011-11-30,32.110001,32.410000,31.980000,32.189999,19.095989,197700
2011-12-01,32.310001,32.310001,31.760000,32.090000,19.036669,241200
2011-12-02,32.490002,33.250000,32.410000,33.200001,19.695150,333000
2011-12-05,33.400002,33.400002,32.930000,33.310001,19.760406,331800
2011-12-06,33.299999,33.480000,33.000000,33.259998,19.730749,375000
2011-12-07,33.259998,33.349998,32.900002,33.119999,19.647697,142400
2011-12-08,32.959999,32.959999,32.000000,32.110001,19.048532,221700
2011-12-09,32.110001,32.459999,31.730000,32.410000,19.226501,224300
2011-12-12,32.330002,32.680000,31.770000,32.660000,19.374809,122100
2011-12-13,32.770000,32.799999,32.090000,32.310001,19.167181,239100
2011-12-14,32.029999,32.459999,32.020000,32.209999,19.107859,168500
2011-12-15,32.560001,32.950001,32.299999,32.770000,19.440069,183000
2011-12-16,32.799999,33.669998,32.759998,33.619999,19.944307,461500
2011-12-19,33.610001,33.650002,33.070000,33.200001,19.695150,225000
2011-12-20,33.500000,33.500000,33.000000,33.299999,19.754475,179500
2011-12-21,33.310001,33.849998,33.209999,33.759998,20.027359,363600
2011-12-22,33.560001,33.990002,33.500000,33.830002,20.068884,205200
2011-12-23,33.939999,34.049999,33.599998,33.799999,20.051090,181000
2011-12-27,33.720001,33.730000,33.250000,33.400002,19.813795,155800
2011-12-28,33.549999,33.549999,32.669998,33.150002,19.665485,132000
2011-12-29,33.189999,33.480000,32.619999,32.849998,19.487524,201600
2011-12-30,32.770000,33.259998,32.770000,33.169998,19.677351,163500
2012-01-03,33.540001,34.110001,33.500000,33.830002,20.068884,167300
2012-01-04,33.830002,34.910000,33.660000,34.759998,20.620581,467000
2012-01-05,34.669998,34.910000,34.450001,34.750000,20.614656,147100
2012-01-06,34.830002,34.830002,34.349998,34.549999,20.496008,229500
2012-01-09,34.790001,34.919998,34.480000,34.770000,20.626520,226800
2012-01-10,34.980000,35.200001,34.830002,35.139999,20.846012,238400
2012-01-11,35.099998,35.310001,34.770000,34.970001,20.745167,155400
2012-01-12,35.099998,35.200001,34.779999,34.849998,20.673979,164200
2012-01-13,34.750000,35.080002,34.580002,34.650002,20.555326,189100
2012-01-17,35.029999,35.349998,34.730000,35.250000,20.911261,209300
2012-01-18,35.099998,35.369999,35.099998,35.340000,20.964659,208400
2012-01-19,35.700001,36.840000,35.500000,36.310001,21.540094,373600
2012-01-20,36.299999,36.549999,36.049999,36.380001,21.581615,185500
2012-01-23,36.439999,37.209999,36.439999,37.040001,21.973146,286200
2012-01-24,37.040001,37.080002,36.700001,36.820000,21.842636,188400
2012-01-25,36.849998,37.340000,36.709999,37.119999,22.020607,169100
2012-01-26,37.150002,37.619999,37.099998,37.509998,22.251963,219800
2012-01-27,37.520000,37.950001,37.250000,37.349998,22.157047,252900
2012-01-30,36.779999,36.889999,36.599998,36.700001,22.144981,165200
2012-01-31,36.700001,36.970001,36.549999,36.849998,22.235487,161100
2012-02-01,36.980000,37.570000,36.740002,36.939999,22.289801,219400
2012-02-02,37.090000,37.230000,36.599998,36.910000,22.271692,91200
2012-02-03,37.099998,37.419998,36.959999,37.160000,22.422550,118500
2012-02-06,37.169998,37.520000,36.970001,37.520000,22.639765,115500
2012-02-07,37.529999,37.599998,37.320000,37.410000,22.573400,97700
2012-02-08,37.349998,37.450001,36.980000,37.139999,22.410477,92800
2012-02-09,37.330002,37.490002,36.930000,37.080002,22.374281,97400
2012-02-10,36.820000,37.040001,36.380001,36.790001,22.199284,151900
2012-02-13,37.160000,37.320000,36.919998,37.230000,22.464788,153600
2012-02-14,37.330002,37.520000,37.070000,37.520000,22.639765,149100
2012-02-15,37.599998,37.759998,37.299999,37.660000,22.724247,151700
2012-02-16,37.880001,38.619999,37.720001,38.540001,23.255245,215000
2012-02-17,38.630001,38.730000,38.250000,38.419998,23.182831,134200
2012-02-21,38.439999,38.750000,38.310001,38.360001,23.146631,151700
2012-02-22,38.360001,38.610001,38.099998,38.099998,22.989746,113500
2012-02-23,38.250000,38.930000,38.150002,38.880001,23.460405,215300
2012-02-24,39.389999,39.490002,38.900002,39.360001,23.750032,283900
2012-02-27,39.470001,40.439999,39.340000,40.330002,24.335340,276300
2012-02-28,39.720001,39.720001,38.860001,39.000000,23.532812,293700
2012-02-29,38.849998,39.290001,38.849998,39.200001,23.653500,195300
2012-03-01,39.389999,40.070000,39.220001,40.000000,24.136215,248000
2012-03-02,39.869999,40.439999,39.750000,39.830002,24.033644,183400
2012-03-05,39.860001,40.070000,39.540001,39.639999,23.918987,156000
2012-03-06,39.299999,39.380001,38.439999,38.750000,23.381960,193200
2012-03-07,38.750000,39.450001,38.610001,39.189999,23.647461,107600
2012-03-08,39.430000,39.810001,39.060001,39.590000,23.888826,163600
2012-03-09,39.650002,40.000000,39.599998,39.869999,24.057770,160500
2012-03-12,39.810001,39.980000,39.360001,39.450001,23.804338,151300
2012-03-13,39.630001,39.750000,39.349998,39.580002,23.882792,145000
2012-03-14,39.560001,39.590000,38.560001,38.900002,23.472473,148700
2012-03-15,38.900002,38.900002,38.500000,38.720001,23.363859,90900
2012-03-16,38.799999,39.320000,38.599998,38.650002,23.321617,203700
2012-03-19,38.660000,40.000000,38.660000,39.820000,24.027609,165200
2012-03-20,39.730000,40.230000,39.549999,40.000000,24.136215,141700
2012-03-21,40.000000,40.250000,39.520000,39.549999,23.864681,99400
2012-03-22,39.419998,39.570000,38.820000,39.290001,23.707794,119200
2012-03-23,39.230000,39.799999,39.200001,39.240002,23.677626,78100
2012-03-26,39.369999,39.820000,38.939999,39.400002,23.774172,85100
2012-03-27,39.340000,39.779999,39.099998,39.240002,23.677626,139800
2012-03-28,39.450001,39.480000,38.750000,39.220001,23.665567,154000
2012-03-29,39.040001,39.110001,38.500000,39.099998,23.593153,176700
2012-03-30,39.310001,39.599998,38.799999,39.160000,23.629362,142500
2012-04-02,39.200001,39.599998,38.930000,39.189999,23.647461,185600
2012-04-03,39.290001,39.529999,39.150002,39.480000,23.822445,179200
2012-04-04,39.270000,39.369999,38.820000,39.009998,23.538845,95700
2012-04-05,39.009998,39.230000,38.900002,39.160000,23.629362,94100
2012-04-09,39.000000,39.150002,38.560001,39.150002,23.623318,80800
2012-04-10,38.959999,39.139999,37.900002,38.369999,23.152672,229700
2012-04-11,38.619999,38.799999,38.369999,38.450001,23.200939,137800
2012-04-12,38.380001,38.820000,38.369999,38.500000,23.231102,226500
2012-04-13,38.599998,39.349998,38.509998,38.650002,23.321617,231500
2012-04-16,39.860001,40.430000,39.790001,40.000000,24.136215,436200
2012-04-17,40.220001,40.310001,39.509998,39.880001,24.063803,343800
2012-04-18,39.840000,40.250000,39.840000,39.930000,24.093975,274600
2012-04-19,39.470001,39.700001,39.020000,39.099998,23.998842,317000
2012-04-20,39.400002,39.599998,39.040001,39.189999,24.054087,236200
2012-04-23,39.349998,39.650002,38.889999,39.150002,24.029530,284100
2012-04-24,39.320000,40.320000,39.320000,39.730000,24.385523,416200
2012-04-25,40.139999,40.230000,39.650002,39.740002,24.391670,284300
2012-04-26,39.900002,40.430000,39.900002,40.110001,24.618759,324400
2012-04-27,40.470001,41.669998,40.400002,40.860001,25.079086,617000
2012-04-30,41.419998,41.540001,41.099998,41.439999,25.435089,281000
2012-05-01,41.619999,42.259998,41.439999,41.919998,25.729702,306900
2012-05-02,41.820000,41.950001,41.270000,41.599998,25.533289,232000
2012-05-03,41.700001,42.020000,41.349998,41.630001,25.551718,204300
2012-05-04,41.490002,41.500000,40.900002,41.150002,25.257093,187000
2012-05-07,40.990002,41.270000,40.560001,41.150002,25.257093,166000
2012-05-08,41.150002,41.180000,40.400002,40.900002,25.103653,125000
2012-05-09,40.709999,40.840000,40.119999,40.500000,24.858139,164000
2012-05-10,40.790001,40.950001,40.529999,40.650002,24.950209,211000
2012-05-11,40.500000,40.820000,40.349998,40.500000,24.858139,127000
2012-05-14,40.360001,40.570000,40.009998,40.090000,24.606487,221600
2012-05-15,40.279999,40.369999,40.000000,40.070000,24.594212,252000
2012-05-16,40.220001,40.290001,39.860001,40.020000,24.563513,215700
2012-05-17,39.900002,40.049999,38.119999,38.720001,23.765612,469700
2012-05-18,38.680000,38.689999,36.380001,36.439999,22.366182,853900
2012-05-21,36.430000,37.799999,36.389999,37.779999,23.188648,215200
2012-05-22,37.830002,39.080002,37.709999,38.869999,23.857672,223400
2012-05-23,38.560001,38.689999,37.669998,38.099998,23.385061,251000
2012-05-24,38.009998,38.250000,37.580002,38.000000,23.323683,111900
2012-05-25,38.040001,38.570000,37.599998,38.430000,23.587608,159200
2012-05-29,38.439999,39.070000,38.439999,38.939999,23.900631,134700
2012-05-30,38.680000,38.680000,37.540001,37.790001,23.194790,140700
2012-05-31,37.950001,37.970001,37.000000,37.310001,22.900181,129000
2012-06-01,36.730000,37.099998,36.380001,36.750000,22.556459,190800
2012-06-04,37.000000,37.000000,35.349998,35.880001,22.022474,300600
2012-06-05,35.650002,36.270000,35.500000,36.150002,22.188189,129400
2012-06-06,36.509998,37.200001,36.500000,36.689999,22.519629,160800
2012-06-07,37.389999,37.549999,36.349998,36.360001,22.317083,115900
2012-06-08,36.310001,36.560001,35.950001,36.459999,22.378464,117700
2012-06-11,36.820000,36.980000,36.259998,36.340000,22.304813,180900
2012-06-12,36.549999,36.650002,36.340000,36.500000,22.403011,91500
2012-06-13,36.400002,36.650002,36.279999,36.439999,22.366182,142100
2012-06-14,36.400002,36.400002,35.849998,35.910000,22.040880,185900
2012-06-15,35.869999,36.400002,35.639999,35.779999,21.961084,265400
2012-06-18,35.630001,35.709999,34.680000,35.279999,21.654198,263100
2012-06-19,35.279999,36.439999,35.279999,36.400002,22.341635,168300
2012-06-20,36.270000,36.720001,36.250000,36.570000,22.445974,209400
2012-06-21,36.599998,36.820000,35.580002,35.759998,21.948811,157500
2012-06-22,35.759998,36.380001,35.360001,36.180000,22.206602,108800
2012-06-25,35.779999,35.990002,35.110001,35.860001,22.010197,164800
2012-06-26,35.840000,36.470001,35.500000,36.110001,22.163635,99100
2012-06-27,36.230000,37.119999,36.230000,37.049999,22.740587,106000
2012-06-28,37.020000,37.970001,36.619999,37.910000,23.268442,137600
2012-06-29,38.290001,38.840000,38.189999,38.549999,23.661270,139100
2012-07-02,38.720001,39.400002,38.560001,38.889999,23.869946,133600
2012-07-03,38.900002,39.490002,38.680000,39.380001,24.170706,62500
2012-07-05,39.369999,39.779999,39.130001,39.320000,24.133877,177800
2012-07-06,39.000000,39.750000,38.830002,39.480000,24.232075,136800
2012-07-09,38.930000,39.990002,38.820000,39.750000,24.397795,115600
2012-07-10,39.959999,39.959999,39.369999,39.650002,24.336422,231200
2012-07-11,39.869999,39.869999,39.369999,39.520000,24.256632,76000
2012-07-12,39.400002,39.720001,39.290001,39.570000,24.287317,96100
2012-07-13,39.270000,39.840000,39.110001,39.680000,24.354839,49200
2012-07-16,39.290001,39.630001,38.900002,39.480000,24.232075,118100
2012-07-17,39.820000,39.830002,39.209999,39.540001,24.268904,134400
2012-07-18,39.500000,39.759998,39.490002,39.720001,24.379385,139700
2012-07-19,40.000000,40.000000,39.369999,39.520000,24.256632,110400
2012-07-20,39.520000,39.779999,39.459999,39.639999,24.330280,199200
2012-07-23,38.590000,38.590000,37.849998,37.950001,23.696510,168500
2012-07-24,37.900002,37.990002,37.320000,37.860001,23.640303,147900
2012-07-25,38.200001,38.549999,37.360001,37.480000,23.403032,202100
2012-07-26,37.709999,38.389999,37.529999,38.349998,23.946272,90500
2012-07-27,38.529999,38.930000,38.369999,38.490002,24.033684,75300
2012-07-30,38.509998,39.209999,38.500000,39.029999,24.370872,92500
2012-07-31,39.139999,39.630001,38.990002,39.369999,24.583174,157900
2012-08-01,39.459999,39.930000,39.290001,39.599998,24.726786,139900
2012-08-02,39.419998,40.230000,39.139999,39.689999,24.782988,150200
2012-08-03,40.130001,40.130001,39.380001,39.470001,24.645617,114900
2012-08-06,39.480000,40.220001,39.480000,40.070000,25.020260,117900
2012-08-07,40.250000,40.250000,39.930000,40.090000,25.032755,115800
2012-08-08,39.939999,40.200001,39.860001,40.049999,25.007771,92900
2012-08-09,39.560001,40.250000,39.560001,40.119999,25.051485,71300
2012-08-10,40.209999,40.500000,39.970001,40.450001,25.257534,121200
2012-08-13,40.369999,40.939999,40.139999,40.619999,25.363688,122700
2012-08-14,40.840000,41.150002,40.439999,40.700001,25.413641,201900
2012-08-15,40.700001,40.950001,40.529999,40.830002,25.494816,80100
2012-08-16,41.040001,41.130001,40.830002,40.910000,25.544771,64900
2012-08-17,41.000000,41.020000,40.799999,40.840000,25.501062,55400
2012-08-20,40.950001,41.290001,40.849998,41.040001,25.625944,131700
2012-08-21,41.320000,41.410000,41.049999,41.250000,25.757069,111300
2012-08-22,41.200001,41.270000,41.049999,41.270000,25.769556,98800
2012-08-23,41.270000,41.340000,40.830002,41.160000,25.700872,95600
2012-08-24,41.029999,41.150002,40.799999,40.889999,25.532284,72100
2012-08-27,40.900002,41.000000,40.369999,40.580002,25.338711,87000
2012-08-28,40.500000,40.689999,40.080002,40.240002,25.126417,155500
2012-08-29,40.169998,40.459999,39.950001,40.009998,24.982801,76100
2012-08-30,40.000000,40.020000,39.500000,39.700001,24.789228,125300
2012-08-31,39.880001,39.880001,39.380001,39.720001,24.801710,136000
2012-09-04,39.889999,40.150002,39.720001,39.950001,24.945337,166400
2012-09-05,37.830002,38.419998,37.779999,37.900002,23.665289,2862100
2012-09-06,37.910000,38.200001,37.799999,38.049999,23.758945,564100
2012-09-07,38.189999,38.430000,38.000000,38.310001,23.921299,561600
2012-09-10,38.349998,38.349998,37.509998,38.000000,23.727726,457100
2012-09-11,37.810001,38.200001,37.599998,38.150002,23.821392,441700
2012-09-12,38.200001,38.200001,37.770000,38.000000,23.727726,226800
2012-09-13,38.000000,38.130001,37.820000,37.910000,23.671526,295800
2012-09-14,38.099998,38.419998,37.810001,38.360001,23.952515,417100
2012-09-17,38.540001,38.540001,38.080002,38.400002,23.977493,252600
2012-09-18,38.299999,38.430000,38.070000,38.169998,23.833872,215800
2012-09-19,38.330002,38.349998,38.029999,38.259998,23.890072,205300
2012-09-20,38.259998,38.310001,38.000000,38.110001,23.796408,204400
2012-09-21,38.200001,38.430000,38.200001,38.320000,23.927540,431400
2012-09-24,38.330002,38.419998,38.080002,38.130001,23.808897,202300
2012-09-25,38.130001,38.200001,37.720001,37.810001,23.609085,381800
2012-09-26,37.750000,37.799999,37.310001,37.320000,23.303120,182800
2012-09-27,37.369999,37.570000,37.000000,37.450001,23.384304,244200
2012-09-28,37.459999,37.700001,37.230000,37.619999,23.490446,173400
2012-10-01,37.750000,38.360001,37.599998,38.299999,23.915049,244700
2012-10-02,38.349998,38.419998,38.130001,38.419998,23.989975,247900
2012-10-03,38.400002,38.410000,37.549999,38.020000,23.740215,217200
2012-10-04,37.980000,38.290001,37.770000,38.029999,23.746454,118700
2012-10-05,37.910000,38.430000,37.910000,38.419998,23.989975,161900
2012-10-08,38.430000,38.430000,38.000000,38.169998,23.833872,108200
2012-10-09,38.290001,38.430000,38.110001,38.160000,23.827637,106100
2012-10-10,38.180000,38.419998,38.009998,38.090000,23.783928,162100
2012-10-11,38.259998,38.400002,38.040001,38.060001,23.765194,172400
2012-10-12,38.020000,38.369999,38.000000,38.259998,23.890072,152300
2012-10-15,38.259998,38.290001,37.930000,38.250000,23.883835,115500
2012-10-16,38.290001,38.389999,38.200001,38.299999,23.915049,159500
2012-10-17,38.400002,38.450001,38.230000,38.419998,23.989975,225800
2012-10-18,38.419998,38.500000,38.270000,38.349998,23.946272,136000
2012-10-19,38.380001,38.430000,37.549999,37.669998,23.521671,247000
2012-10-22,36.889999,37.000000,36.330002,36.529999,23.226021,253800
2012-10-23,36.340000,36.490002,35.880001,36.369999,23.124290,261800
2012-10-24,36.439999,36.529999,36.040001,36.070000,22.933550,189400
2012-10-25,36.290001,36.400002,35.570000,36.099998,22.952623,242300
2012-10-26,36.000000,36.639999,35.849998,36.639999,23.295958,303100
2012-10-31,36.500000,36.939999,36.000000,36.470001,23.187868,151400
2012-11-01,36.880001,37.349998,36.470001,36.910000,23.467623,90200
2012-11-02,37.139999,37.360001,36.950001,37.360001,23.753733,201500
2012-11-05,37.459999,37.880001,37.139999,37.540001,23.868187,161100
2012-11-06,37.860001,37.919998,37.580002,37.810001,24.039848,153600
2012-11-07,37.779999,37.779999,36.900002,37.509998,23.849108,175800
2012-11-08,37.770000,37.869999,36.570000,36.599998,23.270525,176900
2012-11-09,36.599998,37.259998,36.250000,36.939999,23.486706,186100
2012-11-12,37.160000,37.599998,36.790001,36.950001,23.493057,220300
2012-11-13,36.880001,36.900002,36.049999,36.389999,23.137003,264800
2012-11-14,36.639999,36.770000,35.750000,35.840000,22.787313,250500
2012-11-15,35.799999,35.799999,34.500000,34.830002,22.145151,410700
2012-11-16,34.830002,36.189999,34.709999,36.090000,22.946264,298500
2012-11-19,36.610001,37.430000,36.560001,36.950001,23.493057,254700
2012-11-20,37.560001,37.869999,36.709999,36.959999,23.499420,198200
2012-11-21,37.060001,37.250000,36.810001,36.939999,23.486706,203900
2012-11-23,36.950001,37.020000,36.650002,37.009998,23.531200,80900
2012-11-26,37.040001,37.349998,37.040001,37.340000,23.741024,158100
2012-11-27,37.470001,37.500000,36.900002,36.990002,23.518488,315700
2012-11-28,36.990002,37.459999,36.980000,37.439999,23.804600,222400
2012-11-29,37.500000,37.840000,37.340000,37.549999,23.874544,193400
2012-11-30,37.590000,37.900002,37.590000,37.840000,24.058928,220900
2012-12-03,37.900002,38.470001,37.450001,37.660000,23.944477,179000
2012-12-04,37.790001,37.849998,37.500000,37.630001,23.925406,98500
2012-12-05,37.880001,38.049999,37.439999,37.590000,23.899977,139300
2012-12-06,37.540001,37.849998,37.439999,37.669998,23.950842,205300
2012-12-07,37.840000,37.919998,37.410000,37.680000,23.957199,116100
2012-12-10,37.619999,37.810001,37.450001,37.540001,23.868187,116500
2012-12-11,37.750000,37.860001,37.310001,37.470001,23.823683,135900
2012-12-12,37.660000,37.680000,36.770000,37.009998,23.531200,255200
2012-12-13,37.020000,37.360001,36.630001,36.910000,23.467623,209900
2012-12-14,36.910000,37.430000,36.560001,36.669998,23.315031,199200
2012-12-17,37.209999,37.299999,36.500000,37.290001,23.709230,211400
2012-12-18,37.439999,38.340000,37.400002,38.160000,24.262386,323700
2012-12-19,38.290001,38.540001,38.060001,38.369999,24.395908,275700
2012-12-20,38.490002,38.599998,38.090000,38.500000,24.478552,253100
2012-12-21,38.000000,38.389999,37.950001,38.200001,24.287811,314200
2012-12-24,38.349998,38.380001,37.759998,38.040001,24.186087,76900
2012-12-26,37.959999,38.060001,37.320000,37.450001,23.810965,161900
2012-12-27,37.349998,37.930000,37.000000,37.279999,23.702868,166500
2012-12-28,37.200001,37.560001,36.990002,37.119999,23.601149,179000
2012-12-31,37.119999,37.919998,37.099998,37.779999,24.020777,194600
2013-01-02,38.599998,39.419998,38.450001,39.279999,24.974491,306600
2013-01-03,39.200001,39.820000,39.099998,39.599998,25.177948,204000
2013-01-04,39.720001,39.770000,39.380001,39.669998,25.222448,212600
2013-01-07,39.709999,39.990002,39.610001,39.689999,25.235170,220600
2013-01-08,39.830002,40.160000,39.480000,39.500000,25.114367,476900
2013-01-09,39.709999,40.000000,39.520000,40.000000,25.432268,163400
2013-01-10,40.230000,40.270000,40.009998,40.189999,25.553072,136200
2013-01-11,40.189999,40.220001,39.950001,40.049999,25.464056,215100
2013-01-14,40.099998,40.500000,39.959999,40.040001,25.457706,205300
2013-01-15,40.070000,40.279999,39.730000,40.119999,25.508570,198600
2013-01-16,40.040001,40.480000,39.840000,40.230000,25.578495,173700
2013-01-17,40.349998,40.490002,40.160000,40.369999,25.667517,168100
2013-01-18,40.200001,41.040001,40.200001,40.650002,25.845547,239300
2013-01-22,40.889999,41.310001,40.660000,40.930000,26.023571,295700
2013-01-23,41.000000,41.250000,40.500000,40.750000,25.909122,219400
2013-01-24,40.730000,41.150002,40.610001,40.720001,25.890049,285100
2013-01-25,40.930000,41.750000,40.930000,41.720001,26.525860,306500
2013-01-28,41.900002,42.020000,41.459999,41.939999,26.665728,237100
2013-01-29,41.939999,42.000000,41.490002,41.549999,26.417767,191900
2013-01-30,41.549999,41.590000,40.759998,40.900002,26.004496,194700
2013-01-31,40.169998,40.500000,39.919998,39.919998,25.807325,290300
2013-02-01,40.130001,40.250000,39.680000,39.950001,25.826715,221200
2013-02-04,40.040001,40.310001,39.810001,39.939999,25.820248,257900
2013-02-05,40.020000,40.070000,39.590000,39.830002,25.749138,203000
2013-02-06,39.730000,40.160000,39.689999,40.160000,25.962481,116100
2013-02-07,39.900002,40.540001,39.900002,40.490002,26.175817,136600
2013-02-08,40.619999,40.799999,40.400002,40.779999,26.363289,125900
2013-02-11,40.939999,41.320000,40.830002,41.270000,26.680061,149800
2013-02-12,41.349998,41.349998,40.700001,41.029999,26.524912,155300
2013-02-13,41.150002,41.720001,41.000000,41.720001,26.970982,168000
2013-02-14,41.740002,42.020000,41.570000,41.970001,27.132597,151400
2013-02-15,41.849998,42.590000,41.849998,42.230000,27.300682,241000
2013-02-19,42.470001,42.599998,42.029999,42.419998,27.423504,194100
2013-02-20,42.480000,42.599998,42.000000,42.099998,27.216639,303300
2013-02-21,41.900002,41.950001,39.540001,40.150002,25.956009,519400
2013-02-22,40.200001,40.529999,39.000000,39.330002,25.425903,682600
2013-02-25,38.759998,38.799999,37.730000,38.340000,24.785881,919400
2013-02-26,38.320000,38.540001,37.849998,38.430000,24.844069,338400
2013-02-27,38.400002,39.049999,38.299999,38.860001,25.122057,302400
2013-02-28,39.000000,39.349998,38.919998,39.150002,25.309526,256800
2013-03-01,39.000000,39.320000,38.650002,39.110001,25.283670,301800
2013-03-04,38.980000,38.980000,38.310001,38.889999,25.141447,242200
2013-03-05,38.869999,39.349998,38.500000,39.189999,25.335394,178100
2013-03-06,39.330002,39.349998,38.119999,38.459999,24.863470,217400
2013-03-07,38.480000,38.849998,38.340000,38.639999,24.979832,157400
2013-03-08,38.750000,38.889999,38.360001,38.669998,24.999222,183400
2013-03-11,38.610001,39.349998,38.480000,39.320000,25.419434,211600
2013-03-12,39.400002,39.470001,38.840000,39.320000,25.419434,133800
2013-03-13,39.259998,39.630001,39.000000,39.400002,25.471153,137600
2013-03-14,39.500000,39.930000,39.470001,39.750000,25.697414,135800
2013-03-15,39.660000,40.560001,39.509998,40.500000,26.182281,308900
2013-03-18,40.049999,40.889999,39.939999,40.630001,26.266323,185200
2013-03-19,40.720001,40.740002,39.880001,40.310001,26.059450,104900
2013-03-20,40.610001,40.990002,40.259998,40.840000,26.402071,185100
2013-03-21,40.820000,41.750000,40.500000,41.230000,26.654200,175700
2013-03-22,41.310001,41.779999,41.130001,41.410000,26.770571,127300
2013-03-25,41.349998,41.810001,41.080002,41.200001,26.634811,157200
2013-03-26,41.430000,41.439999,40.900002,41.439999,26.789967,116500
2013-03-27,41.259998,41.330002,40.720001,40.950001,26.473198,129200
2013-03-28,41.400002,41.439999,40.009998,41.430000,26.783497,239300
2013-04-01,41.430000,41.430000,40.849998,40.939999,26.466724,140600
2013-04-02,41.029999,41.090000,40.230000,40.230000,26.007721,152300
2013-04-03,40.169998,40.470001,38.320000,38.759998,25.057405,345600
2013-04-04,38.669998,39.459999,38.340000,39.430000,25.490549,260100
2013-04-05,39.200001,40.689999,38.529999,40.160000,25.962481,213500
2013-04-08,40.279999,40.630001,40.150002,40.490002,26.175817,152100
2013-04-09,40.580002,41.090000,40.450001,40.770000,26.356823,184600
2013-04-10,40.830002,41.250000,40.720001,40.900002,26.440872,133900
2013-04-11,40.889999,41.279999,40.650002,40.720001,26.324503,131400
2013-04-12,40.459999,40.810001,40.049999,40.759998,26.350359,144300
2013-04-15,40.540001,40.660000,40.049999,40.220001,26.001265,145700
2013-04-16,40.360001,40.830002,40.250000,40.650002,26.279249,91500
2013-04-17,40.430000,40.700001,40.000000,40.599998,26.246923,130100
2013-04-18,40.580002,40.990002,40.259998,40.840000,26.402071,167900
2013-04-19,40.970001,41.150002,40.590000,40.750000,26.343893,117300
2013-04-22,40.930000,41.400002,40.630001,41.240002,26.660671,102300
2013-04-23,41.230000,41.840000,40.860001,41.580002,26.880476,220400
2013-04-24,41.759998,42.279999,41.630001,41.990002,27.145531,115800
2013-04-25,42.029999,42.570000,41.340000,41.430000,26.783497,185600
2013-04-26,40.680000,41.160000,40.389999,40.740002,26.773642,164000
2013-04-29,41.000000,42.000000,40.939999,41.830002,27.489977,294200
2013-04-30,41.980000,41.990002,41.590000,41.689999,27.397966,262800
2013-05-01,41.650002,42.500000,41.340000,42.080002,27.654270,199200
2013-05-02,42.119999,42.299999,42.000000,42.130001,27.687136,115300
2013-05-03,42.430000,42.910000,42.150002,42.910000,28.199730,198600
2013-05-06,42.810001,43.669998,42.560001,43.099998,28.324593,490000
2013-05-07,43.180000,43.709999,42.509998,42.709999,28.068279,175300
2013-05-08,42.840000,43.230000,42.650002,43.040001,28.285162,136700
2013-05-09,43.360001,43.740002,42.880001,43.080002,28.311451,117000
2013-05-10,43.419998,44.680000,43.320000,43.860001,28.824055,325900
2013-05-13,44.099998,44.299999,43.650002,43.950001,28.883202,213200
2013-05-14,44.009998,44.480000,43.709999,44.090000,28.975204,166300
2013-05-15,44.200001,44.709999,44.000000,44.279999,29.100073,218000
2013-05-16,44.320000,44.500000,43.799999,43.930000,28.870060,107500
2013-05-17,44.139999,44.279999,43.689999,43.810001,28.791203,120700
2013-05-20,43.799999,44.389999,43.570000,44.090000,28.975204,78700
2013-05-21,44.240002,44.740002,44.090000,44.509998,29.251225,127500
2013-05-22,44.619999,45.060001,44.419998,44.900002,29.507523,162300
2013-05-23,42.799999,43.910000,42.310001,43.869999,28.830629,322500
2013-05-24,43.820000,43.970001,43.189999,43.900002,28.850340,132300
2013-05-28,44.070000,44.740002,44.000000,44.150002,29.014637,99100
2013-05-29,44.070000,44.570000,43.299999,43.630001,28.672895,162800
2013-05-30,43.630001,43.750000,42.240002,43.549999,28.620323,219700
2013-05-31,43.490002,43.490002,42.570000,42.900002,28.193161,174400
2013-06-03,42.810001,43.080002,42.259998,42.599998,27.995998,198100
2013-06-04,42.500000,43.580002,42.250000,43.310001,28.462612,183200
2013-06-05,43.099998,43.099998,41.000000,41.320000,27.154814,331500
2013-06-06,41.119999,41.730000,40.599998,41.119999,27.023373,313900
2013-06-07,41.150002,43.150002,40.869999,42.549999,27.963137,174700
2013-06-10,42.709999,42.990002,42.320000,42.500000,27.930286,97500
2013-06-11,42.270000,42.580002,41.930000,41.959999,27.575403,119900
2013-06-12,42.209999,42.369999,41.520000,41.770000,27.450544,133000
2013-06-13,41.520000,42.090000,41.500000,41.970001,27.581976,143800
2013-06-14,41.889999,42.790001,41.860001,42.610001,28.002565,260400
2013-06-17,42.849998,43.250000,42.560001,43.029999,28.278585,201400
2013-06-18,42.930000,43.430000,42.520000,42.750000,28.094584,249600
2013-06-19,42.610001,42.680000,42.160000,42.549999,27.963137,156300
2013-06-20,42.060001,42.509998,41.790001,42.389999,27.857992,165700
2013-06-21,42.389999,42.799999,42.029999,42.450001,27.897427,224500
2013-06-24,42.150002,42.250000,40.689999,41.509998,27.279675,280700
2013-06-25,41.830002,43.020000,41.400002,42.380001,27.851427,176600
2013-06-26,42.529999,43.720001,41.900002,43.660000,28.692619,129500
2013-06-27,43.650002,44.400002,43.430000,44.040001,28.942348,174100
2013-06-28,44.200001,44.500000,43.540001,43.700001,28.718908,114600
2013-07-01,43.720001,44.580002,43.720001,44.500000,29.244654,104300
2013-07-02,44.500000,44.650002,43.700001,44.000000,28.916061,104400
2013-07-03,43.880001,44.160000,43.259998,44.060001,28.955488,46800
2013-07-05,44.110001,44.720001,43.630001,44.439999,29.205215,101700
2013-07-08,44.630001,44.840000,44.009998,44.529999,29.264368,116900
2013-07-09,44.540001,44.650002,44.029999,44.619999,29.323511,79300
2013-07-10,44.590000,45.000000,44.160000,44.509998,29.251225,141800
2013-07-11,44.520000,45.389999,44.330002,45.020000,29.586386,235100
2013-07-12,44.869999,45.250000,44.180000,44.910000,29.514097,247200
2013-07-15,45.270000,45.400002,44.540001,44.759998,29.415518,159300
2013-07-16,44.720001,45.200001,44.240002,44.250000,29.080357,203800
2013-07-17,44.480000,44.599998,44.029999,44.070000,28.962059,99700
2013-07-18,44.240002,44.540001,43.580002,43.810001,28.791203,282800
2013-07-19,43.389999,43.389999,42.930000,43.099998,28.767830,157600
2013-07-22,43.099998,43.099998,41.869999,42.900002,28.634342,272600
2013-07-23,42.950001,43.810001,42.930000,43.029999,28.721104,147900
2013-07-24,43.029999,43.220001,42.180000,42.529999,28.387375,136600
2013-07-25,42.500000,42.770000,42.119999,42.410000,28.307285,145200
2013-07-26,42.400002,42.669998,41.650002,42.549999,28.400721,206800
2013-07-29,42.560001,43.250000,42.250000,42.320000,28.247211,150900
2013-07-30,42.299999,42.459999,41.290001,41.900002,27.966866,151300
2013-07-31,41.779999,41.900002,41.169998,41.500000,27.699886,345700
2013-08-01,41.560001,42.110001,41.259998,41.750000,27.866749,138900
2013-08-02,41.689999,41.820000,41.389999,41.680000,27.820032,129400
2013-08-05,41.439999,42.000000,41.410000,41.990002,28.026949,123400
2013-08-06,41.820000,42.919998,41.500000,42.520000,28.380703,175400
2013-08-07,42.240002,42.610001,41.480000,42.549999,28.400721,263200
2013-08-08,42.099998,42.520000,41.750000,42.220001,28.180460,95800
2013-08-09,42.330002,42.980000,41.869999,42.810001,28.574266,103000
2013-08-12,42.669998,43.439999,42.570000,43.029999,28.721104,131100
2013-08-13,43.000000,43.049999,42.599998,42.880001,28.620985,73900
2013-08-14,42.770000,42.900002,42.200001,42.700001,28.500853,84800
2013-08-15,42.669998,43.099998,42.310001,42.680000,28.487503,60300
2013-08-16,42.480000,42.669998,42.029999,42.490002,28.360678,116600
2013-08-19,42.349998,42.549999,41.700001,41.880001,27.953524,98100
2013-08-20,41.910000,42.549999,41.700001,42.200001,28.167109,120700
2013-08-21,42.340000,42.480000,41.750000,41.919998,27.980223,160200
2013-08-22,41.919998,42.250000,41.509998,41.689999,27.826704,156900
2013-08-23,41.619999,42.349998,41.500000,42.299999,28.233860,164800
2013-08-26,42.400002,42.500000,41.919998,41.939999,27.993578,74600
2013-08-27,41.669998,42.119999,41.500000,41.939999,27.993578,72100
2013-08-28,42.099998,42.220001,41.799999,41.919998,27.980223,122900
2013-08-29,41.900002,42.290001,41.799999,42.189999,28.160442,78100
2013-08-30,42.470001,42.470001,41.689999,42.080002,28.087021,80400
2013-09-03,42.310001,42.490002,41.680000,41.759998,27.873421,98400
2013-09-04,41.740002,42.160000,41.520000,41.610001,27.773304,82400
2013-09-05,41.540001,42.200001,41.520000,41.919998,27.980223,151600
2013-09-06,42.180000,42.459999,41.930000,42.110001,28.107046,115700
2013-09-09,42.340000,42.799999,42.250000,42.689999,28.494169,73000
2013-09-10,42.900002,43.220001,42.470001,43.150002,28.801207,80100
2013-09-11,43.150002,43.470001,42.779999,42.869999,28.614323,118200
2013-09-12,43.060001,43.160000,42.349998,42.349998,28.267233,69600
2013-09-13,42.490002,42.689999,41.910000,42.090000,28.093693,87600
2013-09-16,42.459999,42.770000,42.150002,42.430000,28.320629,112200
2013-09-17,42.369999,42.700001,42.110001,42.240002,28.193813,82700
2013-09-18,42.340000,42.919998,41.910000,42.599998,28.434095,116200
2013-09-19,42.599998,43.889999,42.570000,43.650002,29.134941,175300
2013-09-20,43.500000,43.750000,42.799999,43.340000,28.928020,168100
2013-09-23,43.200001,43.939999,43.000000,43.610001,29.108238,82400
2013-09-24,43.709999,45.419998,43.619999,44.540001,29.728983,192200
2013-09-25,44.439999,45.299999,44.259998,44.900002,29.969273,215600
2013-09-26,45.080002,45.410000,44.369999,44.520000,29.715639,166000
2013-09-27,44.599998,44.740002,43.799999,44.000000,29.368555,109100
2013-09-30,43.730000,44.369999,43.720001,44.110001,29.441973,68800
2013-10-01,44.009998,44.959999,44.009998,44.270000,29.548775,152100
2013-10-02,42.150002,42.619999,42.099998,42.619999,28.447447,2431700
2013-10-03,42.619999,42.639999,42.320000,42.610001,28.440765,312700
2013-10-04,42.599998,42.669998,42.470001,42.639999,28.460802,194100
2013-10-07,42.630001,42.639999,41.900002,41.930000,27.986904,236100
2013-10-08,41.810001,42.349998,40.840000,40.880001,27.286058,236200
2013-10-09,40.970001,41.090000,40.220001,40.590000,27.092489,210400
2013-10-10,40.939999,41.450001,40.689999,41.240002,27.526342,149300
2013-10-11,41.220001,41.880001,41.189999,41.560001,27.739939,192800
2013-10-14,41.320000,41.830002,41.200001,41.689999,27.826704,106100
2013-10-15,41.730000,41.880001,41.330002,41.369999,27.613106,170400
2013-10-16,41.490002,41.639999,41.169998,41.310001,27.573069,203300
2013-10-17,41.400002,42.049999,41.299999,41.980000,28.020264,150500
2013-10-18,41.910000,42.750000,41.910000,42.410000,28.307285,270800
2013-10-21,42.009998,42.200001,41.349998,41.490002,28.141102,204600
2013-10-22,41.400002,41.959999,41.200001,41.779999,28.337805,214600
2013-10-23,41.570000,41.570000,41.200001,41.259998,27.985102,148200
2013-10-24,41.209999,41.639999,40.959999,41.029999,27.829109,178200
2013-10-25,40.970001,41.310001,40.759998,40.790001,27.666319,171300
2013-10-28,40.750000,40.860001,39.119999,40.470001,27.449286,498900
2013-10-29,40.709999,41.480000,40.470001,41.400002,28.080069,159500
2013-10-30,41.250000,41.459999,40.939999,41.110001,27.883364,120500
2013-10-31,41.119999,41.570000,40.759998,41.500000,28.147888,173400
2013-11-01,41.389999,41.680000,41.160000,41.330002,28.032583,123500
2013-11-04,41.209999,41.549999,40.580002,41.400002,28.080069,110300
2013-11-05,41.240002,41.830002,40.560001,41.599998,28.215712,118100
2013-11-06,41.799999,41.980000,41.459999,41.669998,28.263195,112000
2013-11-07,41.810001,41.939999,41.000000,41.740002,28.310663,185800
2013-11-08,41.209999,41.810001,41.080002,41.680000,28.269978,137300
2013-11-11,41.500000,41.630001,41.000000,41.500000,28.147888,162100
2013-11-12,41.560001,41.580002,40.720001,40.790001,27.666319,135300
2013-11-13,40.639999,40.930000,39.810001,40.000000,27.130491,284100
2013-11-14,39.869999,40.490002,39.869999,40.279999,27.320415,148500
2013-11-15,40.509998,40.669998,40.070000,40.619999,27.551016,158900
2013-11-18,40.700001,40.740002,40.330002,40.509998,27.476404,96900
2013-11-19,40.509998,40.689999,40.310001,40.599998,27.537447,192700
2013-11-20,40.520000,41.320000,40.470001,40.919998,27.754492,132500
2013-11-21,40.900002,41.580002,40.900002,41.240002,27.971540,110800
2013-11-22,41.080002,41.709999,41.020000,41.340000,28.039366,114300
2013-11-25,41.310001,41.360001,40.570000,40.619999,27.551016,158600
2013-11-26,40.470001,40.560001,40.099998,40.160000,27.239023,170400
2013-11-27,40.189999,40.689999,40.160000,40.619999,27.551016,80400
2013-11-29,40.799999,41.439999,40.790001,41.099998,27.876575,48500
2013-12-02,41.250000,41.250000,40.259998,40.330002,27.354328,116000
2013-12-03,40.130001,40.330002,39.490002,39.700001,26.927015,235900
2013-12-04,39.400002,39.660000,38.169998,39.560001,26.832058,397500
2013-12-05,39.320000,39.650002,38.840000,38.939999,26.411533,151600
2013-12-06,39.029999,39.330002,38.540001,39.279999,26.642151,178700
2013-12-09,39.250000,39.599998,38.939999,39.220001,26.601456,181400
2013-12-10,39.000000,39.599998,38.980000,39.320000,26.669277,224400
2013-12-11,39.279999,39.529999,38.590000,38.889999,26.377623,206300
2013-12-12,38.740002,39.400002,38.740002,39.009998,26.459017,306900
2013-12-13,38.750000,39.360001,38.549999,39.060001,26.492931,154000
2013-12-16,39.000000,39.900002,38.840000,39.860001,27.035534,217500
2013-12-17,39.720001,40.139999,39.720001,39.930000,27.083015,178800
2013-12-18,39.830002,40.299999,39.540001,40.099998,27.198320,196700
2013-12-19,39.840000,40.660000,39.650002,40.220001,27.279713,168000
2013-12-20,40.419998,41.869999,40.299999,41.709999,28.290323,482900
2013-12-23,41.799999,42.599998,41.590000,42.130001,28.575205,216500
2013-12-24,42.209999,42.689999,41.840000,42.360001,28.731194,119300
2013-12-26,42.590000,42.709999,42.049999,42.450001,28.792240,184500
2013-12-27,42.400002,42.880001,42.290001,42.580002,28.880407,114500
2013-12-30,42.540001,42.889999,42.299999,42.580002,28.880407,116000
2013-12-31,42.509998,42.959999,42.310001,42.709999,28.968575,125300
2014-01-02,42.650002,42.700001,41.639999,41.869999,28.398848,147100
2014-01-03,42.049999,42.060001,41.689999,41.970001,28.466671,89600
2014-01-06,41.599998,41.939999,41.250000,41.439999,28.107199,118300
2014-01-07,41.520000,42.000000,41.349998,41.939999,28.446329,118300
2014-01-08,41.849998,41.950001,41.299999,41.889999,28.412411,94000
2014-01-09,41.900002,41.919998,41.189999,41.750000,28.317451,118500
2014-01-10,41.660000,42.660000,41.660000,42.330002,28.710850,162100
2014-01-13,42.349998,42.830002,42.029999,42.459999,28.799021,133400
2014-01-14,42.480000,42.790001,42.340000,42.459999,28.799021,114600
2014-01-15,42.500000,42.740002,42.259998,42.419998,28.771889,93200
2014-01-16,42.669998,42.919998,42.419998,42.700001,28.961809,87700
2014-01-17,42.820000,42.860001,41.590000,41.810001,28.358152,153700
2014-01-21,42.000000,42.209999,41.709999,41.880001,28.405630,121900
2014-01-22,42.000000,42.400002,41.650002,41.980000,28.473450,128600
2014-01-23,41.980000,42.410000,41.580002,41.740002,28.310663,99700
2014-01-24,41.720001,41.779999,41.000000,41.320000,28.025805,107200
2014-01-27,41.619999,41.619999,40.119999,40.750000,27.639191,182400
2014-01-28,40.950001,41.500000,40.290001,40.389999,27.395014,165200
2014-01-29,39.459999,40.139999,39.299999,39.369999,27.168671,138800
2014-01-30,39.430000,40.320000,39.410000,40.060001,27.644833,103500
2014-01-31,39.930000,40.560001,39.720001,40.470001,27.927759,114200
2014-02-03,40.610001,40.910000,40.160000,40.450001,27.913956,181500
2014-02-04,40.740002,40.740002,39.730000,39.869999,27.513710,95800
2014-02-05,39.880001,40.490002,39.770000,40.410000,27.886358,114100
2014-02-06,40.490002,41.419998,40.099998,41.380001,28.555746,76800
2014-02-07,41.380001,41.770000,40.750000,41.410000,28.576439,97600
2014-02-10,41.400002,41.400002,40.759998,41.090000,28.355618,116600
2014-02-11,41.270000,41.770000,41.180000,41.330002,28.521238,102700
2014-02-12,41.380001,41.400002,40.910000,40.990002,28.286608,72300
2014-02-13,40.820000,41.180000,40.540001,40.799999,28.155491,66000
2014-02-14,40.950001,41.740002,40.820000,40.950001,28.259010,128300
2014-02-18,40.779999,41.209999,40.150002,40.470001,27.927759,183200
2014-02-19,40.410000,40.410000,39.599998,39.599998,27.327387,136000
2014-02-20,39.590000,40.279999,39.299999,39.410000,27.196270,185000
2014-02-21,39.360001,40.090000,39.330002,39.980000,27.589622,244900
2014-02-24,40.000000,40.549999,39.500000,39.570000,27.306686,162900
2014-02-25,39.529999,39.570000,39.029999,39.340000,27.147974,157100
2014-02-26,39.310001,40.759998,39.169998,40.700001,28.086487,257900
2014-02-27,40.770000,41.990002,40.580002,41.400002,28.569542,191200
2014-02-28,41.389999,41.970001,40.919998,41.669998,28.755863,198900
2014-03-03,41.500000,41.959999,41.500000,41.750000,28.811071,196300
2014-03-04,41.790001,41.880001,41.299999,41.630001,28.728268,160300
2014-03-05,41.490002,41.880001,41.250000,41.709999,28.783466,292700
2014-03-06,41.889999,41.930000,41.099998,41.290001,28.493639,142900
2014-03-07,41.360001,41.580002,41.000000,41.320000,28.514338,115600
2014-03-10,41.290001,41.450001,40.509998,40.709999,28.093390,144900
2014-03-11,40.619999,40.970001,40.320000,40.430000,27.900154,79500
2014-03-12,40.119999,40.709999,40.119999,40.310001,27.817352,147900
2014-03-13,40.240002,40.759998,39.630001,39.869999,27.513710,158800
2014-03-14,39.820000,40.410000,39.680000,40.080002,27.658632,90600
2014-03-17,40.290001,40.500000,39.619999,39.950001,27.568922,211800
2014-03-18,39.889999,40.310001,39.770000,39.980000,27.589622,119400
2014-03-19,40.000000,40.110001,39.439999,39.480000,27.244572,141000
2014-03-20,39.410000,39.820000,39.349998,39.500000,27.258381,125200
2014-03-21,39.720001,39.990002,39.410000,39.650002,27.361891,509900
2014-03-24,39.700001,40.900002,39.419998,40.750000,28.120991,176500
2014-03-25,40.820000,41.000000,40.340000,40.730000,28.107187,110900
2014-03-26,40.770000,41.130001,40.520000,40.560001,27.989878,81200
2014-03-27,40.389999,40.799999,40.279999,40.580002,28.003674,88500
2014-03-28,40.549999,41.000000,40.369999,40.830002,28.176197,133000
2014-03-31,40.910000,41.369999,40.650002,41.330002,28.521238,105100
2014-04-01,41.480000,42.639999,41.349998,42.410000,29.266533,380500
2014-04-02,42.279999,43.750000,42.009998,43.119999,29.756485,470800
2014-04-03,43.119999,43.709999,42.950001,43.529999,30.039429,228100
2014-04-04,43.529999,44.330002,43.400002,43.759998,30.198147,267700
2014-04-07,43.840000,43.840000,43.220001,43.619999,30.101542,229400
2014-04-08,43.419998,43.990002,43.259998,43.680000,30.142950,186100
2014-04-09,43.680000,43.759998,43.400002,43.630001,30.108431,72300
2014-04-10,43.400002,43.980000,43.200001,43.299999,29.880707,95700
2014-04-11,43.130001,43.430000,42.610001,43.169998,29.790995,111900
2014-04-14,43.250000,43.820000,43.029999,43.340000,29.908308,125700
2014-04-15,43.320000,43.810001,43.320000,43.520000,30.032518,144400
2014-04-16,43.810001,43.990002,43.639999,43.939999,30.322355,115900
2014-04-17,43.939999,44.000000,43.529999,43.849998,30.260244,109500
2014-04-21,43.900002,44.139999,43.709999,44.130001,30.453476,103500
2014-04-22,44.150002,44.189999,43.799999,43.910000,30.301662,167800
2014-04-23,43.410000,43.490002,43.189999,43.200001,30.289040,187700
2014-04-24,43.200001,43.439999,42.610001,42.610001,29.875368,119200
2014-04-25,42.529999,42.660000,42.099998,42.299999,29.658018,96600
2014-04-28,42.279999,43.099998,42.279999,42.889999,30.071684,428400
2014-04-29,42.869999,43.200001,42.820000,42.970001,30.127779,75800
2014-04-30,43.040001,43.180000,42.509998,42.810001,30.015593,118100
2014-05-01,42.880001,43.110001,42.459999,42.720001,29.952496,88300
2014-05-02,42.669998,43.220001,42.540001,42.880001,30.064674,86700
2014-05-05,42.840000,43.689999,42.799999,43.599998,30.569498,170700
2014-05-06,43.630001,43.689999,43.150002,43.419998,30.443285,69000
2014-05-07,43.349998,43.939999,43.330002,43.919998,30.793856,92900
2014-05-08,43.750000,43.900002,43.000000,43.060001,30.190889,120300
2014-05-09,43.330002,43.700001,42.860001,43.480000,30.485348,101100
2014-05-12,43.500000,44.189999,43.470001,44.000000,30.849943,103400
2014-05-13,44.060001,44.180000,43.470001,43.639999,30.597534,64400
2014-05-14,43.619999,43.849998,43.400002,43.730000,30.660635,78800
2014-05-15,43.650002,43.700001,42.810001,43.230000,30.310070,128300
2014-05-16,43.070000,43.599998,42.889999,43.419998,30.443285,69600
2014-05-19,43.450001,43.830002,43.020000,43.160000,30.260996,73100
2014-05-20,43.919998,43.919998,43.000000,43.240002,30.317083,68700
2014-05-21,43.130001,43.549999,42.509998,42.610001,29.875368,75400
2014-05-22,43.160000,43.639999,42.549999,43.619999,30.583513,128600
2014-05-23,43.480000,44.000000,43.259998,43.990002,30.842932,92000
2014-05-27,43.990002,43.990002,43.650002,43.750000,30.674662,74100
2014-05-28,43.849998,43.939999,43.500000,43.660000,30.611563,90400
2014-05-29,43.790001,43.990002,43.310001,43.790001,30.702705,120200
2014-05-30,43.570000,44.320000,43.369999,44.299999,31.060293,132000
2014-06-02,44.169998,44.299999,43.790001,44.209999,30.997185,117500
2014-06-03,44.099998,44.450001,43.770000,44.340000,31.088326,163300
2014-06-04,44.259998,44.770000,43.980000,44.650002,31.305683,166200
2014-06-05,44.500000,44.750000,44.290001,44.730000,31.361778,79800
2014-06-06,44.660000,44.880001,44.520000,44.820000,31.424873,71700
2014-06-09,44.860001,44.939999,44.680000,44.820000,31.424873,99400
2014-06-10,44.650002,44.919998,44.610001,44.830002,31.431881,69500
2014-06-11,44.720001,44.939999,44.380001,44.509998,31.207527,111500
2014-06-12,44.580002,44.669998,44.320000,44.520000,31.214540,69500
2014-06-13,44.500000,44.799999,44.450001,44.740002,31.368792,81300
2014-06-16,44.520000,44.950001,44.360001,44.919998,31.494989,118400
2014-06-17,44.709999,44.950001,44.330002,44.950001,31.516024,90100
2014-06-18,44.939999,44.939999,44.310001,44.419998,31.144419,114500
2014-06-19,44.490002,44.799999,44.020000,44.060001,30.892014,100600
2014-06-20,44.209999,44.209999,43.599998,43.759998,30.681675,166600
2014-06-23,43.750000,44.919998,43.700001,44.889999,31.473957,107100
2014-06-24,44.889999,45.439999,44.560001,45.049999,31.586136,176800
2014-06-25,45.139999,46.290001,45.049999,45.950001,32.217155,215900
2014-06-26,46.130001,46.279999,45.820000,46.060001,32.294289,122300
2014-06-27,46.119999,46.439999,45.970001,46.330002,32.483597,86500
2014-06-30,46.410000,46.689999,45.880001,46.139999,32.350368,91300
2014-07-01,46.060001,46.470001,45.520000,46.400002,32.532673,205400
2014-07-02,46.400002,46.880001,46.020000,46.310001,32.469574,135500
2014-07-03,46.200001,46.200001,45.279999,45.939999,32.210155,70500
2014-07-07,45.759998,45.939999,45.509998,45.820000,32.126011,77500
2014-07-08,45.849998,46.020000,45.480000,45.680000,32.027851,119300
2014-07-09,45.680000,46.380001,45.360001,46.040001,32.280266,89200
2014-07-10,46.090000,46.270000,45.610001,45.860001,32.154053,76400
2014-07-11,45.650002,46.009998,45.599998,45.860001,32.154053,65900
2014-07-14,45.950001,46.720001,45.950001,46.459999,32.574734,104400
2014-07-15,46.470001,46.980000,46.189999,46.689999,32.735992,143700
2014-07-16,46.900002,47.270000,46.520000,47.189999,33.086563,131300
2014-07-17,47.009998,47.490002,46.770000,46.950001,32.918297,134700
2014-07-18,44.599998,45.049999,44.150002,45.000000,31.551079,3693400
2014-07-21,45.090000,45.389999,44.799999,45.209999,31.698320,456300
2014-07-22,45.450001,45.509998,45.220001,45.480000,31.887621,368600
2014-07-23,44.880001,45.180000,44.220001,44.419998,31.625616,239500
2014-07-24,44.360001,44.700001,44.150002,44.189999,31.461870,167000
2014-07-25,44.060001,44.259998,44.009998,44.099998,31.397793,267900
2014-07-28,44.240002,44.439999,44.099998,44.150002,31.433388,220400
2014-07-29,44.099998,44.299999,43.810001,43.959999,31.298119,152900
2014-07-30,44.099998,44.419998,42.860001,43.090000,30.678703,203200
2014-07-31,42.959999,43.000000,41.849998,42.840000,30.500723,286800
2014-08-01,42.590000,43.340000,42.369999,43.169998,30.735662,164200
2014-08-04,43.020000,43.290001,42.619999,43.070000,30.664463,182900
2014-08-05,42.910000,43.200001,41.900002,41.950001,29.867060,195000
2014-08-06,41.849998,41.959999,41.209999,41.560001,29.589403,271100
2014-08-07,41.709999,41.810001,40.400002,40.939999,29.147970,266000
2014-08-08,40.950001,41.349998,40.410000,41.230000,29.354437,253400
2014-08-11,41.490002,42.450001,41.240002,42.320000,30.130487,200000
2014-08-12,42.299999,42.520000,41.779999,42.009998,29.909773,105100
2014-08-13,42.090000,42.599998,42.049999,42.200001,30.045052,118700
2014-08-14,42.180000,42.740002,42.080002,42.560001,30.301365,115500
2014-08-15,42.720001,42.880001,42.520000,42.779999,30.457991,106800
2014-08-18,42.560001,42.980000,42.180000,42.740002,30.429516,100200
2014-08-19,42.799999,43.320000,42.599998,43.070000,30.664463,114600
2014-08-20,43.000000,43.310001,42.910000,43.110001,30.692940,90600
2014-08-21,43.000000,43.110001,42.799999,42.919998,30.557667,96100
2014-08-22,42.799999,42.910000,42.680000,42.750000,30.436632,56200
2014-08-25,42.919998,43.500000,42.650002,43.099998,30.685825,195500
2014-08-26,43.279999,43.730000,43.279999,43.520000,30.984850,81700
2014-08-27,43.730000,44.209999,43.189999,43.680000,31.098774,110700
2014-08-28,43.639999,43.669998,43.230000,43.279999,30.813978,64500
2014-08-29,43.529999,43.669998,43.060001,43.400002,30.899422,72400
2014-09-02,43.279999,43.520000,43.000000,43.410000,30.906532,180000
2014-09-03,43.419998,43.779999,43.080002,43.480000,30.956367,218200
2014-09-04,43.610001,43.680000,43.250000,43.290001,30.821098,182300
2014-09-05,43.419998,43.709999,43.070000,43.590000,31.034689,112000
2014-09-08,43.369999,43.580002,42.599998,42.970001,30.593267,178300
2014-09-09,43.099998,43.389999,42.500000,42.500000,30.258642,248600
2014-09-10,42.689999,42.730000,42.139999,42.660000,30.372566,119500
2014-09-11,42.400002,42.880001,42.130001,42.750000,30.436632,75600
2014-09-12,42.700001,42.759998,42.230000,42.570000,30.308477,123500
2014-09-15,42.549999,42.549999,42.090000,42.389999,30.180319,97400
2014-09-16,42.450001,42.950001,42.209999,42.639999,30.358320,73700
2014-09-17,43.130001,43.220001,42.410000,42.770000,30.450872,97600
2014-09-18,42.930000,43.000000,42.680000,42.930000,30.564796,111300
2014-09-19,43.230000,43.549999,42.810001,43.470001,30.949251,264400
2014-09-22,43.540001,43.540001,42.700001,42.939999,30.571909,123900
2014-09-23,43.029999,43.040001,42.349998,42.459999,30.230167,170200
2014-09-24,43.580002,43.580002,42.139999,42.849998,30.507828,112000
2014-09-25,42.950001,43.000000,42.060001,42.500000,30.258642,109600
2014-09-26,42.369999,43.410000,41.810001,43.230000,30.778376,131000
2014-09-29,42.860001,43.450001,42.580002,43.439999,30.927898,125300
2014-09-30,43.660000,44.040001,43.080002,43.560001,31.013332,219700
2014-10-01,43.490002,43.860001,43.180000,43.360001,30.870934,343100
2014-10-02,43.689999,43.799999,42.700001,43.419998,30.913647,565700
2014-10-03,42.990002,43.029999,41.549999,41.709999,29.696184,369600
2014-10-06,41.650002,42.189999,41.580002,42.020000,29.916897,170000
2014-10-07,41.759998,42.009998,41.200001,41.410000,29.482601,152600
2014-10-08,41.209999,41.209999,35.610001,39.849998,28.371927,880200
2014-10-09,39.720001,39.779999,38.840000,39.139999,27.866428,311700
2014-10-10,38.889999,38.990002,37.340000,37.740002,26.869675,431100
2014-10-13,37.500000,37.590000,36.000000,36.119999,25.716282,427300
2014-10-14,36.000000,36.369999,34.459999,35.419998,25.217907,681700
2014-10-15,34.180000,36.689999,33.020000,36.529999,26.526438,486600
2014-10-16,36.060001,38.919998,35.430000,38.330002,27.833525,340400
2014-10-17,38.840000,38.970001,37.590000,38.049999,27.630199,295200
2014-10-20,38.000000,39.119999,37.950001,38.730000,28.123978,183500
2014-10-21,38.830002,39.750000,38.709999,39.480000,28.668587,203300
2014-10-22,39.599998,39.720001,38.820000,38.950001,28.283733,132700
2014-10-23,39.240002,39.750000,39.009998,39.400002,28.610502,117100
2014-10-24,39.320000,39.730000,39.130001,39.310001,28.545155,88900
2014-10-27,39.230000,39.340000,38.189999,38.410000,27.891609,190900
2014-10-28,38.369999,39.689999,38.040001,39.669998,28.806566,128700
2014-10-29,39.669998,39.849998,38.240002,39.310001,28.545155,222200
2014-10-30,39.020000,39.750000,38.250000,38.349998,27.848043,115300
2014-10-31,38.549999,39.400002,38.119999,39.299999,28.537886,156800
2014-11-03,39.189999,39.660000,38.680000,39.150002,28.428961,112100
2014-11-04,39.090000,39.099998,37.040001,37.700001,27.376038,187400
2014-11-05,37.700001,38.540001,37.119999,38.009998,27.601143,163800
2014-11-06,38.029999,38.029999,36.930000,37.029999,26.889521,150000
2014-11-07,37.000000,38.200001,36.630001,38.020000,27.608410,92600
2014-11-10,38.130001,38.490002,37.220001,37.560001,27.274382,147600
2014-11-11,37.419998,37.980000,37.029999,37.970001,27.572107,216800
2014-11-12,37.480000,38.590000,37.480000,38.349998,27.848043,131500
2014-11-13,38.259998,38.340000,36.400002,38.230000,27.760895,304200
2014-11-14,38.439999,38.959999,37.860001,38.099998,27.666506,132000
2014-11-17,38.200001,38.990002,37.799999,38.349998,27.848043,126900
2014-11-18,38.419998,39.299999,38.160000,38.840000,28.203863,136200
2014-11-19,38.770000,39.279999,38.599998,39.000000,28.320047,213300
2014-11-20,38.799999,39.779999,38.099998,38.549999,27.993279,277100
2014-11-21,39.150002,39.779999,38.549999,39.160000,28.436228,566200
2014-11-24,39.369999,39.770000,38.950001,39.450001,28.646801,256300
2014-11-25,39.480000,39.759998,37.560001,38.700001,28.102196,419100
2014-11-26,38.630001,38.919998,38.000000,38.669998,28.080406,416400
2014-11-28,38.049999,38.209999,35.820000,36.020000,26.156097,341200
2014-12-01,35.549999,36.570000,34.619999,36.500000,26.504654,514900
2014-12-02,36.130001,38.169998,35.169998,37.400002,27.158190,501800
2014-12-03,37.520000,38.299999,36.869999,38.130001,27.688286,229500
2014-12-04,38.009998,39.000000,37.560001,38.939999,28.276468,270500
2014-12-05,39.070000,39.490002,38.360001,39.450001,28.646801,254500
2014-12-08,39.020000,39.250000,37.240002,39.040001,28.349085,405600
2014-12-09,38.459999,39.400002,37.910000,38.830002,28.196600,393100
2014-12-10,38.340000,38.419998,37.080002,38.060001,27.637457,456000
2014-12-11,38.060001,39.259998,37.680000,39.130001,28.414442,519600
2014-12-12,38.730000,39.020000,37.610001,38.209999,27.746378,485400
2014-12-15,38.919998,39.439999,37.599998,38.570000,28.007795,428700
2014-12-16,38.240002,40.849998,37.590000,38.560001,28.000530,595300
2014-12-17,38.549999,40.639999,38.470001,39.959999,29.017147,314200
2014-12-18,40.560001,41.189999,39.820000,40.849998,29.663427,529800
2014-12-19,40.849998,43.660000,40.639999,43.490002,31.580479,1007200
2014-12-22,43.290001,43.330002,41.320000,42.480000,30.847067,443200
2014-12-23,42.400002,43.320000,41.889999,42.660000,30.977772,321600
2014-12-24,42.000000,42.419998,40.830002,42.060001,30.542078,206300
2014-12-26,41.910000,43.160000,41.070000,42.490002,30.854326,413400
2014-12-29,42.509998,42.700001,41.410000,42.400002,30.788979,338100
2014-12-30,42.080002,42.990002,41.230000,42.610001,30.941462,291000
2014-12-31,42.439999,43.110001,41.910000,43.000000,31.224661,414400
2015-01-02,42.790001,43.250000,42.090000,42.910000,31.159309,256500
2015-01-05,42.650002,42.669998,41.139999,42.380001,30.774446,410400
2015-01-06,42.310001,42.669998,40.400002,42.279999,30.701824,360400
2015-01-07,42.970001,43.380001,41.110001,41.509998,30.142693,320500
2015-01-08,41.880001,42.220001,41.080002,41.500000,30.135429,551300
2015-01-09,41.500000,41.869999,40.810001,41.439999,30.091860,243000
2015-01-12,40.930000,41.580002,39.509998,40.770000,29.605331,376000
2015-01-13,40.400002,40.490002,38.139999,39.320000,29.051203,516900
2015-01-14,38.680000,39.730000,38.410000,39.470001,29.162029,305400
2015-01-15,39.900002,40.009998,38.709999,39.610001,29.265471,357800
2015-01-16,39.810001,40.349998,39.360001,40.080002,29.612722,420700
2015-01-20,39.910000,39.910000,38.880001,38.910000,28.748281,168100
2015-01-21,38.770000,39.740002,38.759998,39.529999,29.206366,175900
2015-01-22,39.709999,39.939999,38.630001,38.750000,28.630066,216700
2015-01-23,38.700001,38.790001,38.180000,38.619999,28.534016,229900
2015-01-26,38.599998,39.000000,38.119999,38.619999,28.534016,424000
2015-01-27,38.410000,39.279999,38.340000,38.599998,28.519239,380200
2015-01-28,38.689999,39.549999,38.400002,38.700001,28.593124,522700
2015-01-29,38.860001,38.910000,37.349998,38.240002,28.253258,331700
2015-01-30,38.020000,38.290001,37.099998,37.259998,27.529186,216200
2015-02-02,37.500000,37.619999,36.500000,36.990002,27.329704,245600
2015-02-03,36.990002,37.820000,36.779999,36.889999,27.255821,222100
2015-02-04,36.400002,37.740002,36.400002,37.340000,27.588303,195100
2015-02-05,37.340000,38.619999,37.340000,38.450001,28.408419,345800
2015-02-06,38.689999,39.080002,37.770000,38.020000,28.090714,143800
2015-02-09,38.189999,39.000000,38.000000,38.290001,28.290197,511000
2015-02-10,38.450001,38.930000,37.700001,38.930000,28.763058,175900
2015-02-11,38.790001,39.240002,38.209999,38.259998,28.268030,104600
2015-02-12,38.360001,38.709999,37.900002,37.959999,28.046385,199800
2015-02-13,38.099998,39.470001,37.930000,38.959999,28.785225,218500
2015-02-17,38.919998,39.220001,38.660000,38.790001,28.659616,409000
2015-02-18,38.880001,39.099998,38.599998,38.880001,28.726112,352500
2015-02-19,38.650002,38.980000,38.389999,38.660000,28.563572,288600
2015-02-20,38.540001,38.700001,37.660000,37.750000,27.891228,173000
2015-02-23,37.720001,38.180000,37.209999,37.209999,27.492249,378800
2015-02-24,37.349998,37.349998,37.020000,37.200001,27.484861,168900
2015-02-25,37.189999,37.480000,36.599998,36.650002,27.078501,382200
2015-02-26,36.700001,36.830002,36.320000,36.529999,26.989840,416500
2015-02-27,36.709999,37.310001,36.549999,37.049999,27.374031,295500
2015-03-02,37.119999,37.189999,36.830002,36.980000,27.322309,440300
2015-03-03,37.110001,37.700001,36.709999,36.820000,27.204107,432700
2015-03-04,36.840000,37.250000,36.500000,36.599998,27.041559,271500
2015-03-05,36.480000,37.450001,36.320000,36.889999,27.255821,149200
2015-03-06,36.689999,37.169998,36.389999,36.529999,26.989840,204700
2015-03-09,36.700001,36.730000,35.450001,35.660000,26.347050,645100
2015-03-10,35.459999,35.889999,35.000000,35.169998,25.985012,356500
2015-03-11,35.250000,35.799999,35.040001,35.680000,26.361828,293000
2015-03-12,35.790001,36.270000,35.340000,36.020000,26.613029,140600
2015-03-13,35.939999,36.099998,35.439999,35.950001,26.561316,228700
2015-03-16,35.689999,35.689999,34.869999,35.299999,26.081066,391000
2015-03-17,35.160000,35.369999,34.720001,35.279999,26.066290,356100
2015-03-18,34.840000,35.730000,34.130001,35.630001,26.324886,584800
2015-03-19,35.330002,35.369999,34.459999,35.119999,25.948069,492100
2015-03-20,35.459999,36.110001,34.869999,35.360001,26.125397,1697900
2015-03-23,35.389999,35.529999,34.509998,34.520000,25.504772,300800
2015-03-24,34.639999,35.750000,34.520000,35.290001,26.073689,248300
2015-03-25,35.509998,35.889999,35.349998,35.580002,26.287945,223000
2015-03-26,35.860001,36.869999,35.750000,36.849998,27.226267,248200
2015-03-27,36.869999,36.900002,36.279999,36.720001,27.130224,185900
2015-03-30,36.849998,37.130001,36.419998,37.080002,27.396206,178500
2015-03-31,36.860001,37.380001,36.639999,37.349998,27.595688,144200
2015-04-01,37.400002,37.750000,37.299999,37.700001,27.854280,190000
2015-04-02,37.700001,38.310001,37.630001,38.130001,28.171984,235100
2015-04-06,38.189999,38.750000,37.560001,37.610001,27.787788,166000
2015-04-07,37.650002,38.240002,37.360001,37.410000,27.640026,160500
2015-04-08,37.400002,37.540001,36.810001,37.139999,27.440535,163100
2015-04-09,36.660000,37.330002,36.520000,36.939999,27.817059,171000
2015-04-10,37.230000,37.990002,37.060001,37.700001,28.389349,179600
2015-04-13,37.709999,37.990002,37.279999,37.299999,28.088139,100000
2015-04-14,37.490002,37.709999,36.959999,37.189999,28.005304,111100
2015-04-15,37.310001,37.900002,37.150002,37.720001,28.404421,149000
2015-04-16,37.590000,37.959999,37.209999,37.299999,28.088139,139400
2015-04-17,37.080002,37.500000,36.029999,36.470001,27.463123,184300
2015-04-20,36.470001,37.240002,36.000000,36.599998,27.561020,123200
2015-04-21,36.540001,37.250000,36.400002,37.090000,27.930012,175700
2015-04-22,37.230000,38.230000,37.230000,37.740002,28.419472,215500
2015-04-23,37.740002,38.849998,37.669998,38.750000,29.180042,216000
2015-04-24,38.840000,40.730000,38.209999,40.689999,30.640917,784600
2015-04-27,39.000000,39.439999,37.790001,38.590000,29.059553,397000
2015-04-28,38.650002,38.849998,38.259998,38.700001,29.142385,118100
2015-04-29,38.599998,39.099998,38.509998,39.000000,29.368303,102700
2015-04-30,39.040001,39.889999,38.740002,39.419998,29.684572,143300
2015-05-01,39.500000,40.689999,39.169998,40.599998,30.573149,213600
2015-05-04,40.180000,40.500000,39.639999,39.700001,29.895416,354200
2015-05-05,39.950001,40.250000,38.740002,38.799999,29.217688,123200
2015-05-06,38.939999,38.939999,38.110001,38.419998,28.931530,138100
2015-05-07,38.240002,38.509998,37.389999,37.880001,28.524902,133000
2015-05-08,38.320000,38.320000,36.970001,37.169998,27.990244,227800
2015-05-11,37.150002,37.150002,36.270000,36.869999,27.764330,174100
2015-05-12,36.939999,37.450001,36.500000,36.900002,27.786926,139700
2015-05-13,36.720001,37.450001,36.400002,36.570000,27.538429,139900
2015-05-14,36.869999,37.419998,35.930000,36.450001,27.448067,177800
2015-05-15,36.799999,37.340000,36.470001,36.750000,27.673975,213600
2015-05-18,36.610001,36.750000,35.880001,36.119999,27.199558,225900
2015-05-19,35.830002,35.900002,35.250000,35.400002,26.657379,361700
2015-05-20,35.450001,35.900002,34.820000,35.049999,26.393818,218600
2015-05-21,35.099998,35.619999,34.799999,35.480000,26.717619,133200
2015-05-22,35.470001,35.849998,35.299999,35.799999,26.958591,233400
2015-05-26,35.700001,35.750000,35.029999,35.480000,26.717619,130600
2015-05-27,35.360001,35.830002,35.250000,35.770000,26.935997,142000
2015-05-28,35.680000,35.790001,34.880001,35.400002,26.657379,160600
2015-05-29,35.310001,35.639999,34.869999,35.060001,26.401348,166500
2015-06-01,35.060001,35.130001,34.380001,34.840000,26.235682,180200
2015-06-02,34.439999,35.380001,34.439999,35.020000,26.371227,113400
2015-06-03,35.029999,35.189999,34.560001,34.590000,26.047419,133700
2015-06-04,34.450001,34.599998,33.810001,34.000000,25.603130,164500
2015-06-05,34.009998,34.340000,33.639999,34.200001,25.753740,202200
2015-06-08,34.000000,34.230000,33.360001,33.720001,25.392281,199600
2015-06-09,33.770000,34.110001,33.660000,33.830002,25.475115,113400
2015-06-10,33.830002,33.900002,32.810001,33.220001,25.015766,310500
2015-06-11,33.049999,33.560001,32.820000,33.520000,25.241674,224700
2015-06-12,33.320000,33.689999,33.000000,33.369999,25.128723,172000
2015-06-15,33.040001,34.290001,32.680000,34.080002,25.663374,264600
2015-06-16,34.090000,34.320000,33.549999,33.669998,25.354624,145300
2015-06-17,33.689999,34.340000,33.560001,34.230000,25.776331,153300
2015-06-18,34.279999,35.139999,34.130001,34.480000,25.964586,168800
2015-06-19,34.500000,34.590000,33.330002,33.410000,25.158838,433700
2015-06-22,33.610001,34.160000,33.389999,33.720001,25.392281,150900
2015-06-23,33.770000,34.099998,33.680000,33.939999,25.557947,112300
2015-06-24,33.990002,34.000000,33.169998,33.270000,25.053413,94100
2015-06-25,33.250000,33.599998,33.009998,33.480000,25.211555,129300
2015-06-26,33.450001,33.480000,32.349998,33.349998,25.113657,169700
2015-06-29,33.130001,33.130001,32.070000,32.509998,24.481110,225800
2015-06-30,32.500000,32.650002,31.639999,32.200001,24.247677,266900
2015-07-01,32.009998,32.189999,30.879999,31.120001,23.434399,207500
2015-07-02,31.120001,31.549999,31.000000,31.139999,23.449459,178800
2015-07-06,30.980000,32.209999,30.670000,32.049999,24.134716,228500
2015-07-07,32.060001,32.299999,30.889999,31.670000,23.848564,149500
2015-07-08,31.410000,31.950001,30.110001,30.389999,22.884682,214000
2015-07-09,30.639999,31.490000,30.639999,30.730000,23.140713,234700
2015-07-10,30.309999,31.309999,29.940001,31.260000,24.088533,282500
2015-07-13,31.309999,31.620001,30.680000,31.340000,24.150181,123100
2015-07-14,31.250000,31.500000,30.250000,31.200001,24.042301,195600
2015-07-15,31.309999,31.360001,30.410000,30.700001,23.657005,129900
2015-07-16,30.719999,30.850000,30.010000,30.160000,23.240891,269200
2015-07-17,30.090000,30.290001,29.610001,29.920000,23.055950,270100
2015-07-20,29.889999,29.889999,29.000000,29.629999,22.832478,387300
2015-07-21,29.559999,30.309999,29.010000,29.650000,22.847891,334800
2015-07-22,29.610001,30.059999,28.260000,28.290001,21.799894,369400
2015-07-23,28.280001,28.709999,27.520000,27.570000,21.245073,251100
2015-07-24,27.650000,28.790001,27.520000,28.190001,21.722836,230300
2015-07-27,27.879999,28.059999,27.049999,27.750000,21.383778,196800
2015-07-28,27.950001,29.209999,27.940001,28.700001,22.115833,237800
2015-07-29,28.540001,29.590000,28.090000,28.980000,22.331596,1018700
2015-07-30,28.700001,28.990000,27.250000,28.500000,21.961714,389200
2015-07-31,28.650000,28.840000,27.250000,27.510000,21.198837,286800
2015-08-03,27.330000,27.629999,26.080000,26.740000,20.605484,349900
2015-08-04,26.799999,27.270000,25.940001,26.100000,20.112309,256100
2015-08-05,26.290001,26.980000,24.000000,24.580000,18.941013,418300
2015-08-06,25.020000,25.830000,24.040001,24.530001,18.902485,421100
2015-08-07,24.809999,28.280001,24.809999,26.760000,20.620893,476700
2015-08-10,27.000000,28.010000,26.549999,27.740000,21.376066,418700
2015-08-11,27.740000,28.030001,27.320000,27.900000,21.499363,253200
2015-08-12,27.900000,28.850000,27.639999,28.670000,22.092714,220400
2015-08-13,28.709999,28.740000,27.780001,28.200001,21.730539,155200
2015-08-14,28.610001,28.969999,27.930000,28.410000,21.892359,153200
2015-08-17,28.500000,28.820000,28.090000,28.160000,21.699713,164900
2015-08-18,28.020000,28.120001,27.309999,27.360001,21.083248,236900
2015-08-19,27.280001,27.430000,26.270000,26.490000,20.412834,293100
2015-08-20,26.000000,26.350000,25.469999,25.770000,19.858009,321100
2015-08-21,25.350000,25.750000,24.820000,25.049999,19.303188,253200
2015-08-24,23.510000,24.000000,22.879999,23.299999,17.954666,382200
2015-08-25,24.100000,25.389999,24.100000,24.480000,18.863956,333700
2015-08-26,24.860001,25.080000,24.180000,25.030001,19.287781,364900
2015-08-27,25.379999,26.760000,25.250000,26.129999,20.135422,303200
2015-08-28,26.070000,27.959999,26.059999,27.010000,20.813538,265500
2015-08-31,26.420000,27.370001,25.709999,26.590000,20.489897,200300
2015-09-01,26.000000,26.330000,25.320000,25.469999,19.626839,172500
2015-09-02,25.530001,25.750000,25.150000,25.299999,19.495840,158600
2015-09-03,25.340000,26.160000,25.250000,25.600000,19.727011,165300
2015-09-04,25.290001,26.010000,25.100000,25.629999,19.750134,231700
2015-09-08,25.750000,26.160000,25.160000,25.490000,19.642246,263300
2015-09-09,25.670000,26.129999,25.230000,25.270000,19.472719,134000
2015-09-10,25.280001,26.870001,25.280001,26.020000,20.050661,314000
2015-09-11,25.740000,26.250000,25.500000,26.139999,20.143131,302100
2015-09-14,26.100000,26.969999,25.850000,26.320000,20.281837,421300
2015-09-15,26.250000,27.299999,26.250000,26.780001,20.636307,357700
2015-09-16,26.850000,27.980000,26.799999,27.000000,20.805834,431100
2015-09-17,27.090000,27.980000,26.400000,27.190001,20.952251,493300
2015-09-18,27.160000,27.160000,26.000000,26.250000,20.227896,1194600
2015-09-21,26.559999,27.200001,25.799999,26.190001,20.181660,311200
2015-09-22,25.780001,26.600000,25.580000,25.760000,19.850309,258500
2015-09-23,25.830000,26.370001,25.510000,25.559999,19.696192,181500
2015-09-24,25.490000,25.520000,23.500000,24.490000,18.871664,461100
2015-09-25,24.639999,24.830000,23.980000,24.170000,18.625074,280800
2015-09-28,23.900000,23.950001,22.030001,22.920000,17.661840,540500
2015-09-29,22.969999,23.600000,22.620001,22.719999,17.507723,253400
2015-09-30,22.719999,24.209999,22.680000,23.920000,18.432430,437300
2015-10-01,24.190001,24.340000,23.200001,23.700001,18.262903,293400
2015-10-02,23.600000,24.530001,23.500000,24.100000,18.571133,350800
2015-10-05,24.480000,25.670000,24.400000,25.290001,19.488136,277000
2015-10-06,25.400000,26.940001,25.400000,26.080000,20.096897,272200
2015-10-07,26.590000,27.040001,25.650000,26.920000,20.744190,261100
2015-10-08,26.230000,26.540001,26.070000,26.160000,20.158541,190700
2015-10-09,26.469999,27.040001,26.180000,26.400000,20.343483,353900
2015-10-12,26.400000,26.540001,25.370001,25.559999,19.696192,363500
2015-10-13,25.309999,25.760000,25.100000,25.100000,19.341724,186400
2015-10-14,25.129999,26.059999,25.049999,25.719999,19.819483,232300
2015-10-15,25.750000,25.969999,25.000000,25.850000,19.919661,129500
2015-10-16,25.969999,26.030001,25.190001,25.680000,19.788660,139400
2015-10-19,25.420000,26.049999,25.000000,25.680000,19.788660,267400
2015-10-20,25.680000,26.450001,25.580000,25.770000,19.858009,153100
2015-10-21,25.629999,26.100000,25.270000,25.360001,19.542076,187100
2015-10-22,25.379999,25.459999,24.590000,24.809999,19.118252,224600
2015-10-23,24.719999,25.090000,24.219999,24.730000,19.056601,204400
2015-10-26,24.610001,24.830000,24.160000,24.730000,19.056601,351400
2015-10-27,24.250000,24.469999,23.680000,24.379999,18.786900,272000
2015-10-28,24.400000,25.340000,24.000000,24.889999,19.179899,212500
2015-10-29,24.549999,25.190001,24.549999,24.940001,19.218428,107600
2015-10-30,25.090000,25.090000,24.139999,24.840000,19.141371,208500
2015-11-02,24.799999,25.309999,24.400000,25.020000,19.280073,120800
2015-11-03,25.049999,25.809999,24.900000,25.639999,19.757833,270900
2015-11-04,25.639999,26.340000,25.370001,25.590000,19.719307,247900
2015-11-05,25.379999,26.240000,24.559999,25.100000,19.341724,348800
2015-11-06,24.809999,25.850000,24.700001,25.150000,19.380251,169300
2015-11-09,25.150000,25.250000,24.260000,24.459999,18.848543,250000
2015-11-10,24.299999,24.700001,24.190001,24.290001,18.717548,141600
2015-11-11,24.379999,24.469999,23.650000,24.000000,18.494081,256900
2015-11-12,23.709999,24.160000,23.370001,23.469999,18.085667,150800
2015-11-13,23.559999,24.480000,23.330000,24.170000,18.625074,203500
2015-11-16,24.200001,24.959999,24.200001,24.559999,18.925604,168600
2015-11-17,24.500000,24.709999,23.400000,23.820000,18.355370,219100
2015-11-18,24.059999,24.700001,23.350000,24.010000,18.501781,171300
2015-11-19,24.020000,24.139999,23.540001,23.700001,18.262903,157200
2015-11-20,23.740000,23.940001,23.360001,23.530001,18.131901,137200
2015-11-23,23.559999,24.100000,23.330000,23.350000,17.993195,160300
2015-11-24,23.330000,24.000000,23.299999,23.360001,18.000902,162500
2015-11-25,23.250000,23.500000,22.650000,22.719999,17.507723,265000
2015-11-27,22.719999,23.400000,22.299999,23.250000,17.916136,79600
2015-11-30,23.000000,23.240000,22.590000,22.700001,17.492317,259500
2015-12-01,22.709999,22.809999,21.809999,22.010000,16.960611,363300
2015-12-02,21.879999,22.000000,21.080000,21.610001,16.652378,563800
2015-12-03,21.750000,22.000000,20.850000,21.180000,16.321024,354400
2015-12-04,21.000000,21.150000,19.690001,20.320000,15.658319,524900
2015-12-07,19.570000,19.650000,17.430000,17.719999,13.654793,730900
2015-12-08,17.230000,18.629999,17.010000,18.200001,14.024674,470200
2015-12-09,18.260000,19.740000,17.969999,19.420000,14.964791,558800
2015-12-10,19.400000,19.889999,18.350000,18.360001,14.147971,367700
2015-12-11,18.020000,18.450001,17.420000,17.510000,13.492970,438000
2015-12-14,17.360001,17.889999,16.650000,17.219999,13.269500,515300
2015-12-15,17.260000,18.940001,17.260000,18.549999,14.294382,532400
2015-12-16,18.620001,18.740000,17.700001,18.379999,14.163379,594900
2015-12-17,12.810000,12.980000,8.800000,9.010000,6.942984,7431400
2015-12-18,9.330000,10.300000,9.120000,10.170000,7.836864,3184600
2015-12-21,10.100000,12.600000,9.910000,12.140000,9.354921,2611100
2015-12-22,12.140000,13.230000,11.870000,13.200000,10.171741,1742200
2015-12-23,13.310000,13.800000,13.150000,13.670000,10.533916,1157400
2015-12-24,13.480000,13.910000,13.360000,13.790000,10.626388,497400
2015-12-28,13.550000,14.110000,13.410000,14.010000,10.795918,1058700
2015-12-29,13.840000,14.150000,12.650000,13.240000,10.202564,864200
2015-12-30,12.820000,13.210000,12.770000,13.050000,10.056154,465000
2015-12-31,12.960000,13.310000,12.730000,13.150000,10.133212,756700
2016-01-04,13.150000,13.890000,12.830000,13.780000,10.618684,474000
2016-01-05,13.660000,13.680000,12.770000,13.120000,10.110094,507400
2016-01-06,12.970000,13.480000,12.780000,12.900000,9.940565,440600
2016-01-07,12.740000,12.800000,11.880000,12.150000,9.362626,510000
2016-01-08,12.150000,12.240000,11.490000,11.970000,9.223922,443800
2016-01-11,11.940000,12.000000,11.040000,11.280000,8.692216,712600
2016-01-12,11.200000,11.550000,10.070000,10.460000,8.060333,837500
2016-01-13,10.650000,10.940000,10.240000,10.550000,8.129688,430400
2016-01-14,10.590000,11.090000,10.140000,10.810000,8.330039,584500
2016-01-15,10.330000,10.430000,9.860000,9.990000,7.698158,461900
2016-01-19,10.040000,10.190000,9.250000,9.490000,7.312867,536500
2016-01-20,9.060000,9.270000,7.920000,8.770000,6.758043,1038300
2016-01-21,8.650000,9.630000,8.650000,9.520000,7.335984,826600
2016-01-22,10.200000,10.970000,9.930000,10.950000,8.437923,862500
2016-01-25,10.780000,11.040000,10.370000,10.670000,8.222159,489200
2016-01-26,11.000000,11.290000,10.670000,11.210000,8.638276,628500
2016-01-27,11.260000,11.620000,10.870000,10.980000,8.461040,374100
2016-01-28,11.570000,11.570000,10.850000,11.000000,8.476451,415600
2016-01-29,11.100000,11.560000,11.000000,11.520000,8.877156,265800
2016-02-01,11.240000,11.900000,11.150000,11.750000,9.054392,589400
2016-02-02,11.420000,11.500000,11.090000,11.260000,8.676805,603900
2016-02-03,11.420000,11.780000,10.910000,11.660000,9.098160,501600
2016-02-04,11.820000,12.250000,11.460000,11.590000,9.043539,288100
2016-02-05,11.520000,11.870000,11.230000,11.690000,9.121568,170300
2016-02-08,11.440000,11.740000,10.970000,11.700000,9.129370,406500
2016-02-09,11.310000,11.600000,10.360000,10.660000,8.317872,425000
2016-02-10,10.620000,10.800000,10.180000,10.450000,8.154012,346100
2016-02-11,10.000000,10.440000,9.910000,10.200000,7.958940,247000
2016-02-12,10.490000,10.960000,10.270000,10.670000,8.325675,207300
2016-02-16,10.880000,11.000000,10.630000,10.780000,8.411504,290400
2016-02-17,11.000000,11.140000,10.620000,11.120000,8.676804,414100
2016-02-18,11.000000,11.330000,10.760000,10.780000,8.411504,973800
2016-02-19,10.770000,10.870000,10.070000,10.100000,7.880911,472400
2016-02-22,10.350000,10.630000,10.340000,10.580000,8.255449,410900
2016-02-23,10.270000,10.480000,9.810000,9.830000,7.670232,388400
2016-02-24,9.700000,9.790000,9.470000,9.710000,7.576599,549300
2016-02-25,9.830000,9.860000,9.310000,9.740000,7.600007,356900
2016-02-26,9.900000,10.420000,9.900000,10.130000,7.904319,299800
2016-02-29,10.180000,10.280000,10.020000,10.230000,7.982347,304000
2016-03-01,10.210000,10.590000,10.030000,10.530000,8.216434,432300
2016-03-02,10.270000,11.210000,10.270000,11.140000,8.692410,555500
2016-03-03,11.240000,11.430000,11.030000,11.270000,8.793846,311200
2016-03-04,11.370000,11.400000,10.950000,11.240000,8.770439,396500
2016-03-07,11.250000,11.970000,11.210000,11.930000,9.308837,924100
2016-03-08,11.830000,11.940000,10.970000,11.270000,8.793846,541300
2016-03-09,11.510000,11.610000,11.150000,11.500000,8.973313,279500
2016-03-10,11.500000,11.560000,11.200000,11.230000,8.762634,388600
2016-03-11,11.370000,11.690000,11.130000,11.400000,8.895287,692600
2016-03-14,11.480000,12.630000,11.480000,12.240000,9.550727,1023700
2016-03-15,12.110000,12.340000,11.810000,12.100000,9.441486,392700
2016-03-16,12.170000,13.800000,12.130000,13.720000,10.705552,1547100
2016-03-17,13.730000,14.060000,13.390000,13.930000,10.869413,1037300
2016-03-18,14.060000,14.800000,13.110000,13.330000,10.401238,2405300
2016-03-21,13.450000,13.450000,12.400000,12.810000,9.995492,596200
2016-03-22,12.750000,13.050000,12.560000,12.990000,10.135943,183300
2016-03-23,12.760000,12.890000,11.930000,11.930000,9.308837,269000
2016-03-24,11.760000,12.400000,11.570000,12.250000,9.558530,407900
2016-03-28,12.430000,12.430000,11.700000,11.950000,9.324442,311700
2016-03-29,11.730000,12.240000,11.440000,12.230000,9.542922,530400
2016-03-30,12.480000,12.840000,12.120000,12.170000,9.496105,368700
2016-03-31,12.120000,12.730000,12.120000,12.680000,9.894054,446800
2016-04-01,12.270000,12.360000,11.810000,12.100000,9.441486,465700
2016-04-04,12.120000,12.330000,11.880000,11.960000,9.332248,372100
2016-04-05,11.840000,12.050000,11.650000,11.880000,9.269821,310000
2016-04-06,12.010000,12.250000,11.890000,12.070000,9.418078,250000
2016-04-07,12.080000,12.380000,11.860000,11.920000,9.301033,384000
2016-04-08,12.250000,12.790000,12.160000,12.470000,9.730192,568400
2016-04-11,12.600000,13.170000,12.580000,12.690000,9.901856,339400
2016-04-12,12.850000,13.290000,12.720000,13.160000,10.268592,202900
2016-04-13,13.230000,13.530000,13.200000,13.280000,10.362226,311800
2016-04-14,13.350000,13.560000,13.190000,13.480000,10.518285,247000
2016-04-15,13.290000,13.470000,13.020000,13.020000,10.159349,354400
2016-04-18,12.700000,13.280000,12.370000,13.180000,10.284199,216400
2016-04-19,13.350000,13.920000,13.330000,13.470000,10.510482,356000
2016-04-20,13.360000,14.080000,13.360000,13.820000,10.783584,452200
2016-04-21,13.850000,14.120000,13.760000,13.990000,10.916232,546000
2016-04-22,14.200000,14.670000,13.920000,14.320000,11.173726,793000
2016-04-25,14.490000,14.490000,13.570000,13.730000,10.713355,482000
2016-04-26,13.910000,14.080000,13.500000,14.050000,10.963048,388400
2016-04-27,14.000000,14.430000,13.700000,14.040000,11.065507,442900
2016-04-28,14.080000,14.230000,13.680000,13.870000,10.931522,408200
2016-04-29,13.900000,14.100000,13.640000,13.740000,10.829065,189600
2016-05-02,13.850000,13.870000,13.450000,13.650000,10.758133,381700
2016-05-03,13.370000,13.370000,12.780000,13.090000,10.316772,267000
2016-05-04,13.070000,13.340000,12.660000,12.950000,10.206431,461300
2016-05-05,13.220000,13.410000,12.700000,13.080000,10.308890,273900
2016-05-06,12.960000,13.560000,12.960000,13.290000,10.474401,277900
2016-05-09,13.120000,13.630000,12.640000,13.550000,10.679317,370500
2016-05-10,13.560000,14.220000,13.560000,13.810000,10.884235,504300
2016-05-11,13.760000,14.090000,13.340000,13.920000,10.970928,195300
2016-05-12,14.000000,14.180000,13.610000,14.000000,11.033981,240000
2016-05-13,13.970000,14.300000,13.700000,13.970000,11.010337,310800
2016-05-16,14.120000,14.760000,14.020000,14.670000,11.562037,520400
2016-05-17,14.550000,15.020000,14.340000,14.940000,11.774833,258900
2016-05-18,14.900000,14.960000,14.450000,14.510000,11.435932,378200
2016-05-19,14.170000,14.710000,13.800000,14.470000,11.404408,318600
2016-05-20,14.480000,14.770000,14.160000,14.190000,11.183727,213500
2016-05-23,14.070000,14.190000,13.850000,13.950000,10.994575,385500
2016-05-24,13.900000,14.030000,13.680000,14.000000,11.033981,354200
2016-05-25,14.130000,14.520000,14.060000,14.370000,11.325594,193600
2016-05-26,14.550000,14.550000,14.010000,14.070000,11.089152,167700
2016-05-27,13.940000,14.100000,13.910000,14.070000,11.089152,252300
2016-05-31,14.110000,14.370000,13.750000,13.970000,11.010337,850500
2016-06-01,13.900000,13.900000,13.450000,13.710000,10.805420,363400
2016-06-02,13.570000,13.570000,13.260000,13.490000,10.632029,270100
2016-06-03,13.590000,13.670000,13.150000,13.470000,10.616266,812100
2016-06-06,13.570000,14.040000,13.500000,13.960000,11.002456,270400
2016-06-07,13.980000,14.110000,13.850000,13.870000,10.931522,278200
2016-06-08,14.070000,14.100000,13.790000,13.940000,10.986691,280300
2016-06-09,13.610000,13.770000,13.320000,13.350000,10.521688,436300
2016-06-10,13.110000,13.250000,12.130000,12.360000,9.741428,495700
2016-06-13,12.060000,12.300000,11.640000,11.690000,9.213373,352800
2016-06-14,11.500000,11.660000,10.700000,11.090000,8.740488,489400
2016-06-15,11.120000,11.240000,10.790000,10.850000,8.551335,416500
2016-06-16,10.730000,10.730000,10.300000,10.600000,8.354300,422800
2016-06-17,10.700000,11.800000,10.700000,11.670000,9.197610,2040500
2016-06-20,11.800000,11.950000,11.440000,11.460000,9.032102,209400
2016-06-21,11.360000,11.630000,11.290000,11.420000,9.000574,284700
2016-06-22,11.480000,11.600000,11.230000,11.280000,8.890236,304600
2016-06-23,11.440000,11.830000,11.440000,11.810000,9.307953,316500
2016-06-24,11.260000,11.610000,11.000000,11.490000,9.055748,266100
2016-06-27,11.290000,11.290000,10.580000,10.730000,8.456758,248700
2016-06-28,11.090000,11.280000,11.020000,11.150000,8.787779,236900
2016-06-29,11.310000,11.470000,11.070000,11.420000,9.000574,411100
2016-06-30,11.380000,11.380000,11.120000,11.250000,8.866592,150700
2016-07-01,11.180000,11.550000,11.160000,11.370000,8.961169,237100
2016-07-05,11.150000,11.360000,10.500000,10.730000,8.456758,290200
2016-07-06,10.650000,10.990000,10.550000,10.790000,8.504048,310700
2016-07-07,10.910000,10.990000,10.410000,10.500000,8.275485,185500
2016-07-08,10.670000,10.920000,10.530000,10.840000,8.543452,226200
2016-07-11,10.980000,11.160000,10.920000,11.110000,8.756253,174800
2016-07-12,11.320000,11.770000,11.320000,11.610000,9.150323,397900
2016-07-13,11.600000,11.700000,11.120000,11.230000,8.850829,329900
2016-07-14,11.360000,11.600000,11.260000,11.430000,9.008458,184600
2016-07-15,11.380000,11.500000,11.190000,11.240000,8.858711,160400
2016-07-18,11.160000,11.500000,11.000000,11.480000,9.047864,364700
2016-07-19,11.480000,11.480000,11.140000,11.270000,8.882355,249000
2016-07-20,11.140000,11.360000,11.030000,11.170000,8.803542,186000
2016-07-21,11.190000,11.620000,11.120000,11.230000,8.850829,212900
2016-07-22,11.250000,11.340000,11.060000,11.130000,8.772016,180800
2016-07-25,11.050000,11.130000,10.920000,11.010000,8.677437,165400
2016-07-26,11.000000,11.100000,10.800000,10.820000,8.527691,334900
2016-07-27,10.650000,10.950000,10.580000,10.710000,8.551646,320900
2016-07-28,10.710000,10.870000,10.130000,10.180000,8.128454,529800
2016-07-29,10.160000,10.290000,10.110000,10.200000,8.144423,581100
2016-08-01,10.140000,10.180000,9.880000,9.960000,7.952791,280600
2016-08-02,10.000000,10.110000,9.470000,9.500000,7.585494,467600
2016-08-03,9.490000,9.880000,9.480000,9.810000,7.833019,579600
2016-08-04,10.000000,10.800000,9.950000,10.730000,8.567614,561600
2016-08-05,10.810000,11.530000,10.730000,11.350000,9.062669,802000
2016-08-08,11.530000,12.750000,11.460000,12.290000,9.813232,672100
2016-08-09,12.150000,12.540000,12.080000,12.330000,9.845170,393500
2016-08-10,12.370000,12.790000,12.310000,12.470000,9.956957,268500
2016-08-11,12.550000,12.850000,12.460000,12.700000,10.140607,316600
2016-08-12,12.780000,12.830000,12.400000,12.530000,10.004868,294200
2016-08-15,12.630000,13.360000,12.540000,13.210000,10.547828,365900
2016-08-16,13.170000,13.370000,12.750000,12.760000,10.188514,255900
2016-08-17,12.800000,13.050000,12.470000,12.980000,10.364177,287500
2016-08-18,13.500000,13.500000,12.880000,13.110000,10.467979,331600
2016-08-19,13.100000,13.200000,12.930000,13.130000,10.483949,247400
2016-08-22,12.950000,13.470000,12.750000,13.390000,10.691553,288400
2016-08-23,13.410000,13.850000,13.350000,13.380000,10.683567,337400
2016-08-24,13.160000,13.740000,13.050000,13.150000,10.499918,267300
2016-08-25,13.070000,13.330000,12.960000,13.070000,10.436040,162400
2016-08-26,13.100000,13.340000,12.910000,13.140000,10.491935,184400
2016-08-29,13.130000,13.250000,12.980000,13.090000,10.452012,192400
2016-08-30,13.080000,13.240000,13.020000,13.180000,10.523872,201500
2016-08-31,12.900000,13.180000,12.820000,12.930000,10.324256,263500
2016-09-01,12.810000,13.080000,12.680000,12.700000,10.140607,194500
2016-09-02,12.810000,13.280000,12.740000,13.140000,10.491935,265100
2016-09-06,13.180000,13.610000,13.100000,13.580000,10.843263,305800
2016-09-07,13.560000,13.660000,13.320000,13.350000,10.659612,341500
2016-09-08,13.450000,14.350000,13.450000,14.070000,11.234514,531400
2016-09-09,14.790000,15.810000,14.460000,15.220000,12.152758,2728100
2016-09-12,15.210000,15.540000,14.510000,14.830000,11.841353,966100
2016-09-13,14.750000,14.750000,13.980000,14.210000,11.346302,678700
2016-09-14,14.180000,14.520000,14.040000,14.200000,11.338313,374400
2016-09-15,14.250000,14.300000,14.000000,14.200000,11.338313,366500
2016-09-16,14.030000,14.490000,13.910000,14.300000,11.418161,847100
2016-09-19,14.460000,14.660000,14.000000,14.050000,11.218544,317200
2016-09-20,14.000000,14.140000,13.800000,13.850000,11.058850,438000
2016-09-21,14.080000,14.530000,13.870000,14.190000,11.330329,575600
2016-09-22,14.400000,14.850000,14.290000,14.630000,11.681660,387400
2016-09-23,14.620000,15.040000,14.500000,14.530000,11.601813,198200
2016-09-26,14.620000,15.190000,14.370000,14.410000,11.505994,365100
2016-09-27,14.250000,14.760000,14.180000,14.480000,11.561888,328400
2016-09-28,14.690000,15.000000,14.470000,14.990000,11.969108,572500
2016-09-29,15.000000,15.190000,14.620000,14.810000,11.825384,294300
2016-09-30,15.070000,15.310000,14.710000,15.130000,12.080894,462000
2016-10-03,15.140000,16.010000,15.030000,15.940000,12.727659,518200
2016-10-04,16.000000,16.940001,15.920000,16.010000,12.783552,596300
2016-10-05,16.209999,16.209999,15.680000,15.910000,12.703702,530600
2016-10-06,16.040001,16.049999,15.580000,15.700000,12.536025,369500
2016-10-07,15.710000,16.190001,15.570000,15.920000,12.711689,257900
2016-10-10,16.190001,16.510000,15.910000,16.070000,12.831460,441400
2016-10-11,15.970000,16.000000,15.430000,15.610000,12.464164,248000
2016-10-12,15.540000,15.940000,15.290000,15.540000,12.408271,207500
2016-10-13,15.350000,15.400000,15.040000,15.250000,12.176714,272400
2016-10-14,15.340000,15.640000,15.270000,15.320000,12.232605,153800
2016-10-17,15.200000,15.500000,14.850000,15.000000,11.977096,160800
2016-10-18,15.150000,15.600000,15.050000,15.550000,12.416255,229500
2016-10-19,15.650000,15.870000,15.200000,15.450000,12.336407,267300
2016-10-20,15.150000,15.700000,15.150000,15.600000,12.456176,173300
2016-10-21,15.600000,15.650000,15.150000,15.400000,12.296483,169600
2016-10-24,15.300000,16.200001,15.300000,16.049999,12.815491,538200
2016-10-25,15.950000,16.049999,15.450000,15.450000,12.336407,241800
2016-10-26,15.400000,15.650000,15.250000,15.650000,12.496100,361600
2016-10-27,15.700000,15.800000,14.950000,15.050000,12.017018,221000
2016-10-28,15.000000,15.300000,14.650000,14.800000,11.817400,251000
2016-10-31,14.650000,14.880000,14.250000,14.800000,11.817400,624900
2016-11-01,14.950000,15.250000,14.150000,14.300000,11.418161,459000
2016-11-02,14.150000,14.200000,13.060000,13.400000,10.805323,718300
2016-11-03,13.900000,15.450000,13.300000,13.550000,10.926279,468000
2016-11-04,13.550000,14.130000,13.300000,13.650000,11.006916,290000
2016-11-07,14.050000,14.350000,13.700000,13.800000,11.127872,201100
2016-11-08,13.700000,13.900000,13.200000,13.300000,10.724686,425300
2016-11-09,13.150000,14.050000,13.110000,13.750000,11.087554,255600
2016-11-10,13.900000,14.000000,13.200000,13.500000,10.885961,362900
2016-11-11,13.450000,13.750000,13.270000,13.500000,10.885961,226500
2016-11-14,13.650000,14.150000,13.650000,14.050000,11.329461,195900
2016-11-15,14.150000,14.550000,14.030000,14.100000,11.369781,202400
2016-11-16,14.000000,14.300000,13.850000,13.850000,11.168191,246300
2016-11-17,13.850000,14.150000,13.300000,13.400000,10.805323,249100
2016-11-18,13.500000,14.150000,13.350000,14.050000,11.329461,294800
2016-11-21,14.200000,15.150000,14.050000,14.700000,11.853601,424300
2016-11-22,14.850000,15.150000,14.450000,14.550000,11.732647,412700
2016-11-23,14.600000,15.150000,14.400000,15.050000,12.135830,402500
2016-11-25,14.850000,15.150000,14.500000,14.500000,11.692327,141400
2016-11-28,14.600000,14.850000,13.900000,14.750000,11.893920,460400
2016-11-29,14.400000,14.700000,14.300000,14.400000,11.611691,450300
2016-11-30,15.000000,15.750000,14.850000,15.350000,12.377739,610900
2016-12-01,15.550000,15.850000,15.150000,15.200000,12.256785,586600
2016-12-02,15.150000,15.650000,15.000000,15.550000,12.539014,401100
2016-12-05,15.650000,15.950000,15.500000,15.750000,12.700286,455600
2016-12-06,15.750000,16.350000,15.500000,16.100000,12.982517,400300
2016-12-07,16.100000,16.299999,15.250000,15.800000,12.740605,355800
2016-12-08,15.650000,16.299999,15.550000,16.049999,12.942198,389500
2016-12-09,16.100000,16.100000,15.350000,15.650000,12.619649,433200
2016-12-12,15.650000,15.730000,14.900000,15.250000,12.297103,835100
2016-12-13,15.350000,15.350000,14.650000,15.100000,12.176148,579400
2016-12-14,15.050000,15.150000,14.480000,14.700000,11.853601,452900
2016-12-15,14.550000,14.950000,14.300000,14.500000,11.692327,516000
2016-12-16,14.830000,15.400000,14.550000,15.200000,12.256785,2200800
2016-12-19,15.250000,15.300000,14.650000,14.850000,11.974556,451300
2016-12-20,14.850000,15.150000,14.600000,14.750000,11.893920,301600
2016-12-21,14.750000,14.800000,14.400000,14.600000,11.772964,338500
2016-12-22,14.600000,15.000000,14.350000,14.800000,11.934238,309600
2016-12-23,14.900000,15.000000,14.000000,14.500000,11.692327,406400
2016-12-27,14.550000,14.600000,14.050000,14.200000,11.450417,280800
2016-12-28,14.200000,14.300000,14.050000,14.200000,11.450417,194200
2016-12-29,14.100000,14.200000,13.800000,13.950000,11.248826,461800
2016-12-30,13.950000,14.480000,13.850000,14.450000,11.652009,381600
2017-01-03,14.500000,14.750000,14.250000,14.400000,11.611691,301500
2017-01-04,14.500000,14.900000,14.350000,14.800000,11.934238,358700
2017-01-05,14.850000,15.250000,14.800000,15.050000,12.135830,387000
2017-01-06,15.050000,15.400000,14.850000,15.250000,12.297103,283900
2017-01-09,15.100000,15.500000,14.950000,15.200000,12.256785,245700
2017-01-10,15.100000,15.280000,14.750000,14.800000,11.934238,288100
2017-01-11,14.950000,15.380000,14.700000,15.250000,12.297103,232900
2017-01-12,15.300000,15.450000,15.100000,15.250000,12.297103,287300
2017-01-13,15.250000,15.500000,15.180000,15.250000,12.297103,253400
2017-01-17,15.300000,16.200001,15.300000,15.900000,12.821240,1331000
2017-01-18,15.850000,16.700001,15.560000,16.500000,13.305064,530300
2017-01-19,16.450001,17.600000,16.400000,17.250000,13.909839,640700
2017-01-20,17.400000,17.650000,16.879999,17.049999,13.748564,441500
2017-01-23,17.049999,18.250000,17.049999,17.600000,14.192066,658900
2017-01-24,17.650000,19.750000,17.600000,19.200001,15.482255,1147100
2017-01-25,19.450001,19.900000,18.400000,18.650000,15.038752,887200
2017-01-26,18.950001,19.299999,18.450001,18.750000,15.119389,424700
2017-01-27,18.600000,19.299999,18.549999,18.600000,14.998429,443200
2017-01-30,18.650000,18.750000,18.020000,18.150000,14.635565,456700
2017-01-31,18.250000,18.500000,18.000000,18.200001,14.675889,255700
2017-02-01,18.299999,18.600000,17.950001,18.500000,15.033443,293500
2017-02-02,18.500000,18.549999,17.950001,18.250000,14.830286,268000
2017-02-03,18.350000,19.250000,18.350000,18.650000,15.155332,581300
2017-02-06,18.900000,19.049999,18.650000,18.850000,15.317859,365700
2017-02-07,18.900000,19.049999,18.360001,18.500000,15.033443,254600
2017-02-08,18.250000,18.549999,18.000000,18.000000,14.627126,285100
2017-02-09,18.000000,18.500000,18.000000,18.450001,14.992805,343900
2017-02-10,18.450001,19.000000,18.150000,18.850000,15.317859,452100
2017-02-13,18.450001,19.100000,18.450001,19.000000,15.439750,247700
2017-02-14,18.950001,19.400000,18.850000,19.100000,15.521009,289800
2017-02-15,19.000000,19.400000,18.900000,19.200001,15.602272,204900
2017-02-16,19.150000,19.600000,19.000000,19.049999,15.480381,634400
2017-02-17,18.900000,19.150000,18.450001,18.650000,15.155332,303000
2017-02-21,18.650000,19.100000,18.450001,19.100000,15.521009,329600
2017-02-22,19.049999,19.450001,18.700001,19.350000,15.724164,370400
2017-02-23,19.400000,19.549999,18.600000,19.250000,15.642901,608400
2017-02-24,19.049999,19.900000,18.900000,19.150000,15.561643,653400
2017-02-27,19.100000,19.520000,18.799999,18.799999,15.277226,250400
2017-02-28,18.750000,19.049999,18.400000,18.700001,15.195962,375500
2017-03-01,18.750000,19.150000,18.650000,18.650000,15.155332,295700
2017-03-02,18.500000,18.700001,18.299999,18.450001,14.992805,523200
2017-03-03,18.450001,18.770000,18.250000,18.549999,15.074070,190100
2017-03-06,18.500000,19.000000,18.100000,18.900000,15.358489,264600
2017-03-07,18.850000,18.950001,18.250000,18.350000,14.911549,300300
2017-03-08,18.200001,18.250000,17.400000,17.500000,14.220821,598600
2017-03-09,17.049999,17.400000,16.950001,17.350000,14.098927,520300
2017-03-10,17.450001,17.799999,17.100000,17.150000,13.936406,225400
2017-03-13,17.100000,17.150000,16.650000,16.700001,13.570725,399300
2017-03-14,16.500000,16.750000,16.200001,16.350000,13.286310,408100
2017-03-15,16.450001,16.850000,16.139999,16.650000,13.530096,561700
2017-03-16,16.700001,17.100000,16.330000,16.450001,13.367572,435300
2017-03-17,16.450001,18.200001,16.400000,17.350000,14.098927,1329800
2017-03-20,17.350000,17.850000,17.350000,17.650000,14.342712,291100
2017-03-21,17.549999,17.770000,16.799999,16.900000,13.733246,460400
2017-03-22,16.850000,17.100000,16.680000,16.799999,13.651992,234000
2017-03-23,16.799999,17.230000,16.799999,16.900000,13.733246,121600
2017-03-24,16.950001,17.350000,16.799999,17.049999,13.855143,375500
2017-03-27,16.799999,17.000000,16.650000,16.700001,13.570725,187300
2017-03-28,16.799999,17.549999,16.799999,17.500000,14.220821,180600
2017-03-29,17.500000,17.750000,17.250000,17.549999,14.261452,186200
2017-03-30,17.600000,17.870001,17.500000,17.700001,14.383346,185300
2017-03-31,17.600000,17.700001,17.500000,17.549999,14.261452,273400
2017-04-03,17.549999,17.650000,17.350000,17.650000,14.342712,317200
2017-04-04,17.549999,17.900000,17.450001,17.850000,14.505239,51500
2017-04-05,17.950001,18.150000,17.500000,17.500000,14.220821,98000
2017-04-06,17.600000,18.049999,17.450001,17.750000,14.423977,191200
2017-04-07,17.799999,18.100000,17.400000,17.549999,14.261452,316500
2017-04-10,17.600000,17.950001,17.400000,17.750000,14.423977,291800
2017-04-11,17.799999,17.950001,17.549999,17.700001,14.383346,75300
2017-04-12,17.650000,17.950001,17.049999,17.299999,14.058299,329400
2017-04-13,17.350000,17.500000,16.700001,16.900000,13.733246,256400
2017-04-17,16.900000,17.049999,16.650000,16.799999,13.651992,158800
2017-04-18,16.700001,17.100000,16.400000,16.900000,13.733246,260900
2017-04-19,16.900000,17.000000,16.250000,16.250000,13.205048,337300
2017-04-20,16.150000,16.850000,16.049999,16.799999,13.651992,394200
2017-04-21,16.700001,16.799999,16.450001,16.500000,13.408203,198600
2017-04-24,16.500000,16.900000,16.500000,16.600000,13.489465,125200
2017-04-25,16.600000,17.020000,16.400000,16.950001,13.773880,223900
2017-04-26,16.900000,17.129999,16.750000,16.799999,13.651992,182300
2017-04-27,16.700001,17.049999,16.670000,17.000000,13.814510,212900
2017-04-28,17.000000,17.250000,16.600000,16.700001,13.570725,205700
2017-05-01,16.750000,16.750000,16.250000,16.549999,13.448833,147600
2017-05-02,16.650000,16.900000,16.400000,16.450001,13.367572,144900
2017-05-03,16.350000,16.549999,16.200001,16.350000,13.400357,189600
2017-05-04,16.200001,16.350000,15.680000,15.850000,12.990560,516900
2017-05-05,15.800000,17.450001,15.650000,16.850000,13.810152,312700
2017-05-08,16.850000,16.850000,16.400000,16.500000,13.523296,190800
2017-05-09,16.549999,16.750000,16.200001,16.549999,13.564274,186500
2017-05-10,16.650000,17.100000,16.350000,16.850000,13.810152,207000
2017-05-11,17.000000,17.200001,16.700001,16.799999,13.769176,253000
2017-05-12,16.799999,16.950001,16.600000,16.850000,13.810152,146100
2017-05-15,17.400000,17.700001,16.799999,17.049999,13.974072,228000
2017-05-16,17.150000,17.150000,16.500000,16.700001,13.687212,187100
2017-05-17,16.650000,16.650000,16.100000,16.250000,13.318398,326500
2017-05-18,16.250000,16.700001,15.850000,15.850000,12.990560,495500
2017-05-19,16.049999,16.400000,15.750000,15.900000,13.031537,254400
2017-05-22,15.950000,16.500000,15.700000,16.100000,13.195458,338400
2017-05-23,16.049999,16.200001,15.700000,16.049999,13.154478,178600
2017-05-24,16.049999,16.059999,15.450000,15.800000,12.949580,374900
2017-05-25,15.650000,16.549999,15.560000,16.450001,13.482314,549800
2017-05-26,16.549999,16.799999,16.299999,16.450001,13.482314,152100
2017-05-30,16.400000,16.500000,15.250000,15.450000,12.662722,390400
2017-05-31,15.350000,15.580000,15.050000,15.200000,12.457823,334900
2017-06-01,15.200000,15.850000,15.200000,15.800000,12.949580,167200
2017-06-02,15.650000,16.250000,15.570000,16.150000,13.236434,732800
2017-06-05,15.950000,16.430000,15.950000,16.200001,13.277416,263100
2017-06-06,16.049999,16.299999,15.900000,16.100000,13.195458,307900
2017-06-07,16.100000,16.299999,15.600000,15.700000,12.867620,425300
2017-06-08,15.600000,15.900000,15.450000,15.500000,12.703700,271400
2017-06-09,15.400000,15.730000,14.850000,15.400000,12.621740,939200
2017-06-12,15.650000,15.900000,15.300000,15.500000,12.703700,471500
2017-06-13,15.400000,15.900000,15.300000,15.550000,12.744682,313900
2017-06-14,15.500000,15.500000,14.550000,14.950000,12.252924,927400
2017-06-15,14.750000,14.860000,14.150000,14.300000,11.720187,540300
2017-06-16,14.350000,14.800000,14.200000,14.650000,12.007047,476000
2017-06-19,14.700000,14.950000,14.400000,14.550000,11.925088,345700
2017-06-20,14.300000,14.550000,14.050000,14.200000,11.638227,445900
2017-06-21,14.250000,14.450000,14.050000,14.050000,11.515290,316400
2017-06-22,14.200000,14.600000,14.050000,14.150000,11.597249,588700
2017-06-23,14.250000,14.900000,14.180000,14.550000,11.925088,305900
2017-06-26,14.650000,14.750000,14.150000,14.500000,11.884108,414000
2017-06-27,14.650000,14.750000,14.250000,14.550000,11.925088,433100
2017-06-28,14.550000,15.350000,14.550000,15.250000,12.498805,275400
2017-06-29,15.300000,16.200001,15.300000,16.100000,13.195458,555900
2017-06-30,16.100000,16.200001,15.300000,15.350000,12.580762,404200
2017-07-03,15.550000,18.400000,15.550000,17.950001,14.711705,1238100
2017-07-05,17.900000,17.950001,16.600000,17.150000,14.056031,590200
2017-07-06,17.200001,17.350000,16.549999,16.650000,13.646234,307000
2017-07-07,16.600000,16.900000,15.880000,16.250000,13.318398,509700
2017-07-10,16.400000,16.549999,15.900000,16.100000,13.195458,204300
2017-07-11,16.100000,16.299999,15.950000,16.299999,13.359374,168100
2017-07-12,16.500000,16.750000,15.850000,16.000000,13.113498,175200
2017-07-13,16.150000,16.850000,16.059999,16.700001,13.687212,163900
2017-07-14,16.799999,16.900000,16.500000,16.799999,13.769176,109000
2017-07-17,16.799999,17.400000,16.799999,17.200001,14.097011,267600
2017-07-18,17.200001,17.600000,17.200001,17.299999,14.178970,162000
2017-07-19,17.350000,17.500000,17.250000,17.400000,14.260929,264000
2017-07-20,17.450001,17.549999,17.200001,17.299999,14.178970,196500
2017-07-21,17.250000,17.549999,17.200001,17.299999,14.178970,274800
2017-07-24,17.350000,18.000000,17.250000,17.850000,14.629749,334200
2017-07-25,18.100000,18.650000,18.000000,18.350000,15.039546,818400
2017-07-26,18.500000,18.500000,18.200001,18.250000,14.957584,109600
2017-07-27,18.500000,19.100000,18.400000,18.850000,15.449339,377300
2017-07-28,18.950001,19.020000,18.650000,18.900000,15.490321,375700
2017-07-31,19.000000,19.049999,18.700001,18.850000,15.449339,324600
2017-08-01,18.750000,19.000000,18.650000,18.950001,15.531301,260800
2017-08-02,18.900000,18.900000,17.049999,17.900000,14.779920,534300
2017-08-03,17.650000,18.600000,17.150000,17.700001,14.614779,481900
2017-08-04,17.600000,18.500000,17.600000,18.250000,15.068913,199100
2017-08-07,18.049999,18.500000,18.000000,18.450001,15.234050,307900
2017-08-08,18.299999,18.549999,17.650000,17.799999,14.697346,227900
2017-08-09,17.750000,18.299999,17.450001,17.900000,14.779920,223600
2017-08-10,18.000000,18.200001,17.650000,17.700001,14.614779,142300
2017-08-11,17.450001,18.350000,17.250000,18.200001,15.027629,337800
2017-08-14,18.100000,18.600000,18.100000,18.250000,15.068913,298500
2017-08-15,18.100000,18.250000,17.400000,17.500000,14.449641,207300
2017-08-16,17.549999,17.900000,17.100000,17.200001,14.201934,236800
2017-08-17,17.150000,17.850000,16.900000,16.950001,13.995509,246000
2017-08-18,16.900000,17.200001,16.750000,16.850000,13.912939,190600
2017-08-21,16.799999,17.000000,16.450001,16.799999,13.871657,131900
2017-08-22,16.900000,17.150000,16.650000,16.799999,13.871657,136600
2017-08-23,16.650000,17.400000,16.500000,17.100000,14.119364,162700
2017-08-24,17.049999,17.350000,16.990000,17.250000,14.243217,70800
2017-08-25,17.250000,17.450001,16.950001,17.400000,14.367071,116500
2017-08-28,17.400000,17.549999,17.049999,17.049999,14.078077,101600
2017-08-29,17.049999,17.350000,17.000000,17.200001,14.201934,110400
2017-08-30,17.150000,17.200001,16.950001,17.100000,14.119364,72800
2017-08-31,17.150000,17.250000,17.000000,17.000000,14.036794,91400
2017-09-01,17.000000,17.250000,17.000000,17.100000,14.119364,93600
2017-09-05,17.150000,17.250000,16.650000,16.900000,13.954222,211200
2017-09-06,17.049999,17.200001,16.900000,17.049999,14.078077,123100
2017-09-07,17.100000,17.100000,16.750000,16.900000,13.954222,120400
2017-09-08,16.850000,17.049999,16.700001,16.950001,13.995509,91500
2017-09-11,17.100000,17.250000,16.750000,16.950001,13.995509,180900
2017-09-12,17.100000,17.200001,16.850000,16.900000,13.954222,260200
2017-09-13,17.100000,17.250000,16.950001,17.049999,14.078077,159400
2017-09-14,17.200001,17.200001,16.900000,17.049999,14.078077,124600
2017-09-15,17.049999,17.150000,16.900000,17.000000,14.036794,114800
2017-09-18,16.900000,17.250000,16.850000,17.100000,14.119364,103000
2017-09-19,17.100000,17.200001,17.000000,17.100000,14.119364,284300
2017-09-20,17.100000,17.450001,17.049999,17.250000,14.243217,87700
2017-09-21,17.200001,17.350000,16.700001,17.100000,14.119364,125700
2017-09-22,17.200001,17.250000,17.150000,17.150000,14.160645,92200
2017-09-25,17.150000,17.600000,17.150000,17.350000,14.325787,126400
2017-09-26,17.450001,17.650000,17.150000,17.549999,14.490924,102600
2017-09-27,17.500000,17.600000,17.250000,17.350000,14.325787,126900
2017-09-28,17.400000,17.500000,17.150000,17.350000,14.325787,98800
2017-09-29,17.549999,18.299999,17.320000,17.799999,14.697346,655300
2017-10-02,17.600000,18.020000,17.450001,17.700001,14.614779,102200
2017-10-03,17.650000,17.900000,17.549999,17.750000,14.656063,64200
2017-10-04,17.700001,18.200001,17.600000,18.100000,14.945061,177200
2017-10-05,18.100000,18.299999,17.950001,18.250000,15.068913,116100
2017-10-06,18.049999,18.400000,17.950001,18.350000,15.151484,169500
2017-10-09,18.250000,18.450001,18.200001,18.400000,15.192765,85800
2017-10-10,18.450001,18.549999,18.200001,18.350000,15.151484,177900
2017-10-11,18.299999,18.549999,18.299999,18.549999,15.316617,112700
2017-10-12,18.400000,18.600000,18.350000,18.500000,15.275336,115800
2017-10-13,18.600000,18.700001,18.250000,18.299999,15.110192,55400
2017-10-16,18.299999,18.500000,18.250000,18.350000,15.151484,106100
2017-10-17,18.400000,18.400000,17.799999,18.049999,14.903771,150000
2017-10-18,18.100000,18.150000,17.500000,17.900000,14.779920,159000
2017-10-19,17.799999,17.950001,17.600000,17.850000,14.738635,123900
2017-10-20,17.850000,18.150000,17.799999,18.049999,14.903771,121500
2017-10-23,18.150000,18.200001,17.500000,17.700001,14.614779,453300
2017-10-24,17.799999,18.000000,17.400000,17.600000,14.532210,294400
2017-10-25,17.600000,17.600000,17.000000,17.049999,14.078077,236500
2017-10-26,17.150000,17.450001,16.950001,17.150000,14.160645,265300
2017-10-27,17.150000,17.850000,17.000000,17.700001,14.614779,235400
2017-10-30,17.750000,17.900000,17.200001,17.400000,14.367071,142500
2017-10-31,17.400000,17.450001,17.049999,17.250000,14.243217,212100
2017-11-01,17.250000,17.700001,17.150000,17.500000,14.449641,164700
2017-11-02,17.350000,17.549999,16.900000,17.000000,14.149995,316700
2017-11-03,16.900000,17.600000,16.850000,17.450001,14.524554,165500
2017-11-06,17.450001,18.400000,17.450001,18.299999,15.232051,278200
2017-11-07,18.200001,18.400000,17.850000,18.049999,15.023962,328000
2017-11-08,17.900000,18.000000,17.400000,17.549999,14.607788,129400
2017-11-09,18.000000,18.500000,17.299999,18.049999,15.023962,301500
2017-11-10,18.100000,18.299999,17.680000,18.000000,14.982345,169900
2017-11-13,18.000000,18.150000,17.549999,17.650000,14.691022,115600
2017-11-14,17.650000,17.650000,17.059999,17.100000,14.233230,229200
2017-11-15,17.150000,17.549999,17.049999,17.500000,14.566169,234900
2017-11-16,17.500000,17.600000,17.150000,17.250000,14.358083,129000
2017-11-17,17.250000,17.379999,16.900000,17.250000,14.358083,209700
2017-11-20,17.049999,17.350000,16.750000,17.150000,14.274846,274100
2017-11-21,17.250000,17.700001,17.049999,17.200001,14.316463,278200
2017-11-22,17.200001,17.450001,17.049999,17.200001,14.316463,153100
2017-11-24,17.250000,17.450001,17.180000,17.250000,14.358083,32500
2017-11-27,17.100000,17.600000,17.080000,17.500000,14.566169,197500
2017-11-28,17.600000,18.200001,17.500000,18.049999,15.023962,287800
2017-11-29,18.000000,18.200001,17.700001,18.100000,15.065583,152300
2017-11-30,18.200001,18.400000,17.950001,18.049999,15.023962,263400
2017-12-01,18.200001,18.200001,17.799999,18.000000,14.982345,125000
2017-12-04,17.750000,18.100000,17.650000,17.950001,14.940733,320200
2017-12-05,18.000000,18.049999,17.850000,17.950001,14.940733,73900
2017-12-06,17.850000,18.150000,17.600000,17.799999,14.815877,182200
2017-12-07,17.700001,18.150000,17.549999,18.100000,15.065583,274700
2017-12-08,18.150000,18.250000,17.750000,17.799999,14.815877,242000
2017-12-11,17.950001,18.700001,17.700001,18.549999,15.440141,473200
2017-12-12,18.500000,18.600000,18.250000,18.549999,15.440141,373400
2017-12-13,18.450001,19.000000,18.400000,18.750000,15.606610,363500
2017-12-14,18.850000,19.750000,18.799999,19.450001,16.189259,430400
2017-12-15,19.500000,19.799999,19.100000,19.299999,16.064402,276900
2017-12-18,19.549999,19.799999,19.400000,19.500000,16.230873,207000
2017-12-19,19.500000,20.400000,19.450001,19.750000,16.438967,510800
2017-12-20,19.700001,20.350000,19.400000,20.150000,16.771904,505000
2017-12-21,19.750000,19.980000,19.600000,19.750000,16.438967,270300
2017-12-22,19.750000,20.200001,19.750000,20.049999,16.688669,149000
2017-12-26,19.950001,20.049999,19.700001,19.750000,16.438967,132500
2017-12-27,19.850000,20.049999,19.770000,19.850000,16.522202,251300
2017-12-28,19.799999,20.299999,19.500000,20.100000,16.730286,279500
2017-12-29,20.049999,20.299999,19.830000,20.150000,16.771904,186200
2018-01-02,20.299999,20.549999,20.100000,20.400000,16.979988,292800
2018-01-03,20.450001,20.850000,20.299999,20.500000,17.063229,200700
2018-01-04,20.500000,20.850000,20.400000,20.549999,17.104841,257700
2018-01-05,20.700001,20.750000,20.400000,20.500000,17.063229,171600
2018-01-08,20.400000,20.950001,20.200001,20.700001,17.229698,269200
2018-01-09,20.549999,20.750000,20.200001,20.600000,17.146461,246400
2018-01-10,20.549999,20.600000,20.299999,20.500000,17.063229,208400
2018-01-11,20.500000,20.900000,20.299999,20.650000,17.188082,182800
2018-01-12,20.750000,21.400000,20.450001,21.250000,17.687492,336600
2018-01-16,21.200001,21.500000,21.000000,21.200001,17.645876,341100
2018-01-17,21.100000,21.150000,20.700001,20.850000,17.354551,132700
2018-01-18,20.799999,20.950001,20.549999,20.600000,17.146461,140400
2018-01-19,20.700001,21.299999,20.600000,21.049999,17.521023,103200
2018-01-22,20.850000,21.250000,20.850000,21.250000,17.687492,73100
2018-01-23,21.500000,21.650000,21.049999,21.250000,17.687492,169000
2018-01-24,20.950001,21.299999,19.700001,20.450001,17.021608,563800
2018-01-25,20.250000,20.629999,19.799999,20.250000,16.855139,261200
2018-01-26,20.450001,20.549999,19.950001,20.299999,16.896755,280100
2018-01-29,20.049999,20.200001,19.700001,19.850000,16.522202,215700
2018-01-30,20.000000,20.000000,19.299999,19.700001,16.397346,179400
2018-01-31,19.700001,19.850000,19.450001,19.750000,16.438967,180800
2018-02-01,19.549999,20.100000,19.500000,20.000000,16.765902,173800
2018-02-02,19.850000,20.150000,19.400000,19.500000,16.346750,250000
2018-02-05,19.350000,19.450001,18.549999,19.150000,16.053349,401700
2018-02-06,18.950001,19.250000,18.549999,19.000000,15.927603,154100
2018-02-07,18.950001,19.299999,18.549999,18.600000,15.592284,137200
2018-02-08,18.450001,19.250000,18.350000,18.350000,15.382713,223700
2018-02-09,18.350000,18.450001,17.750000,18.350000,15.382713,303000
2018-02-12,18.600000,19.299999,18.600000,19.250000,16.137177,134200
2018-02-13,19.250000,19.299999,18.549999,18.650000,15.634199,110700
2018-02-14,18.650000,19.150000,18.600000,19.000000,15.927603,89300
2018-02-15,19.049999,19.200001,18.600000,19.100000,16.011433,90200
2018-02-16,19.100000,19.100000,18.700001,18.799999,15.759945,120400
2018-02-20,18.850000,19.250000,18.799999,18.950001,15.885689,241100
2018-02-21,18.950001,19.200001,18.549999,18.650000,15.634199,121000
2018-02-22,18.950001,19.450001,18.200001,18.200001,15.256970,242900
2018-02-23,18.350000,19.200001,18.250000,19.100000,16.011433,287500
2018-02-26,19.000000,19.200001,18.799999,18.950001,15.885689,148700
2018-02-27,19.150000,19.350000,18.680000,18.750000,15.718030,219300
2018-02-28,18.750000,19.049999,18.200001,18.500000,15.508456,300400
2018-03-01,18.500000,19.049999,18.450001,18.750000,15.718030,216600
2018-03-02,18.700001,18.700001,18.350000,18.650000,15.634199,149100
2018-03-05,18.600000,18.950001,18.500000,18.600000,15.592284,145700
2018-03-06,18.700001,18.850000,18.549999,18.600000,15.592284,79800
2018-03-07,18.500000,18.799999,18.400000,18.650000,15.634199,103300
2018-03-08,19.000000,19.250000,18.600000,18.750000,15.718030,421200
2018-03-09,19.000000,19.049999,18.650000,18.850000,15.801855,335900
2018-03-12,18.850000,19.350000,18.850000,19.200001,16.095264,156500
2018-03-13,19.299999,19.450001,19.299999,19.400000,16.262920,98500
2018-03-14,19.350000,19.450001,19.150000,19.299999,16.179092,156900
2018-03-15,19.299999,19.350000,18.900000,18.900000,15.843775,280700
2018-03-16,18.900000,19.299999,18.900000,19.000000,15.927603,247100
2018-03-19,19.000000,19.100000,18.480000,18.600000,15.592284,224400
2018-03-20,18.600000,18.700001,18.299999,18.400000,15.424625,167800
2018-03-21,18.600000,19.090000,18.600000,18.750000,15.718030,220000
2018-03-22,18.500000,18.799999,18.450001,18.549999,15.550371,173900
2018-03-23,18.500000,18.680000,18.200001,18.350000,15.382713,144300
2018-03-26,18.549999,18.750000,17.900000,18.250000,15.298883,197300
2018-03-27,18.200001,18.400000,17.600000,17.799999,14.921647,200500
2018-03-28,17.799999,18.150000,17.750000,17.799999,14.921647,116300
2018-03-29,17.799999,18.000000,17.700001,17.900000,15.005477,184100
2018-04-02,17.900000,18.100000,17.200001,17.400000,14.586331,145800
2018-04-03,17.500000,18.250000,17.150000,18.200001,15.256970,165200
2018-04-04,17.950001,17.950001,17.540001,17.850000,14.963565,187000
2018-04-05,17.950001,18.400000,17.950001,18.299999,15.340796,224000
2018-04-06,18.250000,18.250000,17.750000,17.950001,15.047393,101800
2018-04-09,17.850000,18.400000,17.850000,18.000000,15.089309,75900
2018-04-10,18.400000,18.450001,18.049999,18.150000,15.215055,121500
2018-04-11,18.100000,18.299999,18.049999,18.200001,15.256970,71300
2018-04-12,18.150000,18.299999,18.049999,18.150000,15.215055,95900
2018-04-13,18.200001,18.299999,17.750000,18.200001,15.256970,76500
2018-04-16,18.250000,18.450001,18.000000,18.250000,15.298883,123400
2018-04-17,18.299999,18.450001,18.200001,18.350000,15.382713,91600
2018-04-18,18.350000,18.650000,18.200001,18.549999,15.550371,172400
2018-04-19,18.549999,18.650000,18.400000,18.549999,15.550371,122900
2018-04-20,18.549999,18.799999,18.549999,18.700001,15.676116,165400
2018-04-23,18.700001,18.700001,18.549999,18.650000,15.634199,59900
2018-04-24,18.700001,18.799999,18.250000,18.400000,15.424625,136100
2018-04-25,18.450001,18.450001,18.000000,18.200001,15.256970,145900
2018-04-26,18.299999,18.600000,18.200001,18.350000,15.382713,143800
2018-04-27,18.400000,18.600000,18.200001,18.350000,15.382713,75500
2018-04-30,18.200001,18.500000,18.100000,18.250000,15.298883,148500
2018-05-01,18.200001,18.400000,18.100000,18.250000,15.298883,35700
2018-05-02,18.100000,18.299999,18.000000,18.049999,15.131225,98700
2018-05-03,17.900000,18.000000,17.200001,17.500000,14.784836,310100
2018-05-04,17.450001,17.950001,17.400000,17.750000,14.996046,138100
2018-05-07,17.850000,18.049999,17.799999,17.900000,15.122776,118700
2018-05-08,17.850000,18.100000,17.750000,18.049999,15.249499,124600
2018-05-09,18.200001,18.350000,17.850000,17.950001,15.165018,194800
2018-05-10,17.950001,18.049999,17.700001,17.950001,15.165018,120200
2018-05-11,17.900000,18.049999,17.700001,17.750000,14.996046,92200
2018-05-14,17.750000,18.150000,17.750000,17.900000,15.122776,105500
2018-05-15,17.799999,18.150000,17.549999,17.650000,14.911564,256400
2018-05-16,17.650000,18.100000,17.650000,17.950001,15.165018,184800
2018-05-17,17.750000,18.100000,17.600000,18.049999,15.249499,716900
2018-05-18,17.900000,18.100000,17.750000,17.950001,15.165018,203000
2018-05-21,17.950001,18.100000,17.430000,17.549999,14.827077,280800
2018-05-22,17.500000,17.700001,17.350000,17.500000,14.784836,322100
2018-05-23,17.500000,17.900000,17.400000,17.750000,14.996046,180100
2018-05-24,17.450001,17.900000,17.250000,17.750000,14.996046,250800
2018-05-25,17.600000,17.799999,17.480000,17.750000,14.996046,102000
2018-05-29,17.600000,17.850000,17.299999,17.549999,14.827077,128600
2018-05-30,17.650000,17.850000,17.600000,17.799999,15.038288,152200
2018-05-31,17.700001,17.750000,17.299999,17.299999,14.615866,101700
2018-06-01,17.450001,17.600000,17.250000,17.250000,14.573621,92200
2018-06-04,17.350000,17.500000,17.200001,17.250000,14.573621,101900
2018-06-05,17.250000,17.350000,17.049999,17.150000,14.489140,120900
2018-06-06,17.200001,17.450001,17.100000,17.200001,14.531384,198300
2018-06-07,17.350000,17.650000,17.200001,17.299999,14.615866,155600
2018-06-08,17.350000,17.420000,17.049999,17.100000,14.446897,157900
2018-06-11,17.100000,17.549999,16.750000,17.200001,14.531384,311700
2018-06-12,17.200001,17.450001,16.900000,17.000000,14.362411,141300
2018-06-13,16.950001,17.100000,16.700001,17.049999,14.404655,225900
2018-06-14,16.950001,17.100000,16.850000,17.000000,14.362411,136000
2018-06-15,16.850000,16.950001,16.700001,16.850000,14.235685,297500
2018-06-18,16.750000,17.299999,16.650000,17.150000,14.489140,213500
2018-06-19,16.950001,17.150000,16.799999,16.900000,14.277925,135100
2018-06-20,17.000000,17.049999,16.500000,16.700001,14.108958,1231800
2018-06-21,16.700001,16.900000,16.250000,16.900000,14.277925,635200
2018-06-22,17.000000,17.100000,16.700001,16.750000,14.151201,219100
2018-06-25,16.850000,16.850000,16.200001,16.299999,13.771017,205800
2018-06-26,16.299999,16.350000,15.800000,15.800000,13.348595,563400
2018-06-27,16.000000,16.730000,16.000000,16.350000,13.813261,318500
2018-06-28,16.350000,16.750000,16.250000,16.549999,13.982228,208500
2018-06-29,16.600000,16.900000,16.500000,16.850000,14.235685,104900
2018-07-02,16.850000,16.900000,16.450001,16.500000,13.939987,160900
2018-07-03,16.700001,17.150000,16.549999,16.549999,13.982228,103900
2018-07-05,16.650000,16.900000,16.500000,16.650000,14.066714,139700
2018-07-06,16.700001,16.780001,16.549999,16.700001,14.108958,85500
2018-07-09,16.750000,17.049999,16.650000,16.750000,14.151201,175900
2018-07-10,16.750000,16.830000,16.600000,16.650000,14.066714,165600
2018-07-11,16.600000,16.700001,16.270000,16.400000,13.855502,124300
2018-07-12,16.450001,16.799999,16.350000,16.400000,13.855502,250900
2018-07-13,17.000000,17.000000,16.400000,16.500000,13.939987,171600
2018-07-16,16.549999,16.559999,16.150000,16.200001,13.686535,117000
2018-07-17,16.200001,16.400000,16.100000,16.299999,13.771017,89100
2018-07-18,16.400000,16.430000,16.200001,16.400000,13.855502,261400
2018-07-19,16.400000,17.299999,16.400000,16.549999,13.982228,301300
2018-07-20,16.600000,16.900000,16.250000,16.400000,13.855502,177500
2018-07-23,16.299999,16.549999,16.250000,16.400000,13.855502,120700
2018-07-24,16.400000,16.700001,16.350000,16.500000,13.939987,121700
2018-07-25,16.450001,16.770000,16.450001,16.700001,14.108958,101900
2018-07-26,16.700001,16.799999,16.400000,16.500000,13.939987,159800
2018-07-27,16.650000,16.650000,16.049999,16.250000,13.728777,158100
2018-07-30,16.250000,16.500000,16.150000,16.400000,13.855502,160100
2018-07-31,16.350000,16.600000,15.950000,16.000000,13.517564,181800
2018-08-01,16.000000,16.049999,15.650000,15.900000,13.433078,358800
2018-08-02,15.700000,16.400000,15.660000,16.350000,13.935968,294000
2018-08-03,16.350000,16.879999,16.350000,16.700001,14.234292,193300
2018-08-06,16.549999,16.799999,16.299999,16.400000,13.978585,120300
2018-08-07,16.700001,16.799999,16.299999,16.299999,13.893349,185600
2018-08-08,16.299999,16.450001,16.150000,16.250000,13.850733,271100
2018-08-09,16.299999,16.450001,16.100000,16.350000,13.935968,200700
2018-08-10,16.250000,16.850000,16.000000,16.600000,14.149055,519700
2018-08-13,16.549999,16.799999,16.350000,16.400000,13.978585,220000
2018-08-14,16.450001,16.900000,16.450001,16.750000,14.276909,82600
2018-08-15,16.549999,16.700001,15.950000,16.150000,13.765495,132600
2018-08-16,16.150000,16.350000,15.900000,16.000000,13.637644,116800
2018-08-17,16.000000,16.150000,15.850000,15.950000,13.595026,1216100
2018-08-20,15.950000,16.450001,15.950000,16.350000,13.935968,103200
2018-08-21,16.400000,16.600000,16.200001,16.200001,13.808117,94900
2018-08-22,16.250000,16.500000,16.200001,16.250000,13.850733,105200
2018-08-23,16.250000,16.299999,16.000000,16.100000,13.722880,202200
2018-08-24,16.100000,16.299999,15.950000,16.000000,13.637644,185400
2018-08-27,16.000000,16.250000,15.950000,16.000000,13.637644,205500
2018-08-28,16.000000,16.100000,15.750000,15.900000,13.552408,324200
2018-08-29,15.850000,16.270000,15.750000,15.900000,13.552408,315200
2018-08-30,15.900000,16.000000,15.750000,15.850000,13.509791,164500
2018-08-31,15.950000,16.000000,15.650000,15.750000,13.424557,234600
2018-09-04,15.650000,15.800000,15.400000,15.450000,13.168851,252800
2018-09-05,15.450000,15.450000,15.300000,15.400000,13.126233,232800
2018-09-06,15.500000,15.500000,15.050000,15.250000,12.998379,407300
2018-09-07,15.150000,15.300000,15.000000,15.100000,12.870527,235300
2018-09-10,15.100000,15.250000,14.950000,15.000000,12.785291,187000
2018-09-11,15.000000,15.250000,14.900000,15.150000,12.913143,246800
2018-09-12,15.200000,15.250000,15.000000,15.050000,12.827909,213200
2018-09-13,15.100000,15.450000,14.900000,15.000000,12.785291,285200
2018-09-14,15.100000,15.300000,14.700000,15.000000,12.785291,432600
2018-09-17,14.950000,15.150000,14.900000,14.950000,12.742674,1102100
2018-09-18,15.000000,15.300000,14.850000,14.950000,12.742674,270800
2018-09-19,15.000000,15.300000,14.850000,14.950000,12.742674,238000
2018-09-20,14.950000,15.150000,14.800000,14.850000,12.657437,296400
2018-09-21,14.900000,15.150000,14.850000,15.100000,12.870527,383800
2018-09-24,15.300000,15.400000,15.100000,15.350000,13.083614,454200
2018-09-25,15.300000,15.400000,15.050000,15.050000,12.827909,425700
2018-09-26,15.100000,15.350000,14.950000,15.050000,12.827909,551800
2018-09-27,15.200000,15.850000,15.050000,15.800000,13.467173,417000
2018-09-28,15.850000,16.799999,15.800000,16.700001,14.234292,564700
2018-10-01,16.820000,17.320000,16.750000,17.180000,14.643420,513100
2018-10-02,17.180000,17.500000,16.790001,16.870001,14.379191,505500
2018-10-03,16.809999,17.219999,16.629999,17.070000,14.549661,465100
2018-10-04,17.070000,17.100000,16.370001,16.469999,14.038250,321300
2018-10-05,16.549999,16.700001,16.100000,16.350000,13.935968,407500
2018-10-08,16.240000,16.360001,16.190001,16.350000,13.935968,200200
2018-10-09,16.400000,16.400000,16.170000,16.299999,13.893349,176100
2018-10-10,16.219999,16.240000,15.450000,15.600000,13.296703,496500
2018-10-11,15.350000,15.720000,15.300000,15.310000,13.049520,296000
2018-10-12,15.560000,15.620000,15.230000,15.480000,13.194420,269700
2018-10-15,15.510000,15.600000,15.320000,15.360000,13.092137,278100
2018-10-16,15.450000,15.750000,15.300000,15.660000,13.347844,245300
2018-10-17,15.710000,15.840000,15.460000,15.540000,13.245563,157600
2018-10-18,15.500000,15.760000,15.340000,15.430000,13.151803,181200
2018-10-19,15.480000,15.730000,15.300000,15.320000,13.058043,237100
2018-10-22,15.330000,15.510000,15.220000,15.290000,13.032475,203100
2018-10-23,15.210000,15.300000,15.000000,15.250000,12.998379,286900
2018-10-24,15.320000,15.340000,14.650000,14.670000,12.504016,383300
2018-10-25,14.810000,14.920000,14.440000,14.530000,12.384684,588200
2018-10-26,14.400000,14.720000,14.300000,14.380000,12.256833,229000
2018-10-29,14.470000,14.700000,13.910000,14.130000,12.043744,287500
2018-10-30,14.040000,14.260000,13.910000,13.950000,11.890321,364100
2018-10-31,14.100000,14.310000,13.980000,14.210000,12.111934,424100
2018-11-01,14.260000,15.100000,14.240000,14.880000,12.809208,454100
2018-11-02,14.920000,15.130000,14.710000,14.900000,12.826424,597400
2018-11-05,15.000000,15.240000,14.760000,15.110000,13.007199,244700
2018-11-06,15.140000,15.970000,15.140000,15.700000,13.515092,297200
2018-11-07,15.960000,16.170000,15.280000,15.450000,13.299884,144900
2018-11-08,15.320000,15.400000,15.000000,15.030000,12.938333,174600
2018-11-09,14.870000,15.050000,14.750000,14.910000,12.835033,138800
2018-11-12,14.910000,14.990000,14.530000,14.550000,12.525132,170000
2018-11-13,14.550000,14.650000,13.990000,14.110000,12.146366,311400
2018-11-14,14.270000,14.500000,13.930000,14.410000,12.404616,446400
2018-11-15,14.610000,14.860000,13.130000,14.430000,12.421833,975700
2018-11-16,14.500000,14.550000,13.650000,14.250000,12.266882,603800
2018-11-19,14.010000,14.300000,13.410000,13.580000,11.690125,596200
2018-11-20,13.330000,13.340000,12.710000,12.790000,11.010065,861100
2018-11-21,12.970000,13.040000,12.200000,12.570000,10.820683,1103000
2018-11-23,12.470000,12.970000,12.360000,12.880000,11.087540,175400
2018-11-26,12.970000,13.330000,12.880000,13.090000,11.268315,449000
2018-11-27,13.110000,13.450000,12.870000,12.960000,11.156407,231500
2018-11-28,13.490000,13.640000,13.300000,13.540000,11.655690,367700
2018-11-29,13.630000,13.840000,13.500000,13.510000,11.629867,417700
2018-11-30,13.400000,13.750000,13.110000,13.540000,11.655690,332300
2018-12-03,13.840000,13.950000,13.310000,13.800000,11.879508,392900
2018-12-04,13.730000,14.180000,13.470000,13.530000,11.647083,561300
2018-12-06,13.000000,13.310000,12.580000,13.110000,11.285531,605700
2018-12-07,13.350000,13.610000,12.990000,13.090000,11.268315,338700
2018-12-10,12.900000,13.020000,12.400000,12.850000,11.061716,273600
2018-12-11,13.460000,13.520000,12.880000,12.980000,11.173624,432000
2018-12-12,13.050000,13.300000,12.880000,12.880000,11.087540,269400
2018-12-13,12.870000,13.050000,12.760000,13.000000,11.190842,277100
2018-12-14,12.950000,13.190000,12.740000,12.820000,11.035891,302600
2018-12-17,12.770000,12.840000,11.840000,12.240000,10.536605,524700
2018-12-18,12.210000,12.310000,11.800000,11.950000,10.286964,501800
2018-12-19,12.650000,13.240000,12.400000,12.510000,10.769032,1044200
2018-12-20,12.500000,12.860000,12.010000,12.160000,10.467740,775600
2018-12-21,12.150000,12.810000,11.820000,11.820000,10.175056,3147700
2018-12-24,11.770000,11.820000,11.270000,11.420000,9.830724,520200
2018-12-26,11.460000,12.110000,11.210000,12.050000,10.373049,417300
2018-12-27,11.880000,11.940000,10.910000,11.050000,9.512215,1485200
2018-12-28,11.440000,11.550000,10.780000,10.800000,9.297007,1500900
2018-12-31,10.850000,11.280000,10.850000,11.020000,9.486389,1493900
2019-01-02,10.900000,11.910000,10.740000,11.700000,10.071756,711600
2019-01-03,11.730000,11.760000,11.450000,11.600000,9.985674,530000
2019-01-04,11.790000,12.320000,11.720000,12.230000,10.527998,788300
2019-01-07,12.230000,12.830000,12.120000,12.750000,10.975634,667300
2019-01-08,12.790000,12.980000,12.710000,12.810000,11.027282,305000
2019-01-09,12.940000,13.260000,12.770000,12.780000,11.001458,439700
2019-01-10,12.690000,12.920000,12.360000,12.680000,10.915375,403800
2019-01-11,12.580000,12.720000,12.120000,12.250000,10.545216,328800
2019-01-14,12.160000,12.320000,12.060000,12.240000,10.536605,176200
2019-01-15,12.260000,12.290000,12.040000,12.260000,10.553823,198400
2019-01-16,12.290000,12.650000,12.290000,12.450000,10.717382,188200
2019-01-17,12.410000,12.650000,12.310000,12.550000,10.803465,225500
2019-01-18,12.570000,12.920000,12.570000,12.790000,11.010065,217500
2019-01-22,13.000000,13.120000,12.700000,12.930000,11.130583,522900
2019-01-23,13.020000,13.020000,12.530000,12.750000,10.975634,236200
2019-01-24,12.740000,13.230000,12.740000,13.170000,11.337182,196000
2019-01-25,13.250000,13.350000,12.940000,13.190000,11.354398,280300
2019-01-28,13.010000,13.180000,12.860000,12.960000,11.156407,175400
2019-01-29,13.000000,13.040000,12.720000,12.770000,10.992849,111200
2019-01-30,12.860000,12.870000,12.610000,12.770000,10.992849,117700
2019-01-31,12.830000,13.010000,12.670000,12.860000,11.193036,258300
2019-02-01,12.890000,13.130000,12.780000,13.100000,11.401927,202400
2019-02-04,13.100000,13.130000,12.890000,12.970000,11.288776,443500
2019-02-05,12.950000,13.160000,12.950000,12.970000,11.288776,84900
2019-02-06,13.100000,13.170000,12.780000,12.870000,11.201739,199600
2019-02-07,12.810000,12.950000,12.500000,12.570000,10.940626,246000
2019-02-08,12.560000,12.620000,12.310000,12.420000,10.810069,249800
2019-02-11,12.420000,13.030000,12.350000,12.950000,11.271369,355000
2019-02-12,13.320000,13.340000,12.750000,12.780000,11.123405,432500
2019-02-13,12.900000,12.960000,12.710000,12.750000,11.097295,227700
2019-02-14,12.750000,13.300000,12.750000,13.190000,11.480258,340100
2019-02-15,13.300000,13.580000,13.220000,13.260000,11.541186,331300
2019-02-19,13.460000,13.840000,13.110000,13.190000,11.480258,473000
2019-02-20,13.160000,13.530000,13.040000,13.450000,11.706556,682100
2019-02-21,13.720000,14.850000,13.680000,14.470000,12.594341,876800
2019-02-22,14.640000,14.640000,14.140000,14.140000,12.307117,524700
2019-02-25,14.140000,14.580000,14.140000,14.540000,12.655269,676800
2019-02-26,14.500000,14.700000,14.380000,14.520000,12.637859,553400
2019-02-27,14.520000,14.600000,14.200000,14.240000,12.394154,383000
2019-02-28,14.300000,14.510000,14.140000,14.240000,12.394154,434100
2019-03-01,14.320000,14.350000,13.790000,13.920000,12.115634,280200
2019-03-04,13.990000,14.210000,13.900000,14.180000,12.341931,296800
2019-03-05,14.180000,14.540000,14.020000,14.470000,12.594341,125000
2019-03-06,14.410000,14.500000,14.140000,14.370000,12.507303,354600
2019-03-07,14.370000,14.500000,14.110000,14.470000,12.594341,315400
2019-03-08,14.470000,14.470000,13.900000,14.000000,12.185264,580800
2019-03-11,14.000000,14.350000,14.000000,14.340000,12.481192,256000
2019-03-12,14.370000,15.030000,14.370000,14.860000,12.933788,212700
2019-03-13,14.860000,14.900000,14.600000,14.640000,12.742305,109000
2019-03-14,14.570000,14.870000,14.500000,14.730000,12.820639,248100
2019-03-15,14.680000,14.940000,14.630000,14.940000,13.003417,278200
2019-03-18,14.950000,15.130000,14.860000,14.980000,13.038232,124400
2019-03-19,15.070000,15.340000,14.750000,14.840000,12.916381,121200
2019-03-20,14.750000,15.020000,14.750000,14.960000,13.020824,92500
2019-03-21,14.930000,15.040000,14.810000,14.970000,13.029531,59500
2019-03-22,14.880000,15.030000,14.750000,14.820000,12.898973,591100
2019-03-25,14.770000,14.900000,14.500000,14.700000,12.794528,424500
2019-03-26,14.700000,14.960000,14.640000,14.860000,12.933788,316900
2019-03-27,14.800000,15.250000,14.750000,15.220000,13.247123,769300
2019-03-28,15.200000,15.390000,14.890000,14.930000,12.994714,243500
2019-03-29,15.030000,15.030000,14.590000,14.960000,13.020824,217400
2019-04-01,14.990000,15.330000,14.990000,15.200000,13.229714,115400
2019-04-02,15.180000,15.270000,15.140000,15.200000,13.229714,104100
2019-04-03,15.300000,15.470000,15.020000,15.140000,13.177494,145000
2019-04-04,15.020000,15.160000,14.780000,14.950000,13.012121,254200
2019-04-05,15.000000,15.240000,14.940000,15.190000,13.221011,180200
2019-04-08,15.190000,15.290000,15.130000,15.190000,13.221011,97800
2019-04-09,15.190000,15.250000,14.920000,15.110000,13.151380,123400
2019-04-10,15.250000,15.280000,15.100000,15.200000,13.229714,70900
2019-04-11,15.210000,15.340000,15.050000,15.240000,13.264530,72600
2019-04-12,15.330000,15.410000,15.210000,15.260000,13.281938,105700
2019-04-15,15.210000,15.410000,15.130000,15.280000,13.299344,99800
2019-04-16,15.280000,15.280000,15.140000,15.230000,13.255826,54800
2019-04-17,15.310000,15.310000,15.000000,15.040000,13.090454,91500
2019-04-18,15.000000,15.230000,14.900000,14.980000,13.038232,131100
2019-04-22,15.060000,15.150000,14.980000,15.080000,13.125269,108100
2019-04-23,15.110000,15.260000,15.060000,15.110000,13.151380,93300
2019-04-24,15.260000,15.400000,14.930000,15.050000,13.099158,314400
2019-04-25,15.070000,15.100000,14.940000,15.080000,13.125269,149100
2019-04-26,15.070000,15.080000,14.780000,14.880000,12.951196,135400
2019-04-29,14.860000,15.100000,14.700000,14.980000,13.038232,166200
2019-04-30,15.010000,15.100000,14.750000,14.790000,12.872860,131700
2019-05-01,14.840000,14.860000,14.710000,14.760000,12.846750,83300
2019-05-02,14.660000,14.920000,14.500000,14.890000,12.959898,173100
2019-05-03,14.970000,15.180000,14.930000,14.950000,13.012121,166200
2019-05-06,14.620000,14.880000,14.550000,14.780000,13.029752,104300
2019-05-07,14.660000,14.690000,14.330000,14.380000,12.677121,242200
2019-05-08,14.340000,14.550000,14.270000,14.280000,12.588963,28600
2019-05-09,14.300000,14.300000,13.890000,14.070000,12.403831,107000
2019-05-10,14.040000,14.420000,13.970000,14.350000,12.650674,45800
2019-05-13,14.190000,14.200000,13.710000,13.740000,12.112909,193500
2019-05-14,13.920000,14.100000,13.840000,13.970000,12.315673,87600
2019-05-15,13.880000,14.490000,13.880000,14.410000,12.703567,167600
2019-05-16,14.500000,14.910000,14.480000,14.700000,12.959225,85800
2019-05-17,14.590000,14.770000,14.430000,14.430000,12.721200,64400
2019-05-20,14.450000,14.590000,14.250000,14.290000,12.597777,139700
2019-05-21,14.370000,14.500000,14.190000,14.450000,12.738832,89200
2019-05-22,14.450000,14.620000,14.270000,14.330000,12.633041,184300
2019-05-23,14.200000,14.700000,13.400000,13.950000,12.298041,884200
2019-05-24,14.140000,14.420000,14.100000,14.310000,12.615411,124500
2019-05-28,14.300000,14.390000,13.920000,13.990000,12.333305,147500
2019-05-29,13.670000,13.790000,13.190000,13.720000,12.095278,348100
2019-05-30,13.660000,13.970000,13.530000,13.560000,11.954226,81700
2019-05-31,13.360000,13.390000,13.030000,13.130000,11.575145,321500
2019-06-03,13.100000,13.490000,12.950000,13.360000,11.777909,164300
2019-06-04,13.490000,13.620000,13.430000,13.520000,11.918961,211300
2019-06-05,13.420000,13.450000,13.150000,13.220000,11.654488,199300
2019-06-06,13.200000,13.390000,13.070000,13.190000,11.628039,116600
2019-06-07,13.210000,13.470000,13.180000,13.220000,11.654488,286800
2019-06-10,13.300000,13.430000,13.150000,13.350000,11.769094,140800
2019-06-11,13.400000,13.500000,13.160000,13.330000,11.751461,228200
2019-06-12,13.240000,13.440000,13.150000,13.180000,11.619226,153900
2019-06-13,13.330000,13.530000,13.180000,13.360000,11.777909,255400
2019-06-14,13.330000,13.440000,13.160000,13.310000,11.733830,232400
2019-06-17,13.310000,13.310000,13.080000,13.230000,11.663302,200800
2019-06-18,13.350000,13.590000,13.330000,13.470000,11.874884,143000
2019-06-19,13.470000,13.760000,13.380000,13.430000,11.839621,125800
2019-06-20,13.600000,13.790000,13.320000,13.400000,11.813172,170200
2019-06-21,13.360000,13.480000,13.300000,13.400000,11.813172,122800
2019-06-24,13.710000,13.710000,13.280000,13.370000,11.786724,114000
2019-06-25,13.370000,13.670000,13.300000,13.480000,11.883698,105500
2019-06-26,13.580000,13.850000,13.520000,13.700000,12.077645,87500
2019-06-27,13.700000,13.970000,13.700000,13.880000,12.236331,115400
2019-06-28,13.940000,14.310000,13.930000,14.100000,12.430278,187600
2019-07-01,14.330000,14.460000,14.150000,14.190000,12.509621,58900
2019-07-02,14.190000,14.190000,13.920000,14.060000,12.395016,38400
2019-07-03,14.060000,14.230000,14.010000,14.200000,12.518436,40500
2019-07-05,14.100000,14.330000,14.000000,14.330000,12.633041,73500
2019-07-08,14.190000,14.940000,14.190000,14.910000,13.144359,263000
2019-07-09,14.900000,15.000000,14.810000,14.880000,13.117911,164300
2019-07-10,14.880000,15.230000,14.800000,14.930000,13.161989,121200
2019-07-11,14.950000,15.120000,14.950000,15.070000,13.285411,165000
2019-07-12,15.000000,15.490000,14.880000,15.480000,13.646859,291400
2019-07-15,15.530000,15.560000,15.280000,15.390000,13.567516,227400
2019-07-16,15.400000,15.740000,15.250000,15.660000,13.805544,332600
2019-07-17,15.660000,15.800000,15.490000,15.570000,13.726201,199600
2019-07-18,15.700000,15.790000,15.430000,15.550000,13.708570,204500
2019-07-19,15.530000,15.560000,14.960000,14.970000,13.197253,104100
2019-07-22,14.990000,15.250000,14.990000,15.150000,13.355937,188600
2019-07-23,15.150000,15.300000,15.120000,15.270000,13.461727,158500
2019-07-24,15.210000,15.350000,15.050000,15.290000,13.479359,69200
2019-07-25,15.330000,15.640000,15.300000,15.550000,13.708570,213800
2019-07-26,15.360000,15.560000,15.050000,15.200000,13.400017,108700
2019-07-29,15.200000,15.200000,14.680000,14.780000,13.029752,149200
2019-07-30,14.710000,14.770000,14.400000,14.650000,12.915148,90200
2019-07-31,14.670000,14.840000,14.430000,14.460000,12.747646,98700
2019-08-01,15.110000,15.120000,14.540000,14.900000,13.135542,341700
2019-08-02,14.900000,15.000000,14.450000,14.720000,12.976857,162900
2019-08-05,14.490000,14.500000,13.960000,14.030000,12.530303,418000
2019-08-06,14.030000,14.410000,14.030000,14.270000,12.744651,209300
2019-08-07,14.240000,14.450000,13.840000,14.420000,12.878615,160200
2019-08-08,14.650000,14.860000,14.490000,14.630000,13.066169,231200
2019-08-09,14.680000,14.750000,14.050000,14.150000,12.637476,197100
2019-08-12,13.940000,14.000000,13.570000,13.580000,12.128406,168800
2019-08-13,13.540000,13.940000,13.400000,13.910000,12.423130,198300
2019-08-14,13.810000,13.810000,13.320000,13.330000,11.905128,172700
2019-08-15,13.390000,13.810000,13.260000,13.280000,11.860473,289900
2019-08-16,13.300000,13.640000,13.300000,13.490000,12.048026,221800
2019-08-19,13.600000,14.520000,13.260000,14.400000,12.860753,180600
2019-08-20,14.360000,14.530000,14.300000,14.500000,12.950065,78000
2019-08-21,14.550000,15.230000,14.550000,14.950000,13.351963,717000
2019-08-22,14.950000,15.150000,14.770000,14.840000,13.253722,150600
2019-08-23,14.740000,14.950000,14.520000,14.700000,13.128686,229400
2019-08-26,14.750000,14.800000,14.630000,14.640000,13.075101,117400
2019-08-27,14.670000,15.020000,14.630000,14.630000,13.066169,125900
2019-08-28,14.640000,14.700000,14.430000,14.430000,12.887547,187800
2019-08-29,14.680000,14.780000,14.540000,14.630000,13.066169,124200
2019-08-30,14.650000,14.800000,14.470000,14.520000,12.967928,101100
2019-09-03,14.400000,14.550000,14.070000,14.450000,12.905408,226100
2019-09-04,14.600000,14.620000,14.390000,14.500000,12.950065,198200
2019-09-05,14.680000,15.240000,14.680000,14.960000,13.360893,156200
2019-09-06,14.980000,15.200000,14.950000,15.030000,13.423411,94900
2019-09-09,15.100000,15.220000,14.980000,15.050000,13.441275,137900
2019-09-10,15.170000,15.890000,14.980000,15.890000,14.191485,488000
2019-09-11,16.000000,16.290001,15.850000,16.200001,14.468349,395600
2019-09-12,16.139999,16.370001,15.920000,16.049999,14.334381,166800
2019-09-13,16.219999,16.389999,15.960000,16.200001,14.468349,64700
2019-09-16,16.299999,16.660000,16.080000,16.160000,14.432625,269800
2019-09-17,16.040001,16.240000,15.940000,16.100000,14.379038,110600
2019-09-18,16.070000,16.270000,15.940000,15.950000,14.245070,113500
2019-09-19,15.950000,16.049999,15.770000,15.850000,14.155760,108000
2019-09-20,15.870000,15.990000,15.750000,15.790000,14.102173,164900
2019-09-23,15.800000,16.080000,15.590000,15.900000,14.200417,144700
2019-09-24,15.750000,15.890000,15.420000,15.710000,14.030725,110300
2019-09-25,15.500000,15.830000,15.410000,15.550000,13.887828,268500
2019-09-26,15.500000,15.550000,15.240000,15.470000,13.816380,113900
2019-09-27,15.330000,15.470000,15.030000,15.130000,13.512722,154000
2019-09-30,14.250000,14.250000,13.570000,13.650000,12.190923,998000
2019-10-01,13.580000,13.840000,13.330000,13.330000,11.905128,361600
2019-10-02,13.350000,13.420000,13.050000,13.300000,11.878335,305900
2019-10-03,13.300000,13.440000,12.770000,13.020000,11.628265,1169000
2019-10-04,13.000000,13.000000,12.470000,12.950000,11.565747,519900
2019-10-07,12.900000,13.360000,12.860000,13.270000,11.851542,904600
2019-10-08,13.240000,13.310000,12.910000,13.150000,11.744370,492600
2019-10-09,13.190000,13.500000,12.800000,13.350000,11.922991,501100
2019-10-10,13.500000,13.860000,13.400000,13.730000,12.262372,577100
2019-10-11,13.870000,14.100000,13.730000,13.990000,12.494579,248100
2019-10-14,13.990000,14.110000,13.850000,13.900000,12.414199,507300
2019-10-15,13.990000,14.150000,13.780000,13.810000,12.333821,376500
2019-10-16,13.800000,13.910000,13.630000,13.690000,12.226648,113300
2019-10-17,13.740000,13.860000,13.450000,13.550000,12.101613,153500
2019-10-18,13.550000,13.620000,13.100000,13.120000,11.717576,288500
2019-10-21,13.200000,13.380000,13.160000,13.180000,11.771162,166300
2019-10-22,13.550000,16.120001,13.500000,15.100000,13.485930,1470100
2019-10-23,15.010000,15.610000,15.000000,15.460000,13.807447,494500
2019-10-24,15.500000,15.520000,15.220000,15.410000,13.762793,120100
2019-10-25,15.240000,15.550000,15.240000,15.430000,13.780655,157000
2019-10-28,15.530000,15.560000,15.100000,15.230000,13.602034,100400
2019-10-29,15.200000,15.240000,14.950000,14.970000,13.369826,114500
2019-10-30,14.790000,14.850000,14.600000,14.730000,13.155478,161000
2019-10-31,14.580000,14.600000,14.150000,14.390000,13.019763,162200
2019-11-01,14.380000,14.620000,14.270000,14.510000,13.128336,171700
2019-11-04,14.630000,14.880000,14.320000,14.690000,13.291197,591100
2019-11-05,14.730000,15.060000,14.630000,14.630000,13.236910,139100
2019-11-06,14.580000,14.750000,14.100000,14.170000,12.820712,145900
2019-11-07,14.280000,14.360000,13.840000,13.930000,12.603565,134900
2019-11-08,13.980000,14.030000,13.770000,14.020000,12.684996,125500
2019-11-11,13.880000,14.170000,13.800000,13.990000,12.657851,226300
2019-11-12,14.000000,14.500000,14.000000,14.130000,12.784520,191200
2019-11-13,14.090000,14.190000,13.980000,14.180000,12.829760,201900
2019-11-14,15.890000,16.639999,15.630000,16.370001,14.811226,1112400
2019-11-15,16.500000,16.740000,15.770000,15.940000,14.422169,653700
2019-11-18,16.049999,16.400000,15.670000,15.740000,14.241214,446000
2019-11-19,15.630000,15.630000,15.280000,15.320000,13.861206,285700
2019-11-20,15.390000,15.480000,14.940000,15.180000,13.734537,406500
2019-11-21,15.190000,15.520000,15.000000,15.260000,13.806922,217700
2019-11-22,15.380000,15.540000,15.170000,15.300000,13.843111,247600
2019-11-25,15.460000,15.750000,15.290000,15.560000,14.078354,259700
2019-11-26,15.570000,15.570000,15.250000,15.250000,13.797873,227100
2019-11-27,15.290000,15.380000,15.120000,15.160000,13.716442,338800
2019-11-29,15.160000,15.440000,15.140000,15.250000,13.797873,187500
2019-12-02,15.240000,15.310000,15.000000,15.150000,13.707395,253300
2019-12-03,15.060000,15.200000,14.860000,15.150000,13.707395,201700
2019-12-04,15.240000,15.240000,14.980000,15.060000,13.625965,218200
2019-12-05,15.080000,15.140000,14.920000,15.070000,13.635013,147000
2019-12-06,14.950000,15.400000,14.950000,15.230000,13.779777,191100
2019-12-09,15.100000,15.470000,15.060000,15.170000,13.725491,264800
2019-12-10,15.170000,15.450000,15.090000,15.430000,13.960732,148800
2019-12-11,15.330000,15.460000,15.190000,15.340000,13.879303,113500
2019-12-12,15.390000,15.580000,15.100000,15.180000,13.734537,184900
2019-12-13,15.150000,15.430000,15.050000,15.200000,13.752634,661800
2019-12-16,15.170000,15.580000,15.130000,15.380000,13.915494,232600
2019-12-17,15.420000,15.680000,15.270000,15.280000,13.825016,179000
2019-12-18,15.280000,15.670000,15.280000,15.500000,14.024068,318900
2019-12-19,15.450000,16.040001,15.450000,16.020000,14.494552,245600
2019-12-20,16.010000,16.070000,15.760000,15.880000,14.367883,157700
2019-12-23,15.880000,16.040001,15.740000,15.880000,14.367883,146800
2019-12-24,15.830000,15.900000,15.500000,15.600000,14.114546,120700
2019-12-26,15.610000,15.850000,15.610000,15.770000,14.268357,83900
2019-12-27,15.760000,15.790000,15.230000,15.370000,13.906446,219400
2019-12-30,15.370000,15.630000,15.250000,15.350000,13.888350,180800
2019-12-31,15.330000,15.570000,15.220000,15.560000,14.078354,257500
2020-01-02,15.610000,15.820000,15.380000,15.520000,14.042163,153500
2020-01-03,15.550000,15.560000,15.270000,15.370000,13.906446,134300
2020-01-06,15.350000,15.440000,15.230000,15.300000,13.843111,153000
2020-01-07,15.300000,15.450000,15.260000,15.260000,13.806922,203200
2020-01-08,15.320000,15.340000,15.090000,15.120000,13.680251,207800
2020-01-09,15.140000,15.400000,15.110000,15.240000,13.788824,201300
2020-01-10,15.250000,15.250000,14.900000,14.990000,13.562629,228400
2020-01-13,14.990000,15.090000,14.620000,14.960000,13.535486,193100
2020-01-14,14.960000,15.310000,14.870000,15.180000,13.734537,297900
2020-01-15,15.170000,15.170000,14.960000,15.120000,13.680251,204500
2020-01-16,15.150000,15.200000,14.940000,14.990000,13.562629,143900
2020-01-17,15.030000,15.030000,14.700000,14.720000,13.318340,386000
2020-01-21,14.880000,15.110000,14.700000,14.780000,13.372625,368100
2020-01-22,14.750000,14.910000,14.580000,14.820000,13.408817,304800
2020-01-23,14.700000,14.790000,14.280000,14.580000,13.191671,328200
2020-01-24,14.500000,14.520000,14.000000,14.000000,12.666900,358200
2020-01-27,13.880000,13.880000,13.550000,13.660000,12.359275,763700
2020-01-28,13.690000,13.740000,13.580000,13.590000,12.295940,402300
2020-01-29,13.640000,13.700000,13.340000,13.340000,12.069745,308900
2020-01-30,13.090000,13.120000,12.940000,13.060000,11.987140,622300
2020-01-31,13.060000,13.060000,12.850000,12.850000,11.794391,447100
2020-02-03,12.840000,13.060000,12.710000,12.980000,11.913711,247600
2020-02-04,13.100000,13.380000,13.060000,13.250000,12.161530,226000
2020-02-05,13.450000,13.650000,13.250000,13.260000,12.170710,262200
2020-02-06,13.250000,13.260000,12.760000,13.050000,11.977961,526100
2020-02-07,12.880000,13.040000,12.720000,12.860000,11.803569,303200
2020-02-10,12.800000,12.880000,12.610000,12.700000,11.656713,331100
2020-02-11,12.800000,13.290000,12.800000,13.010000,11.941246,252500
2020-02-12,13.200000,13.350000,13.000000,13.120000,12.042210,337000
2020-02-13,13.050000,13.250000,13.050000,13.210000,12.124816,175000
2020-02-14,13.250000,13.320000,13.060000,13.140000,12.060568,155400
2020-02-18,13.100000,13.240000,13.060000,13.170000,12.088103,195700
2020-02-19,13.200000,13.200000,12.460000,12.780000,11.730141,968100
2020-02-20,12.700000,12.910000,12.620000,12.790000,11.739319,419800
2020-02-21,12.700000,12.780000,12.520000,12.620000,11.583284,242700
2020-02-24,12.360000,12.400000,11.840000,11.850000,10.876539,446300
2020-02-25,11.900000,12.040000,11.540000,11.680000,10.720505,567600
2020-02-26,11.670000,11.960000,11.370000,11.430000,10.491042,793600
2020-02-27,11.600000,13.630000,11.220000,13.250000,12.161530,1226100
2020-02-28,12.990000,13.080000,12.430000,12.570000,11.537391,527300
2020-03-02,12.640000,12.860000,12.270000,12.780000,11.730141,289200
2020-03-03,12.900000,12.910000,12.380000,12.470000,11.445607,359100
2020-03-04,12.640000,12.930000,12.210000,12.250000,11.243679,308600
2020-03-05,12.030000,12.290000,11.850000,12.040000,11.050931,286600
2020-03-06,11.810000,12.040000,11.680000,11.820000,10.849004,332100
2020-03-09,11.000000,11.330000,10.200000,10.220000,9.380441,748400
2020-03-10,10.720000,11.980000,10.500000,11.720000,10.757218,629700
2020-03-11,11.390000,11.560000,10.710000,10.770000,9.885260,345400
2020-03-12,10.200000,10.250000,8.760000,9.110000,8.361627,1077700
2020-03-13,9.770000,10.000000,9.050000,9.410000,8.636982,694600
2020-03-16,7.800000,9.070000,7.800000,8.270000,7.590631,542000
2020-03-17,8.460000,8.610000,7.180000,8.160000,7.489667,764200
2020-03-18,7.740000,7.900000,7.000000,7.420000,6.810457,862000
2020-03-19,8.340000,8.600000,7.000000,8.010000,7.351990,323400
2020-03-20,7.760000,8.600000,7.700000,7.720000,7.085812,493600
2020-03-23,7.630000,8.290000,7.040000,8.080000,7.416239,558700
2020-03-24,8.840000,9.200000,8.400000,9.200000,8.444232,389500
2020-03-25,9.400000,9.840000,8.800000,8.810000,8.086271,552400
2020-03-26,9.050000,9.760000,8.730000,9.640000,8.848087,567300
2020-03-27,9.610000,9.860000,8.730000,9.290000,8.526839,600300
2020-03-30,9.390000,10.000000,9.010000,9.560000,8.774659,337300
2020-03-31,9.620000,10.060000,9.590000,9.790000,8.985765,264500
2020-04-01,9.400000,9.720000,9.000000,9.120000,8.370805,263300
2020-04-02,9.050000,9.740000,9.000000,9.410000,8.636982,268800
2020-04-03,9.350000,9.600000,8.860000,9.000000,8.260663,383400
2020-04-06,9.450000,9.930000,9.430000,9.860000,9.050014,311700
2020-04-07,10.020000,10.120000,9.140000,9.380000,8.609447,709700
2020-04-08,9.670000,9.690000,9.210000,9.300000,8.536017,517000
2020-04-09,9.550000,9.960000,9.200000,9.900000,9.086727,530500
2020-04-13,9.910000,10.510000,9.900000,10.250000,9.407976,419500
2020-04-14,10.480000,11.000000,10.330000,10.900000,10.004580,369200
2020-04-15,10.650000,10.760000,10.200000,10.510000,9.646618,264500
2020-04-16,10.800000,10.940000,10.600000,10.830000,9.940330,263700
2020-04-17,11.100000,11.440000,10.910000,11.360000,10.426791,375700
2020-04-20,11.250000,11.780000,11.110000,11.690000,10.729682,446500
2020-04-21,11.990000,12.020000,11.410000,11.740000,10.775575,341900
2020-04-22,12.130000,12.130000,11.530000,11.740000,10.775575,219500
2020-04-23,11.860000,12.280000,11.370000,11.530000,10.582826,504600
2020-04-24,11.810000,11.810000,11.360000,11.370000,10.435970,288200
2020-04-27,11.670000,11.700000,11.350000,11.540000,10.592006,463300
2020-04-28,11.850000,12.000000,11.560000,11.880000,10.904075,218700
2020-04-29,12.000000,12.020000,11.620000,12.000000,11.014217,311700
2020-04-30,11.670000,11.980000,11.180000,11.570000,10.845488,226200
2020-05-01,11.410000,11.490000,10.680000,10.810000,10.133080,238900
2020-05-04,10.830000,10.920000,10.420000,10.670000,10.001846,265200
2020-05-05,11.230000,11.330000,10.570000,10.610000,9.945603,191100
2020-05-06,10.570000,10.710000,10.300000,10.400000,9.748753,215900
2020-05-07,10.550000,10.920000,10.510000,10.860000,10.179949,181700
2020-05-08,11.010000,11.230000,10.880000,11.210000,10.508031,178100
2020-05-11,11.250000,11.700000,11.100000,11.560000,10.836115,399300
2020-05-12,11.530000,11.670000,11.350000,11.500000,10.779872,239300
2020-05-13,11.340000,11.460000,10.770000,10.990000,10.301807,268000
2020-05-14,10.820000,11.050000,10.280000,10.980000,10.292434,202900
2020-05-15,10.950000,11.000000,10.600000,10.680000,10.011220,253500
2020-05-18,10.980000,11.530000,10.980000,11.150000,10.451788,300800
2020-05-19,11.250000,11.260000,10.920000,10.920000,10.236191,120600
2020-05-20,11.120000,11.780000,11.030000,11.500000,10.779872,291900
2020-05-21,11.100000,11.730000,10.760000,11.530000,10.807992,377700
2020-05-22,11.700000,11.750000,11.190000,11.750000,11.014215,265900
2020-05-26,11.910000,11.930000,11.480000,11.560000,10.836115,321300
2020-05-27,11.660000,11.940000,11.420000,11.530000,10.807992,148600
2020-05-28,11.690000,11.690000,11.210000,11.350000,10.639265,189000
2020-05-29,11.190000,11.190000,10.900000,11.160000,10.461163,202700
2020-06-01,11.110000,11.340000,10.950000,10.950000,10.264312,111800
2020-06-02,10.850000,11.350000,10.830000,11.290000,10.583021,255800
2020-06-03,11.400000,11.820000,11.400000,11.590000,10.864236,221700
2020-06-04,11.220000,11.520000,11.220000,11.390000,10.676760,178800
2020-06-05,11.660000,12.150000,11.660000,12.130000,11.370421,271900
2020-06-08,12.270000,13.060000,12.020000,13.010000,12.195315,498800
2020-06-09,12.680000,13.000000,12.360000,12.940000,12.129699,343700
2020-06-10,12.780000,12.790000,12.400000,12.670000,11.876606,246300
2020-06-11,12.100000,12.490000,11.700000,11.800000,11.061086,597500
2020-06-12,12.290000,12.290000,11.190000,11.770000,11.032965,321700
2020-06-15,11.610000,12.790000,11.110000,12.550000,11.764120,482500
2020-06-16,12.930000,13.000000,12.390000,12.920000,12.110951,300100
2020-06-17,13.050000,13.050000,12.640000,12.650000,11.857858,328600
2020-06-18,12.460000,13.040000,12.460000,13.000000,12.185942,357000
2020-06-19,13.090000,13.530000,12.270000,12.810000,12.007839,1370500
2020-06-22,12.800000,12.880000,12.510000,12.560000,11.773495,596000
2020-06-23,12.690000,12.690000,11.600000,11.770000,11.032965,291500
2020-06-24,11.630000,11.650000,10.860000,11.260000,10.554900,371400
2020-06-25,11.260000,11.380000,10.890000,11.320000,10.611143,254000
2020-06-26,11.340000,11.340000,10.780000,11.070000,10.376797,241600
2020-06-29,11.110000,11.830000,11.100000,11.590000,10.864236,292500
2020-06-30,11.660000,11.700000,11.030000,11.660000,10.929852,272400
2020-07-01,11.690000,11.860000,11.420000,11.500000,10.779872,108900
2020-07-02,11.770000,11.770000,11.160000,11.280000,10.573647,162100
2020-07-06,11.380000,11.520000,11.080000,11.350000,10.639265,140500
2020-07-07,11.280000,11.400000,11.190000,11.320000,10.611143,122200
2020-07-08,11.300000,11.490000,11.220000,11.400000,10.686133,100800
2020-07-09,11.300000,11.430000,10.900000,11.000000,10.311182,159000
2020-07-10,11.010000,11.250000,11.010000,11.250000,10.545527,165600
2020-07-13,11.410000,11.470000,10.420000,10.420000,9.767501,670300
2020-07-14,10.400000,10.860000,10.350000,10.790000,10.114331,147100
2020-07-15,11.000000,11.300000,10.820000,11.160000,10.461163,134400
2020-07-16,11.110000,11.230000,10.860000,11.090000,10.395546,125200
2020-07-17,11.050000,11.210000,11.050000,11.170000,10.470535,152300
2020-07-20,11.170000,11.400000,11.170000,11.230000,10.526778,174200
2020-07-21,11.350000,11.440000,11.160000,11.260000,10.554900,249900
2020-07-22,11.250000,11.250000,11.100000,11.140000,10.442415,96400
2020-07-23,11.110000,11.340000,11.000000,11.320000,10.611143,189800
2020-07-24,11.180000,11.410000,11.180000,11.340000,10.629891,95800
2020-07-27,11.320000,11.440000,11.190000,11.360000,10.648638,121600
2020-07-28,11.460000,11.460000,11.170000,11.200000,10.498658,135200
2020-07-29,11.320000,11.530000,11.120000,11.460000,10.742376,145700
2020-07-30,11.170000,11.170000,10.940000,10.990000,10.531553,120800
2020-07-31,10.920000,11.000000,10.800000,10.880000,10.426143,175700
2020-08-03,10.860000,10.980000,10.650000,10.920000,10.464474,101100
2020-08-04,10.980000,11.050000,10.880000,11.020000,10.560303,83000
2020-08-05,11.050000,11.450000,11.020000,11.300000,10.828622,171400
2020-08-06,11.200000,11.440000,11.200000,11.430000,10.953199,116600
2020-08-07,11.500000,11.690000,11.230000,11.680000,11.192771,96700
2020-08-10,11.610000,11.900000,11.600000,11.890000,11.394011,141200
2020-08-11,11.990000,12.000000,11.550000,11.640000,11.154439,127500
2020-08-12,11.810000,12.140000,11.650000,11.920000,11.422759,188000
2020-08-13,12.450000,12.700000,11.940000,12.500000,11.978564,359300
2020-08-14,12.630000,13.000000,12.210000,12.890000,12.352295,335800
2020-08-17,12.940000,12.940000,12.440000,12.650000,12.122306,243600
2020-08-18,12.580000,12.590000,12.240000,12.260000,11.748576,329000
2020-08-19,12.220000,12.240000,11.920000,11.990000,11.489838,221300
2020-08-20,11.920000,12.040000,11.760000,11.830000,11.336513,175300
2020-08-21,11.810000,11.830000,11.450000,11.500000,11.020279,240400
2020-08-24,11.750000,11.970000,11.610000,11.750000,11.259850,211200
2020-08-25,11.750000,11.890000,11.630000,11.760000,11.269433,264400
2020-08-26,11.780000,11.840000,11.550000,11.610000,11.125690,217100
2020-08-27,11.700000,11.700000,11.200000,11.310000,10.838205,206700
2020-08-28,11.290000,11.440000,11.160000,11.340000,10.866954,273600
2020-08-31,11.360000,11.440000,10.920000,11.070000,10.608215,461900
2020-09-01,11.090000,11.360000,10.930000,11.080000,10.617800,240600
2020-09-02,11.090000,11.090000,10.810000,10.970000,10.512388,196100
2020-09-03,10.860000,11.160000,10.840000,10.880000,10.426143,312600
2020-09-04,10.960000,11.010000,10.670000,10.950000,10.493221,297700
2020-09-08,10.940000,10.940000,10.730000,10.770000,10.320731,195600
2020-09-09,10.810000,11.050000,10.710000,10.880000,10.426143,219500
2020-09-10,10.900000,10.970000,10.800000,10.800000,10.349480,143300
2020-09-11,10.840000,11.190000,10.760000,10.840000,10.387811,181800
2020-09-14,10.950000,11.130000,10.810000,10.950000,10.493221,201200
2020-09-15,11.080000,11.080000,10.730000,10.820000,10.368645,201100
2020-09-16,11.150000,11.510000,10.920000,11.100000,10.636966,413100
2020-09-17,11.000000,11.150000,10.880000,11.000000,10.541137,281300
2020-09-18,11.090000,11.120000,10.810000,10.940000,10.483639,618600
2020-09-21,10.750000,10.920000,10.560000,10.900000,10.445308,242500
2020-09-22,10.900000,10.980000,10.450000,10.570000,10.129073,285100
2020-09-23,10.500000,10.700000,10.330000,10.360000,9.927833,247400
2020-09-24,10.340000,10.710000,10.060000,10.440000,10.004496,302400
2020-09-25,10.310000,10.550000,10.230000,10.340000,9.908668,178400
2020-09-28,10.500000,10.560000,10.270000,10.350000,9.918251,256600
2020-09-29,10.430000,10.450000,10.300000,10.380000,9.947000,353700
2020-09-30,10.350000,10.670000,10.350000,10.500000,10.061994,279300
2020-10-01,10.400000,10.590000,10.260000,10.390000,9.956583,175900
2020-10-02,10.290000,10.570000,10.270000,10.560000,10.119491,114900
2020-10-05,10.550000,10.770000,10.520000,10.670000,10.224902,140000
2020-10-06,10.670000,10.830000,10.440000,10.580000,10.138656,163700
2020-10-07,10.600000,10.710000,10.350000,10.500000,10.061994,219300
2020-10-08,10.560000,11.040000,10.510000,11.040000,10.579468,264900
2020-10-09,11.120000,11.190000,10.800000,10.860000,10.406977,147300
2020-10-12,10.980000,10.980000,10.560000,10.880000,10.426143,205200
2020-10-13,10.830000,10.950000,10.610000,10.670000,10.224902,77400
2020-10-14,10.670000,10.990000,10.620000,10.650000,10.205736,128800
2020-10-15,10.570000,10.670000,10.420000,10.590000,10.148239,100000
2020-10-16,10.620000,10.870000,10.530000,10.850000,10.397394,170900
2020-10-19,10.870000,11.020000,10.450000,10.530000,10.090742,339300
2020-10-20,10.680000,10.840000,10.450000,10.730000,10.282399,132500
2020-10-21,10.790000,10.800000,10.510000,10.600000,10.157822,78500
2020-10-22,10.680000,10.870000,10.600000,10.850000,10.397394,124600
2020-10-23,10.960000,11.300000,10.830000,11.290000,10.819038,250500
2020-10-26,11.300000,11.410000,10.990000,11.150000,10.684878,222800
2020-10-27,11.150000,11.150000,10.730000,10.890000,10.435725,196700
2020-10-28,10.610000,10.730000,10.460000,10.530000,10.090742,216400
2020-10-29,10.440000,10.840000,10.120000,10.660000,10.215320,330800
2020-10-30,10.290000,10.480000,10.290000,10.410000,10.215320,143200
2020-11-02,10.500000,10.770000,10.460000,10.500000,10.303637,137500
2020-11-03,10.650000,10.760000,10.360000,10.440000,10.244758,218700
2020-11-04,10.510000,10.540000,10.330000,10.460000,10.264384,165900
2020-11-05,10.530000,10.810000,10.530000,10.780000,10.578400,150300
2020-11-06,10.780000,10.960000,10.540000,10.700000,10.499896,159200
2020-11-09,11.050000,11.610000,10.780000,11.300000,11.088675,389400
2020-11-10,11.360000,11.640000,11.270000,11.390000,11.176992,334100
2020-11-11,11.530000,12.250000,11.340000,12.060000,11.834462,1328100
2020-11-12,12.140000,12.150000,11.320000,11.830000,11.608764,504000
2020-11-13,11.900000,11.900000,11.700000,11.810000,11.589138,217700
2020-11-16,11.960000,12.060000,11.790000,11.890000,11.667642,269600
2020-11-17,11.840000,12.130000,11.760000,12.120000,11.893340,252900
2020-11-18,12.180000,12.290000,11.770000,11.810000,11.589138,312900
2020-11-19,11.800000,12.020000,11.720000,11.970000,11.746145,237400
2020-11-20,11.950000,12.210000,11.910000,12.150000,11.922779,321700
2020-11-23,12.290000,12.570000,12.290000,12.420000,12.187730,449500
2020-11-24,12.630000,12.720000,12.390000,12.510000,12.276047,307100
2020-11-25,12.500000,12.500000,12.070000,12.410000,12.177917,255400
2020-11-27,12.360000,12.390000,12.160000,12.270000,12.040535,119000
2020-11-30,12.200000,12.220000,11.810000,11.850000,11.628389,243300
2020-12-01,12.020000,12.050000,11.710000,11.850000,11.628389,175200
2020-12-02,11.850000,12.150000,11.850000,11.990000,11.765771,136400
2020-12-03,12.010000,12.090000,11.880000,11.960000,11.736332,168500
2020-12-04,12.010000,12.470000,12.000000,12.380000,12.148478,475400
2020-12-07,12.400000,12.450000,12.060000,12.300000,12.069974,125000
2020-12-08,12.280000,12.610000,12.250000,12.380000,12.148478,293800
2020-12-09,12.390000,12.460000,12.080000,12.160000,11.932591,210000
2020-12-10,12.150000,12.500000,12.100000,12.480000,12.246607,267000
2020-12-11,12.490000,12.540000,12.140000,12.340000,12.109226,118400
2020-12-14,12.400000,12.530000,12.000000,12.120000,11.893340,283500
2020-12-15,12.170000,12.270000,12.000000,12.120000,11.893340,285100
2020-12-16,12.130000,12.130000,11.700000,11.700000,11.481194,350300
2020-12-17,11.800000,12.000000,11.630000,11.820000,11.598950,448700
2020-12-18,11.930000,11.960000,11.620000,11.770000,11.549886,1238600
2020-12-21,11.600000,11.650000,11.350000,11.590000,11.373252,276000
2020-12-22,11.590000,11.590000,11.010000,11.190000,10.980732,435600
2020-12-23,11.250000,11.400000,11.110000,11.170000,10.961106,609000
2020-12-24,11.250000,11.290000,11.110000,11.230000,11.019984,206500
2020-12-28,11.260000,11.280000,11.140000,11.160000,10.951293,259100
2020-12-29,11.200000,11.230000,10.970000,11.090000,10.882603,377800
2020-12-30,11.080000,11.280000,11.010000,11.130000,10.921854,675400
2020-12-31,11.100000,11.520000,11.080000,11.460000,11.245683,197000
2021-01-04,11.520000,11.840000,11.420000,11.730000,11.510633,269000
2021-01-05,11.810000,12.230000,11.810000,12.060000,11.834462,228500
2021-01-06,12.160000,12.410000,12.030000,12.240000,12.011096,369800
2021-01-07,12.350000,12.470000,12.150000,12.400000,12.168103,302300
2021-01-08,12.500000,12.740000,12.250000,12.450000,12.217169,334300
2021-01-11,12.400000,12.530000,12.310000,12.430000,12.197543,217800
2021-01-12,12.430000,13.030000,12.430000,12.970000,12.727445,699000
2021-01-13,13.140000,13.400000,12.890000,13.140000,12.894265,633000
2021-01-14,13.160000,13.660000,13.160000,13.480000,13.227906,393100
2021-01-15,13.480000,13.560000,13.060000,13.420000,13.169028,245200
2021-01-19,13.500000,13.850000,13.320000,13.460000,13.208281,368100
2021-01-20,13.560000,13.700000,13.160000,13.300000,13.051272,240500
2021-01-21,13.350000,13.370000,12.810000,12.820000,12.580249,209400
2021-01-22,12.760000,12.920000,12.650000,12.870000,12.629314,113600
2021-01-25,12.760000,12.850000,12.370000,12.700000,12.462493,191500
2021-01-26,12.660000,12.910000,12.560000,12.610000,12.374176,159700
2021-01-27,12.500000,12.720000,12.100000,12.500000,12.266233,787400
2021-01-28,12.500000,12.760000,12.500000,12.600000,12.364364,140200
2021-01-29,12.790000,12.810000,12.360000,12.390000,12.158291,210200
2021-02-01,12.170000,12.400000,12.130000,12.330000,12.099413,130800
2021-02-02,12.480000,12.520000,12.260000,12.490000,12.256420,156000
2021-02-03,12.550000,12.750000,12.410000,12.630000,12.393803,152500
2021-02-04,12.540000,12.620000,12.350000,12.530000,12.295672,139100
2021-02-05,12.500000,12.700000,12.350000,12.680000,12.442867,139800
2021-02-08,12.800000,12.880000,12.560000,12.750000,12.511559,148100
2021-02-09,12.690000,12.750000,12.560000,12.670000,12.433054,108500
2021-02-10,12.580000,12.730000,12.540000,12.650000,12.413428,134300
2021-02-11,12.630000,12.820000,12.480000,12.710000,12.472306,124300
2021-02-12,12.700000,13.180000,12.590000,13.040000,12.796135,193100
2021-02-16,13.130000,13.600000,13.080000,13.400000,13.149402,307200
2021-02-17,13.470000,13.470000,13.100000,13.320000,13.070898,151200
2021-02-18,13.370000,13.370000,12.890000,13.220000,12.972769,177000
2021-02-19,13.280000,13.570000,13.180000,13.360000,13.110150,124700
2021-02-22,13.420000,13.800000,13.390000,13.510000,13.257345,204600
2021-02-23,13.440000,13.800000,13.170000,13.320000,13.070898,271400
2021-02-24,13.350000,13.800000,13.320000,13.750000,13.492857,192900
2021-02-25,13.880000,14.300000,13.500000,13.510000,13.257345,519700
2021-02-26,13.390000,13.930000,13.310000,13.510000,13.257345,253100
2021-03-01,13.890000,14.120000,13.700000,13.980000,13.718555,294700
2021-03-02,13.950000,13.960000,13.670000,13.910000,13.649864,140000
2021-03-03,13.880000,14.200000,13.880000,13.980000,13.718555,197000
2021-03-04,13.970000,14.150000,13.730000,13.920000,13.659678,222400
2021-03-05,14.040000,14.200000,13.560000,13.910000,13.649864,142500
2021-03-08,13.910000,14.150000,13.890000,13.990000,13.728369,172100
2021-03-09,14.060000,14.120000,13.920000,14.040000,13.777433,185100
2021-03-10,14.100000,14.520000,13.990000,14.430000,14.160140,173400
2021-03-11,14.520000,14.540000,14.300000,14.400000,14.130701,124800
2021-03-12,14.360000,14.590000,14.270000,14.550000,14.277896,226600
2021-03-15,14.520000,15.020000,14.400000,15.010000,14.729294,309900
2021-03-16,14.970000,14.980000,14.680000,14.830000,14.552659,188900
2021-03-17,14.790000,15.020000,14.720000,14.990000,14.709667,295300
2021-03-18,15.000000,15.000000,14.620000,14.720000,14.444716,218100
2021-03-19,14.680000,15.010000,14.630000,14.860000,14.582098,244300
2021-03-22,14.860000,14.980000,14.620000,14.970000,14.690042,225500
2021-03-23,14.950000,14.980000,14.590000,14.700000,14.425091,264800
2021-03-24,14.800000,15.030000,14.530000,14.700000,14.425091,132000
2021-03-25,14.570000,14.870000,14.410000,14.820000,14.542847,128700
2021-03-26,15.000000,15.220000,14.760000,15.220000,14.935367,214200
2021-03-29,15.250000,15.250000,14.770000,14.970000,14.690042,188300
2021-03-30,14.960000,14.970000,14.660000,14.770000,14.493782,316700
2021-03-31,14.890000,14.920000,14.310000,14.390000,14.120889,233300
2021-04-01,14.400000,14.720000,14.120000,14.450000,14.179766,207700
2021-04-05,14.610000,14.610000,14.040000,14.130000,13.865750,189300
2021-04-06,14.190000,14.570000,14.190000,14.460000,14.189579,178400
2021-04-07,14.500000,14.830000,14.440000,14.720000,14.444716,176300
2021-04-08,14.660000,14.780000,14.560000,14.760000,14.483969,132800
2021-04-09,14.660000,14.810000,14.600000,14.670000,14.395652,188800
2021-04-12,14.480000,14.590000,14.350000,14.540000,14.268083,135900
2021-04-13,14.500000,14.510000,14.270000,14.450000,14.179766,116300
2021-04-14,14.500000,14.770000,14.480000,14.650000,14.376025,81300
2021-04-15,14.680000,14.720000,14.340000,14.490000,14.219018,86800
2021-04-16,14.550000,14.690000,14.520000,14.520000,14.248457,85400
2021-04-19,14.530000,14.950000,14.530000,14.930000,14.650789,133500
2021-04-20,14.790000,14.790000,14.280000,14.640000,14.366213,264400
2021-04-21,14.610000,14.930000,14.610000,14.880000,14.601725,131200
2021-04-22,14.980000,15.060000,14.750000,14.800000,14.523221,232100
2021-04-23,14.850000,15.030000,14.750000,14.970000,14.690042,222200
2021-04-26,15.000000,15.050000,14.780000,15.000000,14.719481,196500
2021-04-27,14.950000,15.150000,14.870000,15.000000,14.719481,171100
2021-04-28,15.060000,15.420000,15.050000,15.350000,15.062935,203400
2021-04-29,15.450000,15.510000,15.260000,15.380000,15.092374,134200
2021-04-30,15.410000,15.480000,14.860000,14.900000,14.621350,207500
2021-05-03,15.070000,15.450000,15.060000,15.400000,15.112000,272500
2021-05-04,14.960000,15.230000,14.900000,15.030000,15.030000,180200
2021-05-05,15.130000,15.170000,15.030000,15.060000,15.060000,59100
2021-05-06,15.060000,15.100000,14.760000,15.060000,15.060000,93800
2021-05-07,15.100000,15.260000,14.980000,15.200000,15.200000,86600
2021-05-10,15.200000,15.400000,15.160000,15.200000,15.200000,143000
2021-05-11,15.040000,15.170000,14.880000,15.070000,15.070000,87400
2021-05-12,15.060000,15.140000,14.610000,14.750000,14.750000,193300
2021-05-13,14.800000,15.000000,14.560000,14.870000,14.870000,204100
2021-05-14,15.140000,15.300000,14.950000,15.230000,15.230000,167000
2021-05-17,15.070000,15.480000,15.040000,15.400000,15.400000,214600
2021-05-18,15.270000,15.500000,15.220000,15.290000,15.290000,115500
2021-05-19,15.140000,15.460000,14.940000,15.390000,15.390000,135300
2021-05-20,15.350000,15.420000,15.060000,15.170000,15.170000,161500
2021-05-21,15.220000,15.490000,15.180000,15.430000,15.430000,145900
2021-05-24,15.440000,15.540000,15.280000,15.460000,15.460000,124500
2021-05-25,15.530000,15.560000,15.180000,15.230000,15.230000,120500
2021-05-26,15.220000,15.410000,15.200000,15.330000,15.330000,112500
2021-05-27,15.260000,15.460000,15.260000,15.340000,15.340000,120800
2021-05-28,15.330000,15.580000,15.330000,15.560000,15.560000,117400